0.000000	10	10	10	10	10	10	0	0	0	0	0	0	0	0	0	0	0	0	0	0	
0.000000	11	10	10	10	10	10	0	0	0	0	0	0	0	0	0	0	0	0	0	0	
10.000000	38	10	10	11	43	10	26	26	34	14	7	5	0	0	0	0	4	0	0	83	
20.000000	71	10	10	10	81	10	41	42	59	21	8	20	0	0	1	5	9	0	0	138	
30.000000	112	9	10	16	111	9	45	58	75	22	9	35	0	0	3	30	13	5	0	195	
40.000000	119	8	9	20	136	13	49	70	84	24	9	65	0	0	3	61	15	27	0	244	
50.000000	108	8	6	28	164	14	48	74	95	22	16	86	0	0	2	96	18	52	0	294	
60.000000	99	7	5	34	186	16	48	76	102	23	19	101	0	0	2	149	18	76	0	333	
70.000000	89	6	3	41	208	28	55	70	107	20	16	123	0	0	1	201	17	106	0	364	
80.000000	81	6	3	45	231	31	51	63	115	21	16	138	0	0	1	262	16	128	0	401	
90.000000	73	6	3	46	244	28	56	59	119	15	15	149	0	0	1	307	17	154	0	447	
100.000000	67	7	3	43	244	31	58	55	126	14	15	171	0	0	1	346	16	185	0	476	
110.000000	61	7	3	44	249	32	57	50	139	13	14	179	0	0	3	403	14	201	0	503	
120.000000	55	6	3	45	251	30	58	48	151	13	14	196	0	0	3	448	13	229	0	539	
130.000000	48	6	3	45	245	30	51	42	161	11	13	191	0	0	4	485	10	251	0	575	
140.000000	47	5	3	45	243	29	55	41	169	12	12	192	0	0	4	512	10	266	0	615	
150.000000	42	4	3	42	231	31	56	38	179	12	12	199	0	0	3	556	8	303	0	629	
160.000000	38	4	2	43	225	26	58	37	185	12	10	191	0	0	4	579	8	327	0	654	
170.000000	36	4	2	39	221	25	60	33	180	12	10	194	0	0	2	598	6	341	0	674	
180.000000	33	4	2	37	212	23	56	34	174	13	10	190	0	0	0	608	6	362	0	681	
190.000000	30	4	2	36	206	23	53	32	168	12	9	183	0	9	0	640	6	381	0	699	
200.000000	25	3	2	34	195	22	49	31	161	10	8	166	0	13	0	667	6	395	0	713	
210.000000	24	2	2	32	174	18	43	25	150	10	8	153	0	16	0	700	5	390	0	721	
220.000000	24	2	2	30	167	16	40	21	146	10	8	147	0	16	0	698	5	392	0	731	
230.000000	22	0	2	27	159	15	38	19	136	9	8	135	0	15	0	718	5	392	0	761	
240.000000	20	0	1	27	152	13	32	17	123	8	8	118	0	14	0	742	5	376	0	791	
250.000000	18	0	1	27	141	12	32	16	114	8	6	107	0	14	0	748	5	372	0	779	
260.000000	17	0	1	24	132	12	31	16	111	8	5	101	0	17	0	739	5	362	0	798	
270.000000	15	0	0	23	120	13	33	15	116	8	4	94	0	23	1	748	7	351	0	809	
280.000000	14	0	0	18	120	12	34	13	116	8	4	90	0	20	11	754	6	338	0	806	
290.000000	14	0	0	17	128	11	41	13	131	7	4	87	0	21	24	761	6	322	0	813	
300.000000	12	0	1	18	144	12	43	12	155	7	4	87	0	24	27	784	6	309	0	827	
310.000000	12	0	1	19	149	11	52	12	173	5	3	90	0	30	26	795	4	302	0	853	
320.000000	10	0	1	20	165	11	61	12	203	5	3	106	0	33	25	799	4	316	0	854	
330.000000	9	0	1	19	194	10	68	11	224	5	3	118	0	39	23	801	3	340	0	857	
340.000000	7	0	1	17	209	10	70	12	246	3	3	138	0	45	24	791	2	360	0	873	
350.000000	6	0	1	15	228	9	77	11	269	3	3	161	0	49	21	774	2	383	0	884	
360.000000	5	0	1	12	250	7	81	9	297	2	3	194	0	49	19	802	1	408	0	890	
370.000000	4	0	1	11	291	7	89	8	335	2	2	203	0	53	18	821	1	438	0	909	
380.000000	4	0	1	10	317	6	96	7	380	2	2	220	0	54	17	816	1	463	0	907	
390.000000	4	0	1	8	344	3	102	7	406	3	1	251	0	57	16	829	1	490	0	912	
400.000000	4	0	1	8	358	2	105	7	425	3	0	277	0	61	15	852	1	515	0	924	
410.000000	4	0	1	9	380	2	105	7	444	2	0	296	0	59	12	843	0	528	0	961	
420.000000	4	0	1	9	389	2	99	6	441	2	1	307	0	56	11	871	0	546	0	963	
430.000000	3	0	1	8	403	2	96	6	453	2	0	311	0	57	9	878	0	572	0	965	
440.000000	1	0	0	6	398	2	94	6	446	2	0	321	0	54	13	888	0	582	0	970	
450.000000	1	0	1	5	383	2	96	5	444	2	0	318	0	54	19	884	0	592	0	982	
460.000000	1	0	1	5	384	2	95	5	421	2	0	307	0	48	19	911	0	603	0	977	
470.000000	1	0	1	5	369	2	84	5	420	2	0	296	0	45	18	892	0	609	0	974	
480.000000	1	0	1	4	356	2	80	4	408	2	0	288	0	44	14	888	0	619	0	980	
490.000000	1	0	1	4	344	2	70	3	383	2	0	275	0	42	13	893	0	628	0	978	
500.000000	1	0	1	4	315	2	68	3	361	2	0	254	0	42	13	892	0	632	0	989	
510.000000	0	0	1	4	287	2	64	3	336	2	0	234	0	41	11	883	0	633	0	973	
520.000000	0	0	1	3	264	2	57	3	312	2	0	217	0	38	11	897	0	620	0	973	
530.000000	0	0	1	3	246	2	54	3	282	2	0	207	0	33	10	895	0	612	0	982	
540.000000	0	0	1	3	235	2	50	2	253	2	0	192	0	30	10	879	0	607	0	988	
550.000000	0	0	1	3	215	2	47	2	237	2	0	175	0	30	8	874	0	586	0	986	
560.000000	0	0	1	3	209	1	48	2	219	1	0	161	0	25	8	896	0	563	0	1003	
570.000000	0	0	1	3	204	1	50	2	208	1	0	152	0	22	7	916	0	554	0	981	
580.000000	0	0	1	3	208	1	52	2	197	1	0	148	0	18	7	893	0	544	0	985	
590.000000	0	0	1	3	203	1	55	2	197	1	0	144	0	16	7	906	0	526	0	973	
600.000000	0	0	1	3	206	1	66	2	202	1	0	143	0	16	6	918	0	513	0	1006	
610.000000	0	0	1	3	219	1	70	2	209	1	0	140	0	15	6	902	0	525	0	1001	
620.000000	0	0	1	26	233	1	74	2	224	0	0	162	0	15	5	905	0	517	0	991	
630.000000	0	0	1	69	231	1	70	2	255	0	2	176	0	14	5	911	0	534	0	1019	
640.000000	0	0	1	101	224	1	71	2	280	1	3	181	0	13	14	871	0	528	0	1018	
650.000000	0	0	1	89	215	1	64	2	302	1	3	196	0	14	12	890	1	528	0	989	
660.000000	0	0	1	73	217	1	60	2	335	1	3	206	0	13	11	888	1	522	0	996	
670.000000	0	0	1	65	217	1	59	2	369	1	3	218	0	14	10	877	0	528	0	1003	
680.000000	0	0	1	55	224	1	61	2	409	1	3	230	0	15	10	889	0	525	0	1007	
690.000000	0	0	1	50	240	1	72	2	436	1	3	244	0	13	8	896	0	544	0	1014	
700.000000	0	0	1	47	258	1	70	2	448	1	2	262	0	13	6	896	0	571	0	1002	
710.000000	0	0	1	41	261	1	77	2	462	1	2	276	0	12	5	882	0	563	0	990	
720.000000	0	0	1	38	275	1	76	0	473	1	2	284	0	10	5	901	0	579	0	987	
730.000000	0	0	1	37	282	1	78	0	479	1	3	280	0	10	5	902	0	609	0	990	
740.000000	0	0	1	33	277	1	79	0	469	1	4	286	0	9	5	901	0	630	0	1003	
750.000000	0	0	1	32	289	2	75	0	462	1	2	286	0	10	9	906	0	628	0	989	
760.000000	0	0	1	31	291	2	79	0	450	1	2	293	0	9	9	898	0	622	0	996	
770.000000	0	0	1	30	284	2	73	0	418	1	1	274	0	9	8	909	0	616	0	992	
780.000000	0	0	1	28	266	2	69	0	403	1	0	259	0	8	7	904	0	628	0	995	
790.000000	0	0	1	27	251	2	69	0	376	1	0	246	0	7	4	923	0	631	0	979	
800.000000	0	1	1	26	236	2	63	0	353	1	0	229	0	7	4	930	0	634	0	988	
810.000000	0	1	1	23	220	2	59	0	327	1	0	214	0	7	3	915	0	628	0	991	
820.000000	0	1	1	22	203	2	58	0	303	1	0	209	0	7	3	931	0	635	0	994	
830.000000	0	1	0	20	183	2	52	0	282	1	0	195	0	6	2	937	0	621	0	998	
840.000000	0	1	0	21	166	2	45	0	259	0	0	179	0	6	2	944	0	612	0	977	
850.000000	0	1	0	22	150	2	41	0	244	0	0	166	0	6	3	940	0	604	0	968	
860.000000	0	0	1	26	140	2	41	0	237	0	0	162	0	5	6	934	0	572	0	966	
870.000000	0	0	1	31	139	1	41	0	220	0	0	151	0	5	6	922	0	543	0	963	
880.000000	0	0	1	38	134	1	42	0	216	0	0	146	0	6	6	925	0	528	0	979	
890.000000	0	0	1	56	123	1	43	0	219	0	0	155	0	5	6	919	0	516	0	984	
900.000000	0	0	1	72	121	1	48	0	221	0	1	150	0	4	5	918	0	501	0	995	
910.000000	0	0	1	96	126	1	50	0	232	0	2	149	0	4	5	913	0	511	0	1006	
920.000000	0	0	1	124	124	1	47	0	241	1	2	151	0	4	5	921	0	499	0	1027	
930.000000	0	0	1	115	118	1	51	0	250	1	2	158	0	3	4	906	0	492	0	1020	
940.000000	0	0	1	98	121	1	50	0	272	2	1	163	0	2	3	924	0	479	0	1045	
950.000000	0	0	1	89	127	1	48	0	301	1	1	171	0	1	3	923	0	475	0	1054	
960.000000	0	0	1	81	133	1	56	0	318	1	0	177	0	1	3	905	0	490	0	1050	
970.000000	0	0	1	78	140	1	62	0	340	1	0	196	0	1	3	908	0	498	0	1044	
980.000000	0	0	1	70	157	1	66	0	364	1	2	206	0	1	3	902	0	491	0	1040	
990.000000	0	1	1	65	160	1	65	0	382	1	2	226	0	1	3	897	0	492	0	1028	
1000.000000	0	1	1	59	168	1	76	0	400	2	2	243	0	1	3	906	0	505	0	1044	
1010.000000	0	1	1	58	175	1	72	0	411	2	1	264	0	1	3	875	0	510	0	1027	
1020.000000	0	1	1	53	191	1	78	0	430	2	1	275	0	1	3	894	1	519	0	1033	
1030.000000	0	1	1	51	197	1	73	0	427	2	1	283	0	1	3	922	1	538	0	1031	
1040.000000	0	0	1	46	218	1	73	0	431	3	1	260	0	1	2	949	0	547	0	1055	
1050.000000	0	0	1	40	214	1	70	0	427	3	1	262	0	1	2	958	0	556	0	1034	
1060.000000	0	0	1	38	210	1	76	0	412	3	1	253	0	1	2	938	0	567	0	1039	
1070.000000	0	0	1	37	207	1	73	0	396	4	2	235	0	1	2	928	0	575	0	1030	
1080.000000	0	0	1	34	196	1	68	0	375	4	2	230	0	3	0	923	0	572	0	1017	
1090.000000	0	0	1	31	178	1	65	0	344	4	3	221	0	9	0	924	0	568	0	1022	
1100.000000	0	0	1	29	162	1	62	0	315	4	3	199	0	15	0	909	0	584	0	1029	
1110.000000	0	0	0	28	151	1	59	0	296	4	3	188	0	15	0	929	0	579	0	1027	
1120.000000	0	0	0	25	139	1	53	0	267	4	3	168	0	15	1	937	0	578	0	1027	
1130.000000	0	0	0	22	123	1	51	0	247	3	3	154	0	12	1	939	0	579	0	1033	
1140.000000	0	0	0	20	112	1	46	0	227	3	3	143	0	11	3	938	0	568	0	1027	
1150.000000	0	0	0	18	106	1	42	0	213	3	3	135	0	11	4	939	0	550	0	1032	
1160.000000	0	0	0	16	107	1	40	0	188	3	2	139	0	9	8	917	0	520	0	1024	
1170.000000	0	0	0	15	101	1	44	0	179	3	3	133	0	8	12	923	0	512	0	1032	
1180.000000	0	0	1	12	108	1	50	0	175	3	3	130	0	9	20	903	0	502	0	1013	
1190.000000	0	0	1	12	113	1	55	0	188	2	3	129	0	10	18	899	0	512	0	1028	
1200.000000	0	0	1	12	119	1	58	0	194	2	3	127	0	13	18	889	0	506	0	1037	
1210.000000	0	0	1	12	144	1	67	0	212	2	2	140	0	16	18	891	0	518	0	1009	
1220.000000	0	0	1	11	158	1	73	0	231	3	3	148	0	20	14	903	0	519	0	1004	
1230.000000	0	1	1	11	185	2	79	0	252	3	3	171	0	26	12	892	0	536	0	991	
1240.000000	0	1	1	11	208	2	85	0	271	3	3	196	0	22	12	895	0	533	0	1007	
1250.000000	0	1	1	10	237	3	96	0	315	3	4	228	0	26	11	883	0	537	0	1009	
1260.000000	0	1	1	9	287	3	97	0	343	3	4	260	0	25	10	872	0	569	0	999	
1270.000000	0	2	1	9	301	4	95	0	362	3	4	291	0	24	10	874	0	579	0	1028	
1280.000000	0	2	1	9	325	3	99	0	382	2	4	312	0	23	10	880	0	590	0	1016	
1290.000000	0	2	1	9	371	4	105	0	412	2	4	335	0	23	11	871	0	601	0	1003	
1300.000000	0	2	1	9	401	4	110	0	422	2	5	349	0	24	10	892	0	608	0	1003	
1310.000000	0	2	1	7	426	4	109	0	420	2	4	348	0	27	10	906	0	619	0	978	
1320.000000	0	2	1	7	422	4	107	0	424	2	4	368	0	29	8	916	0	639	0	978	
1330.000000	0	3	1	6	432	4	106	0	429	2	4	368	0	25	7	931	0	637	0	997	
1340.000000	0	3	1	6	422	4	100	0	425	3	4	364	0	25	6	954	0	659	0	1006	
1350.000000	0	3	1	4	412	3	98	0	431	3	4	352	0	25	5	975	0	682	0	1000	
1360.000000	0	3	1	2	403	3	94	0	412	1	4	339	0	22	4	986	0	678	0	992	
1370.000000	0	3	1	2	395	3	85	0	389	1	3	329	0	22	3	997	0	671	0	1007	
1380.000000	0	3	1	2	371	3	79	0	364	1	2	304	0	19	3	991	0	697	0	989	
1390.000000	0	3	1	2	355	3	74	0	340	1	3	280	0	19	3	999	0	720	0	978	
1400.000000	0	3	1	2	324	2	65	0	316	1	3	265	0	17	3	970	0	714	0	973	
1410.000000	0	3	1	1	297	2	60	0	287	1	3	249	0	17	3	960	0	698	0	975	
1420.000000	0	2	1	2	264	2	57	0	273	0	3	232	0	15	2	954	0	688	0	984	
1430.000000	0	2	1	2	234	2	50	0	251	0	2	214	0	15	2	947	0	673	0	977	
1440.000000	0	2	1	3	216	2	45	0	236	0	1	198	0	14	2	942	0	657	0	962	
1450.000000	0	2	1	3	195	2	47	0	224	0	1	182	0	13	2	946	0	636	0	970	
1460.000000	0	2	1	7	183	2	49	0	223	0	1	173	0	11	2	930	0	637	0	969	
1470.000000	0	2	1	21	174	2	52	0	217	0	1	165	0	11	2	920	0	606	0	975	
1480.000000	0	2	1	35	165	2	51	0	207	0	1	150	0	10	1	919	0	568	0	976	
1490.000000	0	2	1	51	165	2	47	0	212	0	1	143	0	9	1	932	0	556	0	981	
1500.000000	0	1	1	67	162	2	46	0	210	0	1	150	0	7	1	948	0	534	0	983	
1510.000000	0	1	1	73	158	2	48	0	240	1	1	153	0	7	1	956	0	533	0	976	
1520.000000	0	1	1	68	154	1	49	0	251	1	1	158	0	6	1	961	0	513	0	992	
1530.000000	0	1	1	56	163	1	55	0	280	1	1	160	0	40	0	953	1	522	0	979	
1540.000000	0	1	1	47	168	1	60	0	293	1	1	163	0	81	0	956	1	513	0	972	
1550.000000	0	1	1	44	167	1	68	0	312	1	1	196	0	121	0	949	1	517	0	956	
1560.000000	0	1	1	39	194	1	73	0	329	1	1	216	0	176	0	935	1	515	0	946	
1570.000000	0	1	1	38	218	1	82	0	343	1	1	238	0	213	0	940	1	520	0	940	
1580.000000	0	0	1	35	239	1	89	1	359	1	1	253	0	251	0	913	1	551	0	942	
1590.000000	0	0	0	32	273	1	92	1	382	1	1	275	0	282	5	917	1	549	0	931	
1600.000000	0	0	1	28	283	1	85	1	406	1	0	299	0	266	23	915	1	578	0	930	
1610.000000	0	0	1	25	294	1	85	1	429	1	0	321	0	245	21	911	1	587	0	966	
1620.000000	0	0	1	23	305	1	87	1	440	2	0	323	0	240	19	934	1	603	0	961	
1630.000000	0	0	1	20	319	1	94	1	436	2	0	327	0	218	19	933	1	615	0	962	
1640.000000	0	0	1	18	327	1	92	1	436	2	0	338	0	210	17	946	1	609	0	968	
1650.000000	0	0	1	17	329	1	89	1	430	2	0	334	0	197	15	953	1	623	0	955	
1660.000000	0	0	1	17	316	1	88	1	429	2	0	314	0	182	15	940	1	637	0	965	
1670.000000	0	0	1	15	307	1	86	1	426	2	0	305	0	169	14	938	0	645	0	980	
1680.000000	0	0	1	14	297	1	79	0	408	2	0	291	0	156	10	948	0	663	0	993	
1690.000000	0	0	1	14	284	1	76	0	384	2	0	269	0	139	10	960	0	677	0	1003	
1700.000000	0	0	1	12	268	1	72	0	355	2	0	250	0	129	9	974	0	662	0	1018	
1710.000000	0	0	1	12	248	1	69	0	317	2	0	227	0	118	9	963	0	666	0	1009	
1720.000000	0	0	1	11	225	1	66	0	289	2	0	208	0	104	9	961	0	657	0	1008	
1730.000000	0	0	1	10	209	1	54	0	259	2	0	191	0	90	9	963	0	652	0	1015	
1740.000000	0	0	1	10	188	1	49	0	245	1	0	173	0	83	9	958	0	646	0	1009	
1750.000000	0	0	1	10	182	1	47	0	218	1	0	160	0	79	6	968	0	626	0	1019	
1760.000000	0	0	1	9	176	1	47	0	206	1	0	148	0	73	6	963	0	617	0	1016	
1770.000000	0	0	1	8	171	1	50	0	197	1	0	142	0	67	6	941	0	609	0	1017	
1780.000000	0	0	0	8	165	0	52	0	200	1	0	142	0	59	17	930	0	589	0	1020	
1790.000000	0	0	1	7	162	0	56	0	210	1	0	144	0	53	20	928	0	586	0	1032	
1800.000000	0	0	1	6	174	0	56	0	226	1	0	144	0	53	18	918	0	581	0	1026	
1810.000000	0	1	1	6	183	0	65	0	239	1	2	138	0	52	15	917	0	571	0	1023	
1820.000000	0	1	1	5	207	0	70	0	252	2	2	148	0	50	13	904	0	558	0	1015	
1830.000000	0	1	1	4	227	0	75	0	263	2	3	167	0	49	12	915	0	560	0	1008	
1840.000000	0	1	1	4	261	0	81	0	286	2	4	186	0	47	9	923	0	572	0	1010	
1850.000000	0	1	1	4	282	0	85	0	322	1	4	208	0	49	9	935	0	584	0	1019	
1860.000000	0	1	1	4	306	0	95	0	356	1	4	244	0	47	8	938	0	590	0	1017	
1870.000000	0	1	1	3	330	0	97	0	374	1	4	255	0	44	7	930	0	595	0	1015	
1880.000000	0	1	1	2	368	1	101	0	386	2	4	286	0	40	5	914	0	614	0	1017	
1890.000000	0	1	1	2	377	1	98	0	419	2	4	290	0	37	4	940	0	627	0	1003	
1900.000000	0	1	1	2	396	1	105	0	456	2	4	325	0	34	4	948	0	637	0	999	
1910.000000	0	1	1	2	421	2	103	0	472	2	4	337	0	33	4	959	0	636	0	991	
1920.000000	0	0	1	2	447	3	102	0	488	2	4	346	0	31	4	979	0	658	0	1013	
1930.000000	0	0	1	0	452	3	100	0	484	2	5	347	0	29	4	989	0	667	0	1000	
1940.000000	0	0	1	0	453	3	99	0	468	2	5	355	0	28	4	993	0	670	0	1023	
1950.000000	0	0	1	0	454	3	102	0	462	2	4	351	0	22	4	981	0	689	0	1030	
1960.000000	0	0	1	0	426	3	98	0	441	2	4	340	0	18	3	1000	1	676	0	1053	
1970.000000	0	0	0	0	414	3	95	0	427	2	4	329	0	17	6	1012	1	666	0	1076	
1980.000000	0	0	0	0	380	3	93	0	410	2	4	322	0	15	19	994	1	672	0	1068	
1990.000000	0	0	1	0	352	3	80	0	385	2	4	307	0	15	17	1000	1	695	0	1077	
2000.000000	0	0	1	0	322	3	78	0	363	2	4	288	0	15	16	984	2	701	0	1070	
2010.000000	0	0	1	0	299	3	73	0	343	2	4	272	0	14	15	995	2	693	0	1054	
2020.000000	0	0	1	0	275	3	66	0	309	2	4	249	0	12	12	996	2	693	0	1048	
2030.000000	0	0	1	0	249	2	58	0	281	2	3	231	0	11	12	995	2	681	0	1034	
2040.000000	0	0	1	0	228	1	55	0	258	1	3	213	0	11	11	980	2	660	0	1037	
2050.000000	0	0	1	0	204	1	50	0	235	1	3	185	0	11	9	993	2	652	0	1018	
2060.000000	0	0	1	0	196	1	48	0	217	1	3	176	0	11	8	989	2	633	0	1012	
2070.000000	0	0	1	0	188	1	48	0	208	1	3	165	0	11	5	989	2	612	0	1018	
2080.000000	0	0	1	0	183	1	49	0	211	1	1	164	0	9	5	967	2	590	0	1011	
2090.000000	0	0	1	0	189	1	58	0	215	1	1	155	0	9	4	960	2	606	0	1013	
2100.000000	0	0	1	0	207	1	63	0	226	1	1	156	0	8	4	964	2	579	0	1028	
2110.000000	0	0	1	0	219	0	73	0	238	1	1	170	0	6	4	974	2	574	0	1018	
2120.000000	0	0	1	0	240	0	78	0	254	2	1	175	0	6	2	966	2	572	0	1004	
2130.000000	0	0	1	0	264	1	78	0	275	2	1	181	0	6	2	958	3	571	0	989	
2140.000000	0	1	1	0	292	1	85	0	295	2	1	203	0	5	2	942	3	589	0	980	
2150.000000	0	1	1	0	319	1	90	0	315	2	1	220	0	5	1	952	2	602	0	980	
2160.000000	0	0	1	0	338	1	97	0	349	2	1	241	0	5	1	945	2	602	0	985	
2170.000000	0	0	0	0	367	1	99	0	367	3	1	273	0	4	7	957	2	600	0	976	
2180.000000	0	1	1	0	390	1	105	0	379	3	1	285	0	9	16	971	1	607	0	988	
2190.000000	0	3	1	0	392	1	108	0	420	3	1	310	0	14	13	974	1	627	0	988	
2200.000000	0	3	1	1	428	1	109	0	429	3	1	321	0	14	10	949	1	661	0	986	
2210.000000	0	3	1	1	442	1	107	0	426	3	1	341	0	14	10	952	1	672	0	962	
2220.000000	0	3	1	1	450	1	109	0	443	2	1	348	0	11	9	963	1	684	0	963	
2230.000000	0	2	1	1	457	1	110	0	465	1	1	368	0	14	7	951	0	687	0	972	
2240.000000	0	2	0	1	450	1	105	0	461	1	1	370	0	15	13	955	0	695	0	975	
2250.000000	0	2	1	1	437	1	99	0	461	1	2	364	0	16	16	946	0	696	0	972	
2260.000000	0	2	1	10	423	1	93	0	441	0	2	352	0	17	16	977	0	720	0	995	
2270.000000	0	2	1	30	413	1	87	0	430	0	2	327	0	18	14	972	0	725	0	995	
2280.000000	0	2	1	36	393	1	87	0	412	0	2	313	0	16	13	962	0	714	0	1010	
2290.000000	0	2	1	45	361	1	78	0	387	0	1	293	0	16	12	961	0	729	0	1020	
2300.000000	0	1	1	52	325	0	71	0	357	0	1	275	0	15	10	961	1	728	0	1012	
2310.000000	0	1	1	51	299	0	69	0	330	0	1	258	0	13	9	986	1	717	0	1002	
2320.000000	0	1	1	46	277	0	63	0	302	0	1	234	0	13	9	975	1	695	0	983	
2330.000000	0	1	1	43	259	0	59	0	282	0	1	212	0	12	8	998	1	694	0	977	
2340.000000	0	1	1	39	240	0	55	0	251	0	1	192	0	12	8	998	1	685	0	992	
2350.000000	0	1	1	39	224	0	52	0	236	0	1	178	0	10	8	1001	2	686	0	1006	
2360.000000	0	1	1	39	207	0	49	0	223	0	1	167	0	9	7	988	2	671	0	1003	
2370.000000	0	1	1	44	200	0	49	0	215	0	1	154	0	8	7	991	2	659	0	1031	
2380.000000	0	1	1	59	195	0	51	0	211	0	1	152	0	7	6	986	2	647	0	1014	
2390.000000	0	1	1	83	185	0	50	0	205	0	1	153	0	6	6	983	2	626	0	1004	
2400.000000	0	1	1	99	171	0	47	0	195	0	1	149	0	4	5	979	2	617	0	1033	
2410.000000	0	1	0	136	158	0	46	0	212	0	1	156	0	4	13	968	2	603	0	1040	
2420.000000	0	1	1	161	149	0	43	0	241	0	1	164	0	4	19	961	2	576	0	1028	
2430.000000	0	1	1	183	144	0	40	0	262	0	1	169	0	7	19	955	2	557	0	1006	
2440.000000	0	1	1	187	140	0	42	0	290	0	1	175	0	7	18	959	4	546	0	1003	
2450.000000	0	1	1	215	129	0	38	0	330	0	1	173	0	7	15	970	4	528	0	1006	
2460.000000	0	1	1	241	125	0	36	0	354	0	1	179	0	7	14	969	5	507	0	1012	
2470.000000	0	1	1	282	113	0	31	0	388	0	1	184	0	8	12	953	5	483	0	1004	
2480.000000	0	1	1	321	101	0	28	0	401	0	1	179	0	6	12	956	5	466	0	986	
2490.000000	0	1	1	341	93	0	26	1	427	0	1	172	0	6	11	954	4	443	0	982	
2500.000000	0	1	1	331	81	0	26	1	439	1	1	164	0	6	11	953	3	431	0	1001	
2510.000000	0	1	1	300	77	0	25	1	440	1	1	159	0	6	11	952	3	421	0	1007	
2520.000000	0	0	1	274	69	0	21	1	465	1	1	154	0	6	9	946	1	401	0	1000	
2530.000000	0	0	1	269	58	0	23	0	476	0	1	147	0	5	9	937	1	378	0	986	
2540.000000	0	0	1	287	53	0	23	1	482	0	1	137	0	5	9	933	1	355	0	984	
2550.000000	0	0	1	294	51	0	21	1	473	0	1	127	0	5	9	928	1	346	0	990	
2560.000000	0	0	0	292	47	0	19	1	462	0	1	119	0	5	14	920	3	332	0	998	
2570.000000	0	0	1	286	45	0	20	1	443	0	0	117	0	5	12	910	3	306	0	986	
2580.000000	0	0	1	268	38	0	20	1	425	0	0	109	0	4	10	901	2	288	0	994	
2590.000000	0	0	1	261	36	0	18	1	400	0	0	101	0	4	9	911	1	268	0	992	
2600.000000	0	0	1	255	34	0	16	1	365	0	0	98	0	3	9	884	1	243	0	992	
2610.000000	0	0	1	236	29	0	15	1	336	0	0	85	0	3	9	860	1	227	0	988	
2620.000000	0	0	1	224	25	0	14	1	318	0	0	83	0	3	9	868	1	217	0	995	
2630.000000	0	0	1	208	24	0	13	1	302	0	0	81	0	3	7	877	1	208	0	987	
2640.000000	0	0	1	184	21	0	11	0	284	0	0	74	0	3	7	853	1	199	0	982	
2650.000000	0	0	0	173	19	0	10	0	262	0	0	70	0	3	7	835	2	174	0	977	
2660.000000	0	0	0	160	15	0	10	0	251	0	0	63	0	2	8	830	2	156	0	985	
2670.000000	0	0	1	155	14	0	12	0	235	0	0	60	0	2	12	799	2	147	0	979	
2680.000000	0	0	1	156	12	0	13	0	233	0	0	58	0	2	12	798	3	143	0	991	
2690.000000	0	0	1	163	12	0	12	0	233	0	0	56	0	2	11	775	3	128	0	984	
2700.000000	0	0	1	163	14	0	16	0	243	1	0	52	0	1	11	754	4	118	0	979	
2710.000000	0	0	1	153	16	0	16	0	263	1	0	48	0	1	9	719	4	115	0	989	
2720.000000	0	0	1	142	14	0	19	0	268	2	0	48	0	1	9	691	4	106	0	996	
2730.000000	0	1	1	134	16	0	20	0	280	2	0	46	0	1	8	671	5	104	0	1005	
2740.000000	0	1	1	127	18	0	24	0	317	1	0	50	0	1	6	659	5	107	0	1001	
2750.000000	0	1	1	117	21	0	30	0	352	1	0	57	0	0	6	646	5	108	0	1015	
2760.000000	0	1	1	110	28	0	35	0	383	1	0	67	0	0	6	648	5	116	0	1005	
2770.000000	0	1	1	101	39	0	36	0	422	1	0	76	0	0	6	652	5	117	0	968	
2780.000000	0	0	1	95	52	0	40	0	431	1	0	93	0	0	6	660	5	132	0	966	
2790.000000	0	0	1	103	58	0	47	0	455	0	0	107	0	0	6	656	3	144	0	962	
2800.000000	0	0	1	158	55	0	46	0	472	0	0	124	0	0	6	652	4	162	0	946	
2810.000000	0	0	1	191	59	0	49	1	479	0	0	136	0	0	6	682	3	190	0	945	
2820.000000	0	0	1	219	58	0	46	1	473	0	0	151	0	0	5	706	1	207	0	929	
2830.000000	0	0	1	242	57	0	45	1	470	0	0	144	0	0	5	725	1	211	0	924	
2840.000000	0	0	1	260	55	0	42	1	466	0	0	146	0	0	5	752	1	230	0	918	
2850.000000	0	0	1	247	52	0	37	1	462	1	0	149	0	0	4	778	1	244	0	919	
2860.000000	0	0	1	227	49	0	36	1	451	1	0	140	0	0	2	780	1	252	0	933	
2870.000000	0	0	1	207	46	0	34	1	436	1	0	134	0	0	2	773	1	256	0	926	
2880.000000	0	0	1	194	42	0	34	1	416	1	0	124	0	0	2	784	1	262	0	951	
2890.000000	0	0	1	179	38	0	31	1	397	1	0	118	0	0	2	806	1	258	0	970	
2900.000000	0	0	1	167	32	0	28	1	376	1	0	112	0	0	2	816	1	249	0	979	
2910.000000	0	0	1	157	30	0	25	1	347	1	0	104	0	0	1	830	1	260	0	992	
2920.000000	0	0	1	142	25	0	24	1	328	1	0	99	0	0	1	840	1	244	0	994	
2930.000000	0	0	1	130	23	0	21	1	304	1	0	91	0	0	1	828	1	234	0	994	
2940.000000	0	0	1	117	21	0	17	1	281	1	0	80	0	0	1	803	3	219	0	1000	
2950.000000	0	0	1	104	21	0	17	1	266	0	0	74	0	0	1	804	2	207	0	998	
2960.000000	0	0	0	100	20	0	16	1	255	0	0	69	0	0	2	777	2	197	0	992	
2970.000000	0	0	0	100	20	0	17	1	246	0	0	66	0	0	6	778	2	184	0	1014	
2980.000000	0	0	1	107	18	0	17	1	234	0	0	58	0	1	13	759	2	169	0	1001	
2990.000000	0	0	1	116	21	0	18	2	237	1	0	57	0	1	12	748	3	156	0	1020	
3000.000000	0	0	1	112	24	0	25	2	239	1	0	59	0	2	12	742	4	150	0	1012	
3010.000000	0	0	1	103	27	0	27	2	254	1	0	58	0	3	11	734	4	149	0	987	
3020.000000	0	0	1	97	36	0	30	2	258	1	0	64	0	3	10	734	4	152	0	990	
3030.000000	0	0	1	90	36	0	34	2	275	1	0	72	0	3	8	731	4	151	0	991	
3040.000000	0	0	1	86	45	0	38	2	302	2	0	77	0	3	8	729	4	159	0	987	
3050.000000	0	0	1	80	59	0	41	1	309	2	0	95	0	3	7	725	3	176	0	986	
3060.000000	0	0	1	71	60	0	46	1	328	2	0	117	0	3	6	747	2	186	0	969	
3070.000000	0	0	1	69	67	0	51	1	357	2	0	123	0	3	6	750	1	208	0	962	
3080.000000	0	0	1	61	74	0	55	1	380	2	0	144	0	3	4	743	1	232	0	982	
3090.000000	0	0	1	58	87	0	57	1	402	2	0	166	0	3	4	760	1	264	0	956	
3100.000000	0	0	1	53	97	0	64	1	426	1	0	190	0	3	4	784	1	303	0	929	
3110.000000	0	0	1	49	117	0	68	0	421	1	0	211	0	2	4	799	1	333	0	959	
3120.000000	0	0	1	46	137	0	72	0	438	1	0	221	0	2	4	804	1	347	0	957	
3130.000000	0	0	1	44	147	0	75	0	439	1	0	228	0	2	3	802	1	370	0	955	
3140.000000	0	0	1	37	150	0	78	0	434	1	0	230	0	2	2	819	2	398	0	960	
3150.000000	0	0	1	35	162	0	76	0	430	1	0	240	0	2	2	833	1	404	0	967	
3160.000000	0	0	1	35	170	0	69	0	418	1	0	229	0	2	2	826	1	425	0	977	
3170.000000	0	0	1	31	172	0	68	0	399	1	0	221	0	2	2	843	1	442	0	969	
3180.000000	0	0	1	28	165	0	66	0	380	1	0	208	0	2	1	860	1	437	0	996	
3190.000000	0	0	1	26	158	0	67	0	352	1	0	191	0	2	1	876	0	452	0	988	
3200.000000	0	0	1	25	140	0	66	0	327	1	0	182	0	2	1	872	0	460	0	987	
3210.000000	0	0	1	25	130	0	65	0	301	1	0	175	0	2	1	866	0	473	0	1000	
3220.000000	0	0	1	24	115	0	57	0	277	1	0	162	0	2	1	859	0	471	0	1004	
3230.000000	0	0	1	24	103	0	51	0	261	1	0	149	0	1	1	870	0	477	0	1009	
3240.000000	0	0	1	24	94	0	48	0	237	1	0	135	0	1	1	843	0	475	0	1024	
3250.000000	0	0	1	20	86	0	47	0	218	0	0	127	0	1	1	837	0	469	0	1025	
3260.000000	0	0	1	21	81	0	43	0	203	0	0	112	0	0	1	836	0	462	0	1032	
3270.000000	0	0	1	24	78	0	39	0	208	0	0	106	0	0	1	836	0	443	0	1027	
3280.000000	0	0	1	41	79	0	42	0	214	0	0	99	0	7	0	829	0	435	0	1018	
3290.000000	0	0	0	52	83	0	49	0	221	0	0	107	0	21	2	820	1	444	0	1022	
3300.000000	0	0	1	76	86	0	47	0	220	0	0	110	0	20	20	831	1	453	0	1011	
3310.000000	0	0	1	93	92	0	45	0	223	0	0	112	0	21	19	837	1	448	0	1014	
3320.000000	0	0	1	106	93	0	45	0	246	0	0	127	0	22	19	826	1	451	0	999	
3330.000000	0	0	1	138	87	0	44	0	266	0	0	134	0	22	16	841	0	438	0	1018	
3340.000000	0	0	1	166	89	0	44	0	282	0	0	143	0	20	13	838	0	435	0	1024	
3350.000000	0	0	1	212	86	0	43	0	314	0	1	155	0	21	17	839	0	440	0	1012	
3360.000000	0	0	1	243	87	0	43	0	339	0	1	167	0	18	13	843	1	435	0	1007	
3370.000000	0	0	1	277	86	0	41	0	354	0	0	174	0	15	11	863	1	425	0	1000	
3380.000000	0	0	1	309	81	0	35	0	368	0	0	182	0	13	9	853	1	419	0	1028	
3390.000000	0	0	1	332	74	0	35	0	400	0	0	187	0	13	9	872	1	409	0	1026	
3400.000000	0	1	1	308	71	0	31	0	429	1	0	189	0	13	9	888	1	409	0	1013	
3410.000000	0	1	1	290	65	0	29	0	449	1	0	190	0	12	8	900	0	387	0	1025	
3420.000000	0	1	1	297	58	0	28	0	468	0	0	191	0	12	7	910	0	370	0	1022	
3430.000000	0	1	1	316	56	0	27	0	478	0	0	175	0	11	6	912	2	353	0	1013	
3440.000000	0	2	1	330	50	0	24	0	477	0	0	170	0	9	6	903	2	346	0	1007	
3450.000000	0	2	1	330	47	0	21	0	452	0	0	165	0	7	6	894	2	328	0	1022	
3460.000000	0	2	1	324	47	0	17	0	443	0	0	151	0	6	6	896	2	303	0	1012	
3470.000000	0	2	1	307	45	0	16	0	417	0	0	141	0	5	6	902	3	283	0	982	
3480.000000	0	2	1	300	38	0	15	0	392	0	0	134	0	3	6	902	3	263	0	975	
3490.000000	0	2	0	285	33	0	15	0	370	0	0	124	0	3	7	890	3	255	0	986	
3500.000000	0	3	1	271	30	0	13	0	342	0	0	121	0	3	9	921	4	244	0	976	
3510.000000	0	1	1	253	23	0	13	0	326	0	0	114	0	2	8	914	4	225	0	987	
3520.000000	0	1	1	227	22	0	13	0	305	0	0	100	0	2	8	895	4	211	0	998	
3530.000000	0	1	1	208	21	0	11	0	278	0	0	95	0	2	8	878	3	193	0	1020	
3540.000000	0	1	1	192	18	0	10	0	259	0	0	89	0	2	8	863	3	180	0	1028	
3550.000000	0	0	1	180	16	0	10	0	243	0	0	82	0	2	8	855	4	172	0	1020	
3560.000000	0	0	1	172	13	0	9	0	241	0	0	77	0	2	8	835	4	153	0	1023	
3570.000000	0	0	1	166	13	0	11	0	228	0	0	67	0	1	7	831	4	145	0	1018	
3580.000000	0	0	1	164	12	0	11	0	223	0	0	65	0	1	6	797	4	136	0	1030	
3590.000000	0	0	1	173	14	0	10	0	221	0	0	60	0	1	5	768	4	129	0	1023	
3600.000000	0	0	1	195	14	0	10	0	221	0	0	59	0	1	5	747	3	117	0	1009	
3610.000000	0	0	1	208	12	0	12	0	220	0	0	58	0	1	4	728	3	108	0	1030	
3620.000000	0	0	1	227	14	0	13	0	233	0	0	53	0	1	3	708	3	95	0	1026	
3630.000000	0	0	1	245	12	0	13	0	255	0	0	50	0	0	3	685	3	92	0	1038	
3640.000000	0	1	0	277	13	0	14	0	287	0	0	50	0	0	13	685	3	88	0	1037	
3650.000000	0	1	1	303	11	0	15	0	302	0	0	49	0	0	17	671	4	80	0	1032	
3660.000000	0	1	1	319	11	0	18	0	323	0	0	50	0	0	15	631	6	79	0	1020	
3670.000000	0	1	1	343	13	0	17	0	351	0	0	51	0	0	15	628	5	83	0	1005	
3680.000000	0	1	1	373	14	0	16	1	364	0	0	50	0	0	15	622	4	80	0	1002	
3690.000000	0	1	1	409	14	0	15	1	397	0	0	51	0	0	13	604	4	79	0	1014	
3700.000000	0	1	1	384	14	0	15	1	407	1	1	55	0	0	15	612	5	76	0	1023	
3710.000000	0	1	1	352	13	0	16	1	425	1	1	59	0	1	14	608	4	74	0	1034	
3720.000000	0	1	1	331	11	0	14	1	436	0	2	56	0	1	14	611	4	73	0	1046	
3730.000000	0	1	1	359	12	0	14	1	445	0	2	48	0	1	13	601	3	67	0	1060	
3740.000000	0	1	1	351	12	0	14	1	432	0	2	46	0	1	12	592	3	63	0	1064	
3750.000000	0	1	1	347	10	0	14	1	431	0	2	41	0	1	11	581	3	59	0	1040	
3760.000000	0	0	1	341	9	0	13	1	427	0	2	35	0	1	11	568	4	54	0	1040	
3770.000000	0	0	1	336	9	0	12	1	413	0	2	32	0	1	10	539	4	50	0	1044	
3780.000000	0	0	1	329	6	0	12	2	394	0	2	26	0	1	10	522	4	50	0	1035	
3790.000000	0	0	1	314	7	0	10	2	363	0	1	27	0	1	10	502	5	48	0	1019	
3800.000000	0	0	1	298	7	0	10	2	339	0	1	25	0	1	9	486	5	43	0	1004	
3810.000000	0	0	1	279	7	0	10	2	315	0	1	23	0	1	6	465	4	41	0	1005	
3820.000000	0	0	1	256	5	0	10	2	294	0	1	22	0	1	6	444	5	36	0	1006	
3830.000000	0	0	1	241	5	0	10	2	262	0	1	21	0	1	4	434	5	30	0	1002	
3840.000000	0	0	1	220	3	0	9	2	236	0	1	19	0	1	4	415	6	29	0	998	
3850.000000	0	0	1	210	4	0	8	2	216	0	1	18	0	1	3	393	8	26	0	1002	
3860.000000	0	0	1	202	4	0	8	2	201	0	1	16	0	1	3	371	11	25	0	1018	
3870.000000	0	0	1	193	4	0	10	2	194	0	1	15	0	1	2	348	11	25	0	1018	
3880.000000	0	0	1	188	6	0	11	3	196	0	2	15	0	1	2	335	12	19	0	1028	
3890.000000	0	0	1	195	5	0	12	3	191	0	2	14	0	1	2	312	14	17	0	1034	
3900.000000	0	0	1	199	5	0	12	4	216	0	5	14	0	1	2	291	14	15	0	1030	
3910.000000	0	0	1	211	6	1	9	4	220	0	5	13	0	1	1	283	18	14	0	1020	
3920.000000	0	0	1	225	7	1	11	4	232	0	7	16	0	1	1	260	20	13	0	1010	
3930.000000	0	0	1	250	9	1	11	3	249	0	9	18	0	1	1	246	21	14	0	1013	
3940.000000	0	0	1	288	11	2	13	2	282	0	18	21	0	1	1	233	21	14	0	1032	
3950.000000	0	0	1	310	11	9	14	3	318	1	23	25	0	1	1	233	22	13	0	1036	
3960.000000	0	0	1	288	14	19	15	5	357	1	31	25	0	1	0	235	21	10	0	1013	
3970.000000	0	0	1	267	15	35	16	7	378	1	40	24	0	4	0	243	20	11	0	1004	
3980.000000	0	0	1	247	17	66	17	8	397	1	48	26	0	5	0	236	21	10	0	1013	
3990.000000	0	0	1	223	19	85	19	11	421	1	49	29	0	11	0	239	22	12	0	1003	
4000.000000	0	0	1	207	19	109	18	16	417	1	57	29	0	14	0	244	19	12	0	997	
4010.000000	0	0	1	191	22	114	18	14	431	3	61	28	0	16	0	245	19	13	0	996	
4020.000000	0	0	1	179	22	136	19	14	438	3	66	28	0	21	0	238	17	19	0	991	
4030.000000	0	0	1	160	22	149	17	16	427	3	62	24	0	25	0	236	17	19	0	991	
4040.000000	0	0	1	141	23	162	15	17	426	2	62	23	0	27	0	233	21	19	0	1000	
4050.000000	0	0	1	133	24	159	18	16	429	2	59	23	0	29	0	225	21	19	0	1019	
4060.000000	0	0	1	121	23	162	21	14	411	1	58	25	0	29	0	226	18	24	0	1015	
4070.000000	0	0	1	115	23	167	21	13	388	1	57	26	0	31	0	232	16	24	0	1007	
4080.000000	0	0	0	111	25	161	20	13	368	1	54	25	0	27	12	236	19	24	0	1013	
4090.000000	0	0	1	99	26	150	18	15	348	1	54	26	0	24	14	244	16	24	0	1019	
4100.000000	0	0	0	89	24	139	17	14	319	1	52	22	0	22	16	233	15	27	0	1010	
4110.000000	0	0	0	83	21	122	15	14	298	0	45	20	0	18	17	234	14	28	0	1011	
4120.000000	0	0	0	77	20	108	12	14	282	0	44	16	0	16	16	229	13	26	0	1015	
4130.000000	0	0	0	76	19	97	12	14	263	0	42	15	0	13	16	214	13	25	0	1015	
4140.000000	0	0	0	72	18	87	11	11	241	0	37	14	0	12	16	199	15	22	0	991	
4150.000000	0	0	0	77	19	79	10	11	227	0	33	14	0	12	17	192	15	20	0	983	
4160.000000	0	0	0	78	19	77	13	10	215	0	30	12	0	10	18	182	14	19	0	980	
4170.000000	0	0	1	78	24	73	14	9	203	0	31	11	0	9	19	172	14	16	0	992	
4180.000000	0	0	1	78	22	69	18	9	205	0	29	11	0	9	19	160	18	17	0	1014	
4190.000000	0	0	1	87	23	66	18	9	201	0	29	12	0	8	16	150	19	16	0	1004	
4200.000000	0	0	1	97	23	67	19	8	210	0	30	10	0	6	16	143	24	15	0	986	
4210.000000	0	0	1	127	28	67	20	8	237	0	34	16	0	6	14	140	26	15	0	995	
4220.000000	0	0	1	165	28	72	22	9	258	0	39	15	0	5	29	135	25	16	0	984	
4230.000000	0	0	1	198	30	75	25	9	279	0	38	21	0	5	26	129	27	16	0	983	
4240.000000	0	0	1	212	28	88	24	13	303	0	49	27	0	5	24	126	32	17	0	987	
4250.000000	0	0	1	250	30	105	24	17	304	0	56	32	0	4	21	136	32	17	0	985	
4260.000000	0	0	1	278	30	120	24	26	313	0	65	35	0	4	19	152	30	19	0	969	
4270.000000	0	0	1	322	28	148	26	30	344	0	73	39	0	4	18	163	32	21	0	977	
4280.000000	0	0	1	359	32	162	24	24	347	0	79	42	0	3	17	177	30	24	0	985	
4290.000000	0	0	1	393	31	179	23	29	369	0	72	39	0	3	17	199	30	37	0	973	
4300.000000	0	0	1	406	31	210	23	27	376	0	70	38	0	2	16	218	29	43	0	981	
4310.000000	0	0	1	419	29	216	22	25	385	0	66	34	0	2	15	228	33	44	0	976	
4320.000000	0	0	1	427	26	234	19	25	392	0	70	34	0	2	15	243	31	46	0	978	
4330.000000	0	0	1	424	27	242	17	27	374	0	71	30	0	2	14	247	30	44	0	973	
4340.000000	0	0	1	430	25	247	17	25	380	0	73	28	0	2	14	234	29	42	0	995	
4350.000000	0	0	1	424	27	247	14	26	374	0	72	28	0	3	11	228	25	38	0	987	
4360.000000	0	0	1	406	27	238	13	25	366	0	69	25	0	3	11	226	23	37	0	982	
4370.000000	0	0	1	399	24	224	11	24	350	0	62	24	0	3	10	228	25	38	0	980	
4380.000000	0	0	1	366	23	211	10	22	327	0	59	23	0	2	8	223	26	36	0	983	
4390.000000	0	0	1	351	23	212	10	21	298	0	54	23	0	1	8	225	25	30	0	975	
4400.000000	0	0	1	329	21	201	9	21	262	0	50	21	0	1	8	216	24	26	0	986	
4410.000000	0	0	0	305	20	184	8	21	235	0	48	20	0	1	8	209	25	27	0	1011	
4420.000000	0	0	0	277	20	173	8	20	220	0	47	19	0	1	9	202	25	26	0	1016	
4430.000000	0	0	0	259	18	155	7	19	207	0	41	18	0	1	9	194	25	24	0	1014	
4440.000000	0	0	0	240	18	144	6	17	192	0	39	17	0	1	9	191	25	21	0	1017	
4450.000000	0	0	0	226	17	133	6	16	183	0	40	16	0	1	7	183	24	19	0	1019	
4460.000000	0	0	0	218	15	128	6	17	170	0	40	16	0	1	12	176	24	18	0	1029	
4470.000000	0	0	1	210	15	121	5	17	158	0	40	16	0	1	19	164	27	18	0	1008	
4480.000000	0	0	1	201	14	113	5	17	162	0	42	16	0	1	17	163	29	15	0	1000	
4490.000000	0	0	1	208	15	111	5	23	164	0	43	15	0	1	16	158	26	13	0	1017	
4500.000000	0	0	1	227	16	113	6	25	167	0	45	14	0	1	12	148	24	11	0	1017	
4510.000000	0	0	1	244	16	122	8	22	173	0	48	15	0	1	20	148	26	9	0	1026	
4520.000000	0	0	1	263	14	127	9	24	184	0	47	15	0	0	25	148	26	8	0	1018	
4530.000000	0	0	1	287	16	140	8	28	188	0	51	15	0	0	23	141	26	8	0	1039	
4540.000000	0	0	1	324	17	159	8	33	200	0	56	15	0	0	21	144	32	7	0	1011	
4550.000000	0	0	1	341	17	179	9	36	221	0	71	15	0	0	26	138	35	7	0	1021	
4560.000000	0	0	1	371	18	189	11	37	240	0	73	15	0	0	22	135	34	8	0	1033	
4570.000000	0	0	1	388	19	203	10	38	247	0	81	18	0	0	20	133	38	7	0	1012	
4580.000000	0	0	1	416	14	223	10	43	262	0	94	14	0	0	17	134	36	6	0	1025	
4590.000000	0	0	1	436	13	241	10	44	267	0	100	14	0	0	18	133	34	6	0	1021	
4600.000000	0	0	1	459	13	255	10	47	276	0	112	13	0	0	14	127	33	6	0	1017	
4610.000000	0	0	1	464	12	273	9	51	281	0	113	13	0	0	13	123	31	6	0	1016	
4620.000000	0	1	0	482	12	297	8	55	288	0	111	11	0	0	14	122	29	6	0	1018	
4630.000000	0	1	0	479	11	315	9	61	279	0	119	10	0	0	27	116	26	6	0	1033	
4640.000000	0	1	1	480	11	323	9	58	264	0	115	10	0	0	30	113	29	5	0	1039	
4650.000000	0	1	1	468	10	322	9	53	261	0	115	10	0	0	29	110	27	5	0	1031	
4660.000000	0	1	1	461	9	326	8	52	252	0	112	10	0	0	28	98	29	5	0	1022	
4670.000000	0	1	1	443	8	318	8	55	238	0	108	9	0	0	24	93	35	5	0	1019	
4680.000000	0	0	1	423	8	297	6	53	227	0	106	9	0	0	21	92	36	5	0	1018	
4690.000000	0	0	1	398	6	280	5	53	210	0	101	8	0	0	20	79	37	4	0	1013	
4700.000000	0	0	1	373	6	263	5	48	195	0	96	6	0	0	19	77	43	3	0	998	
4710.000000	0	0	1	341	5	244	5	43	182	0	88	5	0	0	19	71	43	3	0	1018	
4720.000000	0	0	1	317	5	226	4	41	168	0	84	5	0	0	17	67	43	3	0	1032	
4730.000000	0	0	1	298	5	205	3	38	157	0	81	5	0	0	16	62	54	3	0	1039	
4740.000000	0	0	0	280	5	188	3	34	148	0	77	5	0	0	14	61	50	3	0	1034	
4750.000000	0	0	0	255	5	168	3	31	139	0	74	5	0	0	16	55	55	3	0	1037	
4760.000000	0	0	1	242	5	151	3	29	133	0	72	5	0	0	15	49	66	3	0	1039	
4770.000000	3	0	1	221	7	144	2	30	125	0	69	5	0	0	12	48	73	2	0	1058	
4780.000000	7	0	1	208	7	148	1	38	122	0	76	5	0	0	11	44	80	2	0	1044	
4790.000000	20	0	1	192	8	149	1	47	126	2	84	5	0	0	11	40	81	0	0	1038	
4800.000000	32	0	1	184	5	157	1	61	129	1	97	4	0	0	9	41	80	0	0	1041	
4810.000000	59	0	1	199	7	159	1	71	140	0	103	4	0	0	8	40	79	0	0	1038	
4820.000000	88	0	1	224	8	181	2	86	143	0	114	4	0	0	7	38	83	0	0	1039	
4830.000000	128	1	1	251	8	197	3	112	128	0	140	4	0	0	5	38	85	0	0	1022	
4840.000000	164	1	1	271	10	223	3	137	121	0	158	4	0	0	4	36	85	0	0	1020	
4850.000000	190	1	1	308	10	254	3	153	119	0	182	4	0	0	3	37	85	0	0	1004	
4860.000000	226	1	1	326	9	285	3	178	118	0	199	4	0	0	2	37	80	0	0	1018	
4870.000000	265	1	1	354	11	308	3	198	111	0	227	4	0	0	2	35	70	0	0	1029	
4880.000000	301	1	1	381	12	338	3	203	105	0	247	3	0	0	2	33	68	0	0	1019	
4890.000000	339	1	1	400	11	365	2	233	96	0	258	3	0	0	2	30	64	0	0	1031	
4900.000000	362	1	1	402	12	388	2	247	88	0	277	3	0	0	2	27	63	0	0	1029	
4910.000000	375	1	1	426	13	401	2	263	83	0	279	3	0	0	2	26	57	0	0	1029	
4920.000000	386	1	1	441	12	420	1	273	79	0	282	3	0	0	2	23	52	0	0	1029	
4930.000000	390	1	1	439	12	432	1	290	75	0	283	3	0	0	1	22	51	0	0	1008	
4940.000000	395	1	1	439	12	427	1	302	71	0	282	3	0	0	1	21	47	0	0	1003	
4950.000000	392	1	1	440	13	421	1	314	65	0	271	2	0	0	1	20	42	0	0	993	
4960.000000	373	2	1	435	13	410	1	308	60	0	260	1	0	0	2	20	41	0	0	1018	
4970.000000	358	1	1	417	14	390	1	297	54	0	244	1	0	0	2	18	40	0	0	1005	
4980.000000	346	1	1	389	13	375	1	285	52	0	234	1	0	0	2	16	41	0	0	1002	
4990.000000	332	1	0	367	10	360	1	271	47	0	220	1	0	0	7	15	46	0	0	1009	
5000.000000	317	1	0	346	9	335	1	254	46	0	204	1	0	0	6	14	48	0	0	993	
5010.000000	298	1	0	324	9	311	1	234	40	0	197	1	0	0	8	14	44	0	0	997	
5020.000000	275	1	0	301	8	284	1	218	36	0	182	1	0	0	8	14	47	0	0	1008	
5030.000000	253	1	0	282	8	266	1	201	31	0	170	1	0	0	7	14	47	0	0	1014	
5040.000000	232	1	0	261	8	241	1	189	28	0	164	1	0	0	6	13	48	0	0	1036	
5050.000000	217	1	0	237	7	227	1	183	26	0	153	1	0	0	6	12	51	0	0	1031	
5060.000000	206	1	0	229	7	220	1	168	25	0	146	0	0	0	8	56	55	0	0	1027	
5070.000000	193	1	0	214	6	207	1	150	27	0	144	0	0	0	10	127	53	0	0	1008	
5080.000000	175	1	1	207	6	210	1	143	24	0	141	0	0	0	13	193	51	0	0	1020	
5090.000000	161	1	1	205	8	207	1	130	26	0	143	0	0	0	13	234	47	0	0	1015	
5100.000000	149	1	1	213	10	211	1	116	29	0	142	0	0	0	12	291	43	0	0	1032	
5110.000000	135	1	1	228	10	220	1	106	31	0	140	0	0	0	12	337	40	0	0	1021	
5120.000000	122	0	1	245	7	240	1	99	33	0	142	0	0	0	10	413	34	0	0	1038	
5130.000000	113	0	0	253	8	246	1	94	38	1	140	0	0	0	14	459	31	0	0	1030	
5140.000000	96	0	1	231	11	276	1	90	41	1	131	0	0	0	14	481	29	0	0	1027	
5150.000000	92	0	1	212	12	293	1	88	50	1	131	0	0	0	13	527	27	0	0	1038	
5160.000000	83	0	1	192	16	298	1	87	50	1	130	0	0	0	11	559	24	0	0	1025	
5170.000000	80	0	1	175	18	315	3	82	65	1	129	0	0	0	11	609	24	0	0	1045	
5180.000000	74	0	1	157	19	339	5	77	70	1	131	0	0	0	11	638	21	0	0	1046	
5190.000000	65	0	1	142	26	361	10	72	75	2	130	0	0	0	9	663	17	0	0	1027	
5200.000000	59	0	1	132	28	381	12	64	88	2	125	0	0	0	9	691	14	0	0	1017	
5210.000000	56	0	1	118	34	385	16	61	98	2	119	0	0	0	17	696	13	0	0	1013	
5220.000000	51	0	1	106	40	385	18	56	112	3	113	0	0	0	15	686	11	0	0	1033	
5230.000000	47	0	1	100	42	394	21	51	123	3	111	2	0	0	15	657	11	0	0	1019	
5240.000000	41	0	1	90	47	397	23	47	135	3	108	2	0	0	15	605	11	0	0	1004	
5250.000000	38	0	1	81	53	388	25	46	142	2	103	5	0	0	15	565	11	0	0	986	
5260.000000	34	0	1	74	58	379	22	46	145	2	91	4	0	0	13	523	10	0	0	988	
5270.000000	30	0	1	70	62	373	25	41	146	2	87	6	0	0	12	475	10	0	0	986	
5280.000000	27	0	1	65	64	363	25	38	138	1	82	5	0	0	12	442	10	0	0	1000	
5290.000000	27	0	1	62	60	354	22	36	133	1	77	5	0	0	10	411	10	0	0	1000	
5300.000000	24	0	1	61	57	331	23	30	122	1	72	4	0	0	8	380	9	0	0	980	
5310.000000	23	0	1	54	53	305	24	27	116	1	66	4	0	0	8	344	9	0	0	964	
5320.000000	21	0	0	46	48	290	23	26	107	0	60	4	0	0	8	322	8	0	0	962	
5330.000000	18	0	0	44	46	259	23	24	97	0	53	4	0	0	8	301	8	0	0	963	
5340.000000	16	0	0	44	40	242	20	22	91	0	44	4	0	0	7	282	8	0	0	980	
5350.000000	15	0	0	43	40	216	21	20	84	0	41	4	0	0	9	269	10	0	0	982	
5360.000000	14	0	0	44	39	205	22	19	79	0	36	4	0	0	11	243	9	0	0	1000	
5370.000000	12	0	1	53	45	189	23	18	74	0	34	5	0	0	16	225	9	0	0	978	
5380.000000	10	0	1	61	44	183	23	17	84	0	31	6	0	0	15	211	7	0	0	978	
5390.000000	9	0	1	74	44	179	24	15	89	0	29	9	0	0	14	196	10	0	0	987	
5400.000000	9	0	1	89	47	174	29	12	107	0	29	13	0	0	11	180	11	1	0	968	
5410.000000	9	0	1	118	47	169	31	13	124	0	25	22	0	0	10	172	11	1	0	953	
5420.000000	8	0	1	158	44	169	34	15	151	0	24	30	0	0	10	177	17	10	0	956	
5430.000000	6	0	1	176	45	162	30	17	187	0	24	37	0	0	9	197	17	14	0	949	
5440.000000	5	0	1	202	43	159	28	18	195	0	29	43	0	0	8	219	18	21	0	955	
5450.000000	4	0	1	249	40	165	24	20	244	0	30	43	0	0	7	242	16	28	0	963	
5460.000000	4	0	1	267	39	170	20	20	275	0	33	47	0	0	7	254	14	28	0	975	
5470.000000	2	0	1	296	37	171	18	17	296	0	38	50	0	0	6	282	13	28	0	971	
5480.000000	2	0	1	320	35	174	16	18	315	1	37	45	0	0	6	288	11	30	0	980	
5490.000000	2	0	1	299	35	177	16	18	326	1	35	47	0	0	6	307	9	33	0	1000	
5500.000000	2	0	1	277	36	191	15	17	317	1	35	44	0	0	5	328	10	37	0	990	
5510.000000	2	0	1	254	35	195	13	15	345	1	34	42	0	0	5	337	9	37	0	1002	
5520.000000	1	0	1	232	35	188	13	15	348	1	31	40	0	0	4	351	10	37	0	1018	
5530.000000	1	0	1	211	35	183	18	14	355	1	31	37	0	0	4	358	11	33	0	999	
5540.000000	1	0	1	198	35	179	20	16	360	1	29	37	0	0	4	355	14	33	0	1013	
5550.000000	1	0	1	185	35	170	17	16	348	1	29	38	0	0	4	356	16	34	0	1005	
5560.000000	1	0	1	172	33	158	17	16	341	1	31	38	0	0	4	349	17	36	0	1026	
5570.000000	1	0	1	156	32	149	17	16	326	1	28	36	0	0	4	350	16	37	0	1012	
5580.000000	1	0	1	139	28	139	22	16	304	1	25	30	0	0	4	342	12	41	0	1017	
5590.000000	1	0	1	125	28	136	20	13	286	1	24	29	0	0	4	341	10	37	0	998	
5600.000000	1	0	0	113	28	124	20	12	270	1	24	26	0	0	6	333	10	36	0	979	
5610.000000	1	0	0	101	25	114	19	11	253	1	22	24	0	0	7	319	11	39	0	1016	
5620.000000	1	0	0	96	24	102	17	10	229	0	22	23	0	0	6	302	10	37	0	1023	
5630.000000	1	0	0	91	23	88	13	10	205	0	21	21	0	0	6	292	13	35	0	1025	
5640.000000	1	0	0	85	21	80	13	10	185	0	19	21	0	0	8	289	16	33	0	1047	
5650.000000	1	0	0	80	20	77	13	10	173	0	17	18	0	0	10	274	16	34	0	1037	
5660.000000	1	0	0	75	21	73	13	10	162	0	17	17	0	0	11	256	18	32	0	1039	
5670.000000	1	0	0	83	23	68	12	10	155	0	17	15	0	0	14	252	19	26	0	1021	
5680.000000	1	0	1	86	25	63	13	10	155	1	18	14	0	0	22	235	17	23	0	1011	
5690.000000	1	0	1	82	27	61	18	8	166	3	19	14	0	0	19	229	16	23	0	1041	
5700.000000	0	0	1	77	31	59	24	8	168	3	18	21	0	0	18	221	16	21	0	1042	
5710.000000	0	1	1	69	36	56	28	11	180	2	17	22	0	0	17	224	17	23	0	1028	
5720.000000	0	1	1	62	49	54	33	11	199	2	18	28	0	0	28	223	19	23	0	1015	
5730.000000	0	1	1	53	68	54	43	11	222	2	23	38	0	1	22	248	20	32	0	1015	
5740.000000	0	1	1	47	92	55	46	12	240	2	22	47	0	3	20	255	19	44	0	1026	
5750.000000	0	1	1	41	111	56	57	12	258	2	21	60	0	5	18	270	19	61	0	1008	
5760.000000	0	0	1	38	140	58	62	11	293	2	20	83	0	6	17	299	19	81	0	984	
5770.000000	0	0	1	35	174	59	68	10	326	1	22	101	0	8	15	324	21	112	0	984	
5780.000000	0	0	1	31	199	57	74	12	345	1	19	114	0	10	23	374	21	151	0	967	
5790.000000	0	0	1	65	213	52	80	13	371	0	18	125	0	11	22	419	20	193	0	948	
5800.000000	0	0	1	110	210	49	75	11	393	0	14	151	0	13	20	463	19	214	0	945	
5810.000000	0	0	1	153	200	50	70	11	421	0	13	166	0	12	19	515	18	250	0	950	
5820.000000	0	0	1	197	188	52	70	10	424	0	13	184	0	12	18	557	19	289	0	971	
5830.000000	0	0	1	228	174	47	68	10	436	0	11	194	0	11	27	578	16	326	0	966	
5840.000000	0	0	1	242	165	46	65	10	438	0	10	204	0	11	26	619	12	332	0	964	
5850.000000	0	0	1	255	144	41	54	10	422	0	9	208	0	9	22	639	11	352	0	967	
5860.000000	0	0	1	252	137	40	49	9	405	0	9	208	0	10	22	663	9	368	0	985	
5870.000000	0	0	1	243	128	34	45	7	380	0	10	199	0	9	21	699	9	381	0	1013	
5880.000000	0	0	1	225	116	30	42	7	371	0	9	191	0	8	19	707	9	390	0	1010	
5890.000000	0	0	1	212	111	26	40	7	350	0	8	187	0	8	16	713	9	380	0	981	
5900.000000	0	0	0	198	102	25	36	7	333	0	8	177	0	8	17	722	8	376	0	1021	
5910.000000	0	0	0	181	91	22	30	5	293	0	7	161	0	8	20	738	8	369	0	1041	
5920.000000	0	0	0	164	84	22	30	5	265	0	6	152	0	8	17	745	9	369	0	1073	
5930.000000	0	0	0	141	78	20	26	4	244	0	6	143	0	8	15	749	9	360	0	1075	
5940.000000	0	0	0	128	69	18	24	4	230	0	6	138	0	7	15	778	9	343	0	1056	
5950.000000	0	0	1	119	67	17	23	4	216	0	5	130	0	6	18	759	7	330	0	1057	
5960.000000	0	0	1	119	67	13	22	4	207	0	4	122	0	6	18	769	7	318	0	1036	
5970.000000	0	0	1	118	66	13	22	3	193	0	4	113	0	5	14	789	7	304	0	1037	
5980.000000	0	0	1	125	65	13	22	3	186	0	4	112	0	5	13	782	6	284	0	1014	
5990.000000	0	0	1	135	63	13	23	3	194	0	4	105	0	4	12	806	7	270	0	1024	
6000.000000	0	0	1	157	61	12	25	2	211	0	4	101	0	4	12	805	7	260	0	1042	
6010.000000	0	0	1	169	54	11	24	3	217	1	4	98	0	4	9	785	8	245	0	1053	
6020.000000	0	0	1	157	49	11	25	3	228	1	4	96	0	4	9	777	7	242	0	1026	
6030.000000	0	0	1	143	51	10	27	3	249	1	3	96	0	4	9	798	6	238	0	1012	
6040.000000	0	0	1	132	51	9	31	3	281	1	2	99	0	4	9	797	5	236	0	1016	
6050.000000	0	0	1	121	59	8	39	2	294	1	2	111	0	4	9	797	5	247	0	1001	
6060.000000	0	0	1	111	67	8	45	3	311	2	2	130	0	4	8	813	6	253	0	1001	
6070.000000	0	0	1	95	72	8	47	3	333	2	2	136	0	4	8	820	6	267	0	998	
6080.000000	0	0	1	93	73	8	48	4	349	2	2	162	0	4	8	840	8	281	0	975	
6090.000000	0	0	1	86	76	7	54	4	364	1	2	188	0	3	8	835	10	304	0	970	
6100.000000	0	0	1	80	78	6	58	4	392	1	2	197	0	3	8	819	10	321	0	986	
6110.000000	0	0	1	77	88	5	54	4	413	1	2	196	0	3	8	844	10	341	0	981	
6120.000000	0	0	1	75	96	4	58	4	422	1	2	207	0	3	7	841	9	351	0	973	
6130.000000	0	0	1	68	105	3	60	4	432	1	2	214	0	4	7	860	9	354	0	981	
6140.000000	0	0	1	62	109	3	59	4	419	1	2	219	0	5	4	869	7	366	0	981	
6150.000000	0	0	1	53	109	3	59	3	413	1	2	226	0	5	4	900	7	385	0	970	
6160.000000	0	0	1	46	118	2	58	3	389	1	2	220	0	5	3	901	7	386	0	979	
6170.000000	0	0	1	43	112	2	60	3	372	1	1	215	0	5	2	888	7	395	0	987	
6180.000000	0	0	1	41	111	2	57	3	358	1	1	209	0	4	2	862	7	400	0	995	
6190.000000	0	0	1	36	104	2	47	3	338	1	1	197	0	4	1	858	7	398	0	1017	
6200.000000	0	0	1	33	102	2	41	3	313	0	1	178	0	4	1	855	7	396	0	1003	
6210.000000	0	0	1	32	93	2	35	3	299	0	1	165	0	3	1	858	7	392	0	1005	
6220.000000	0	0	1	30	90	2	31	3	277	0	1	155	0	2	1	839	7	381	0	993	
6230.000000	0	0	0	27	83	2	31	2	256	0	1	150	0	2	0	862	7	375	0	977	
6240.000000	0	0	0	25	80	2	31	1	234	0	1	142	0	2	0	866	6	370	0	975	
6250.000000	0	0	0	26	76	2	31	1	225	0	1	132	0	3	2	866	6	369	0	970	
6260.000000	0	0	0	29	76	2	29	1	210	0	1	124	0	2	7	855	5	346	0	987	
6270.000000	0	0	1	36	79	2	30	1	202	0	0	119	0	2	9	850	5	333	0	986	
6280.000000	0	0	1	43	84	2	33	1	198	0	0	115	0	2	9	855	5	334	0	977	
6290.000000	0	0	1	57	87	1	37	1	202	0	0	119	0	1	9	856	5	321	0	995	
6300.000000	0	0	1	78	92	1	34	1	209	0	0	125	0	1	8	857	5	327	0	1011	
6310.000000	0	0	1	94	92	1	38	1	226	0	0	126	0	3	26	840	5	315	0	1008	
6320.000000	0	0	1	132	86	1	33	1	251	0	0	134	0	4	28	857	5	321	0	1016	
6330.000000	0	0	0	160	81	1	32	1	271	0	0	133	0	6	37	876	4	315	0	1012	
6340.000000	0	0	1	215	71	1	31	1	290	0	0	138	0	7	34	877	5	312	0	1012	
6350.000000	0	0	1	235	69	1	29	1	304	0	0	143	0	6	31	857	6	304	0	1002	
6360.000000	0	0	1	267	71	1	27	1	342	0	0	137	0	7	29	878	6	295	0	1006	
6370.000000	0	0	1	282	65	0	31	0	362	1	0	143	0	7	26	900	6	294	0	1014	
6380.000000	0	0	1	256	62	0	30	1	379	1	0	143	0	7	26	910	6	280	0	997	
6390.000000	0	0	1	253	62	0	29	3	387	0	0	141	0	6	26	890	6	280	0	984	
6400.000000	0	0	1	270	63	0	26	3	411	1	0	147	0	4	24	892	5	287	0	979	
6410.000000	0	0	1	257	63	0	27	3	417	1	0	142	0	4	21	902	6	278	0	1002	
6420.000000	0	0	1	232	59	0	26	4	434	1	0	135	0	4	20	913	5	276	0	1004	
6430.000000	0	0	1	213	55	0	30	3	433	1	0	128	0	4	17	926	5	279	0	1004	
6440.000000	0	0	1	194	52	0	31	2	430	1	0	128	0	4	16	917	6	277	0	1002	
6450.000000	0	0	1	178	44	0	32	1	426	1	0	128	0	4	16	914	6	274	0	992	
6460.000000	0	0	1	162	43	0	27	1	407	1	0	125	0	4	16	916	5	270	0	1005	
6470.000000	0	0	1	152	40	0	24	1	418	0	0	116	0	4	16	905	5	262	0	1015	
6480.000000	0	0	1	155	39	0	24	1	397	0	0	105	0	4	14	873	5	245	0	1013	
6490.000000	0	0	1	153	34	0	27	0	382	0	0	94	0	3	14	872	4	237	0	998	
6500.000000	0	0	1	145	32	0	26	0	354	0	0	90	0	2	11	857	4	232	0	1016	
6510.000000	0	0	1	141	29	0	24	0	315	0	0	85	0	1	10	850	4	228	0	1008	
6520.000000	0	0	1	136	27	0	22	0	295	0	0	79	0	1	10	831	4	223	0	1005	
6530.000000	0	0	1	132	24	0	21	0	279	0	0	74	0	1	10	828	4	206	0	975	
6540.000000	0	0	1	119	21	0	20	0	258	0	0	69	0	1	8	825	5	202	0	975	
6550.000000	0	0	1	112	17	0	17	0	242	0	0	65	0	1	8	779	5	196	0	998	
6560.000000	0	0	1	106	15	0	17	0	226	0	0	62	0	1	6	769	4	196	0	1002	
6570.000000	0	0	1	115	18	0	17	0	217	0	0	56	0	1	5	761	5	190	0	1009	
6580.000000	0	0	1	123	17	0	16	0	203	0	0	54	0	1	4	725	5	178	0	1020	
6590.000000	0	0	1	136	21	0	18	0	202	0	0	49	0	1	3	712	5	172	0	1005	
6600.000000	0	0	1	163	20	0	17	0	210	0	0	49	0	1	3	693	5	159	0	1030	
6610.000000	0	0	1	181	21	0	15	0	212	0	0	47	0	1	3	682	5	153	0	1038	
6620.000000	0	0	1	197	22	0	14	0	232	0	0	43	0	1	3	674	5	140	0	1024	
6630.000000	0	0	1	223	21	0	13	0	242	0	0	42	0	1	3	653	5	131	0	1033	
6640.000000	0	1	1	244	22	0	16	0	267	0	0	42	0	1	3	641	5	121	0	1027	
6650.000000	0	1	1	269	24	0	18	0	292	0	0	44	0	1	3	628	4	121	0	1043	
6660.000000	0	1	1	313	24	0	17	0	322	0	0	47	0	0	28	627	5	117	0	1021	
6670.000000	0	1	1	343	25	0	17	1	349	0	0	48	0	0	27	614	5	110	0	1009	
6680.000000	0	1	1	361	25	0	20	1	372	0	0	54	0	0	27	608	5	102	0	1009	
6690.000000	0	1	1	359	23	0	21	1	380	1	0	58	0	0	26	612	5	105	0	1013	
6700.000000	0	1	1	331	22	0	20	1	408	1	0	63	0	0	25	604	4	115	0	1025	
6710.000000	0	1	1	295	24	0	19	1	435	1	0	63	0	0	24	600	6	114	0	1015	
6720.000000	0	0	1	275	21	0	17	1	452	1	1	66	0	0	22	591	6	111	0	1011	
6730.000000	0	0	1	256	21	0	19	2	458	1	0	64	0	0	19	589	6	100	0	1005	
6740.000000	0	0	1	240	21	0	16	2	442	1	1	59	0	0	17	585	6	94	0	1012	
6750.000000	0	0	1	217	20	0	18	2	433	1	1	60	0	0	15	584	6	91	0	1028	
6760.000000	0	0	1	197	20	0	17	2	417	1	1	56	0	0	13	566	7	87	0	1013	
6770.000000	0	0	1	181	21	0	18	2	409	1	1	55	0	0	13	555	7	90	0	1001	
6780.000000	0	0	1	166	20	0	17	2	390	1	1	57	0	0	13	554	8	82	0	983	
6790.000000	0	0	1	151	20	0	15	2	376	1	1	53	0	0	11	568	7	79	0	963	
6800.000000	0	0	1	138	22	0	15	2	342	1	1	52	0	0	9	568	8	75	0	952	
6810.000000	0	0	1	131	20	0	15	2	320	1	1	50	0	0	7	549	9	69	0	963	
6820.000000	0	0	1	121	18	0	13	2	300	1	1	45	0	0	6	557	9	63	0	948	
6830.000000	0	0	1	109	18	0	13	2	267	1	1	40	0	0	6	538	8	64	0	961	
6840.000000	0	0	1	100	18	0	10	2	244	1	1	36	0	0	4	527	8	61	0	976	
6850.000000	0	0	1	93	17	0	9	2	223	1	1	34	0	0	4	505	9	61	0	982	
6860.000000	0	0	1	85	16	0	8	2	206	1	1	31	0	0	3	488	8	53	0	987	
6870.000000	0	0	1	82	17	0	10	2	204	1	1	30	0	0	3	458	8	54	0	983	
6880.000000	0	0	1	74	19	0	15	2	199	2	1	28	0	0	3	431	7	47	0	1013	
6890.000000	0	0	1	67	23	0	17	2	206	2	1	28	0	0	2	411	6	45	0	1017	
6900.000000	0	0	0	65	30	0	21	2	208	2	1	29	0	1	17	389	5	44	0	992	
6910.000000	0	0	1	55	36	0	28	2	225	2	1	35	0	3	23	387	5	47	0	989	
6920.000000	0	0	1	50	52	0	31	3	239	2	1	43	0	5	20	380	5	47	0	992	
6930.000000	0	0	1	48	74	0	36	3	258	2	2	47	0	6	19	388	8	47	0	987	
6940.000000	0	0	1	43	90	0	50	3	281	2	2	63	0	8	14	408	7	68	0	977	
6950.000000	0	0	1	36	107	0	62	2	312	3	1	93	0	12	14	423	7	88	0	943	
6960.000000	0	0	1	33	132	0	64	2	346	3	1	117	0	12	14	463	7	116	0	951	
6970.000000	0	0	1	29	156	0	69	1	364	2	0	137	0	11	13	497	8	154	0	957	
6980.000000	0	0	1	28	181	0	79	1	397	2	0	166	0	13	13	540	8	196	0	977	
6990.000000	0	0	1	24	203	0	88	1	411	1	0	193	0	11	11	559	8	242	0	971	
7000.000000	0	0	1	20	224	0	96	1	444	1	0	206	0	13	10	585	7	276	0	981	
7010.000000	0	0	1	17	252	0	95	1	465	1	0	229	0	15	10	605	7	325	0	978	
7020.000000	0	0	1	15	286	0	99	1	478	1	0	237	0	15	10	635	7	369	0	950	
7030.000000	0	0	1	15	306	0	102	1	466	1	0	251	0	13	8	653	5	391	0	950	
7040.000000	0	0	1	15	308	0	99	1	466	1	0	265	0	16	8	656	4	411	0	964	
7050.000000	0	0	1	14	304	0	98	0	457	1	0	262	0	18	7	680	3	452	0	984	
7060.000000	0	0	1	11	305	0	88	0	448	1	0	252	0	16	7	718	2	486	0	988	
7070.000000	0	0	1	23	307	0	83	0	432	1	0	249	0	14	8	754	2	496	0	1021	
7080.000000	0	0	1	18	294	0	81	0	406	1	0	243	0	14	6	768	2	506	0	1013	
7090.000000	0	0	1	17	276	0	79	0	378	1	0	229	0	13	6	779	2	493	0	1038	
7100.000000	0	0	1	16	260	0	78	0	362	1	0	215	0	11	5	792	2	510	0	1025	
7110.000000	0	0	0	14	235	0	75	0	345	1	0	199	0	10	8	809	2	514	0	1015	
7120.000000	0	0	0	12	205	0	68	0	319	1	0	183	0	9	8	797	1	526	0	1011	
7130.000000	0	0	0	11	189	0	63	0	287	1	0	170	0	8	8	838	0	531	0	998	
7140.000000	0	0	0	10	172	0	58	0	270	1	1	158	0	7	9	843	0	510	0	999	
7150.000000	0	0	0	8	166	0	52	0	247	1	1	149	0	6	12	843	0	495	0	1016	
7160.000000	0	0	0	6	156	0	51	0	237	1	1	137	0	5	14	841	0	491	0	1025	
7170.000000	0	0	0	6	150	0	54	0	225	1	1	137	0	5	27	865	0	494	0	1016	
7180.000000	0	0	1	5	148	0	51	0	217	1	1	137	0	4	26	881	0	484	0	993	
7190.000000	0	0	1	5	154	0	57	0	218	1	2	138	0	6	21	888	0	497	0	994	
7200.000000	0	0	1	5	172	0	63	0	217	1	3	144	0	6	14	865	0	501	0	995	
7210.000000	0	1	1	5	196	0	68	0	236	1	2	153	0	8	10	868	0	503	0	992	
7220.000000	0	1	1	5	217	0	72	0	254	1	2	170	0	8	6	866	0	514	0	981	
7230.000000	0	1	1	5	238	0	79	0	275	1	2	181	0	8	6	857	0	521	0	985	
7240.000000	0	2	1	5	264	0	81	0	302	1	2	198	0	8	5	849	0	549	0	983	
7250.000000	0	3	1	5	266	0	86	0	342	1	2	218	0	9	4	846	0	558	0	990	
7260.000000	0	2	1	5	303	0	96	0	370	1	2	249	0	9	4	855	0	581	0	984	
7270.000000	0	3	1	4	328	0	106	0	394	1	3	268	0	10	4	857	0	600	0	972	
7280.000000	0	3	1	3	344	0	105	0	406	1	3	276	0	11	4	859	0	622	0	988	
7290.000000	0	3	1	3	387	0	109	0	432	1	3	299	0	9	2	866	0	638	0	1011	
7300.000000	0	3	1	3	400	1	112	0	453	1	2	308	0	7	1	878	0	634	0	1022	
7310.000000	0	3	1	3	427	1	118	0	476	1	2	324	0	6	1	856	0	655	0	1033	
7320.000000	0	3	1	3	432	1	120	0	501	1	1	337	0	6	1	861	0	684	0	1031	
7330.000000	0	3	1	3	440	1	120	0	504	1	1	362	0	6	1	868	0	709	0	1036	
7340.000000	0	3	1	1	446	1	109	0	488	1	0	350	0	31	0	882	0	713	0	1024	
7350.000000	0	3	1	1	430	1	100	0	487	1	0	353	0	74	0	888	0	727	0	1007	
7360.000000	0	3	1	1	413	0	92	0	474	1	0	329	0	104	0	903	0	737	0	1016	
7370.000000	0	1	1	1	394	0	94	0	439	1	0	308	0	109	0	930	0	759	0	1008	
7380.000000	0	1	1	1	376	0	91	0	411	1	0	292	0	118	0	955	0	770	0	1010	
7390.000000	0	1	1	1	340	0	85	0	388	1	0	271	0	117	0	951	0	763	0	1017	
7400.000000	0	1	1	1	321	0	79	0	365	1	0	251	0	115	0	931	0	776	0	1009	
7410.000000	0	1	1	1	306	0	75	0	339	1	0	230	0	105	0	924	0	770	0	999	
7420.000000	0	1	1	1	284	0	71	0	318	1	0	219	0	94	0	906	0	767	0	992	
7430.000000	0	1	1	1	258	0	62	0	299	1	0	204	0	82	0	908	0	751	0	1008	
7440.000000	0	1	1	1	228	0	54	0	275	1	0	185	0	78	0	927	0	743	0	1000	
7450.000000	0	1	1	1	210	0	51	0	254	1	0	170	0	74	0	920	0	712	0	1012	
7460.000000	0	1	1	1	192	0	56	0	237	1	0	155	0	72	0	914	0	684	0	993	
7470.000000	0	1	1	1	185	0	55	0	226	1	0	140	0	65	0	893	0	661	0	1003	
7480.000000	0	1	1	0	196	0	63	0	223	1	0	132	0	75	0	891	0	662	0	996	
7490.000000	0	1	1	0	199	0	69	0	221	1	0	144	0	90	0	876	1	644	0	976	
7500.000000	0	1	1	0	204	0	66	0	234	1	0	147	0	109	0	889	1	633	0	983	
7510.000000	0	1	1	0	218	0	69	0	238	1	0	153	0	124	0	904	1	621	0	973	
7520.000000	0	2	1	0	244	0	78	0	260	1	0	166	0	152	0	904	2	615	0	979	
7530.000000	0	2	1	0	260	0	85	0	280	1	0	181	0	183	0	896	1	599	0	971	
7540.000000	0	2	1	0	286	0	91	0	290	1	0	208	0	218	0	910	1	612	0	987	
7550.000000	0	2	1	0	325	0	89	0	301	1	0	237	0	243	0	912	2	629	0	987	
7560.000000	0	3	1	0	346	0	101	0	330	1	0	256	0	275	0	930	2	643	0	1005	
7570.000000	0	3	1	0	370	0	102	0	359	2	0	277	0	311	0	911	2	665	0	1014	
7580.000000	0	3	1	0	386	0	102	0	379	1	0	303	0	351	0	912	2	677	0	1010	
7590.000000	0	3	1	0	425	0	105	0	406	1	0	317	0	393	0	906	2	676	0	1010	
7600.000000	0	3	1	0	455	0	102	0	436	1	0	325	0	411	0	934	2	700	0	1008	
7610.000000	0	1	1	0	456	0	100	0	435	1	0	331	0	420	0	938	2	714	0	1000	
7620.000000	0	1	1	0	478	0	97	0	442	1	0	336	0	422	0	933	2	716	0	992	
7630.000000	0	1	1	0	479	0	97	0	443	1	0	347	0	431	0	957	2	727	0	985	
7640.000000	0	1	1	0	481	0	101	0	447	1	0	346	0	438	0	962	2	739	0	975	
7650.000000	0	1	1	0	475	0	101	0	438	1	0	343	0	425	0	985	1	739	0	966	
7660.000000	0	1	1	0	470	0	103	0	432	1	0	328	0	432	0	974	1	750	0	963	
7670.000000	0	1	1	0	451	0	100	0	412	1	0	311	0	398	0	975	1	757	0	970	
7680.000000	0	1	0	0	425	0	91	0	407	1	0	288	0	376	5	1001	1	764	0	987	
7690.000000	0	1	1	0	395	0	81	0	382	1	0	276	0	357	15	1009	1	757	0	998	
7700.000000	0	1	1	0	366	0	77	0	360	1	0	255	0	318	14	1007	1	739	0	1005	
7710.000000	0	1	1	0	338	0	70	0	327	1	0	235	0	288	13	997	1	732	0	1010	
7720.000000	0	1	1	1	310	0	63	0	295	0	0	211	0	257	11	993	1	722	0	1011	
7730.000000	0	1	1	1	279	0	59	0	272	0	0	190	0	235	10	985	1	710	0	1010	
7740.000000	0	1	0	1	254	0	59	0	255	0	0	164	0	213	10	984	1	695	0	1008	
7750.000000	0	1	0	3	234	0	51	0	235	0	0	149	0	198	12	956	1	689	0	1017	
7760.000000	0	1	0	4	223	0	50	0	232	0	0	141	0	186	17	955	1	669	0	1003	
7770.000000	0	1	1	11	230	0	50	0	235	0	0	132	0	164	18	935	1	633	0	995	
7780.000000	0	1	1	26	218	0	55	0	228	0	0	132	0	153	17	925	1	612	0	999	
7790.000000	0	1	1	52	213	0	60	0	224	0	0	130	0	144	16	928	1	602	0	993	
7800.000000	0	1	1	68	203	0	62	0	219	0	0	139	0	134	16	969	1	584	0	983	
7810.000000	0	1	1	96	195	0	55	0	230	0	0	150	0	126	15	943	1	586	0	960	
7820.000000	0	1	1	126	178	0	56	0	248	1	0	169	0	119	14	938	1	582	0	966	
7830.000000	0	1	1	118	171	0	56	0	256	1	0	181	0	112	14	943	1	567	0	978	
7840.000000	0	2	1	106	166	0	52	0	276	1	0	199	0	109	13	943	1	560	0	965	
7850.000000	0	2	1	97	160	0	51	0	310	1	0	210	0	102	10	948	1	543	0	961	
7860.000000	0	2	1	87	157	0	54	0	334	1	0	215	0	99	10	953	3	547	0	983	
7870.000000	0	2	1	82	161	0	55	0	341	1	0	228	0	85	9	929	2	550	0	1006	
7880.000000	0	3	1	69	161	0	53	0	366	1	0	231	0	69	9	924	2	548	0	1004	
7890.000000	0	2	1	63	170	0	57	1	379	1	0	248	0	66	9	923	3	541	0	1011	
7900.000000	0	3	1	61	175	0	56	0	391	0	0	245	0	60	8	912	4	539	0	1008	
7910.000000	0	3	1	109	178	0	60	0	392	0	0	264	0	57	8	930	5	531	0	1020	
7920.000000	0	3	1	145	174	0	56	0	411	0	0	263	0	49	8	920	5	531	0	1013	
7930.000000	0	3	1	173	163	0	55	0	425	0	0	272	0	44	8	953	5	530	0	995	
7940.000000	0	3	1	188	154	0	52	0	414	0	0	272	0	39	8	951	4	531	0	1010	
7950.000000	0	4	1	197	150	0	49	0	407	0	0	268	0	37	7	970	3	523	0	1026	
7960.000000	0	3	1	220	138	0	47	0	391	0	0	255	0	33	6	974	3	527	0	1030	
7970.000000	0	2	1	221	129	0	46	0	376	0	0	239	0	31	6	989	3	506	0	1047	
7980.000000	0	0	1	217	119	0	44	0	365	0	0	221	0	30	5	988	3	492	0	1052	
7990.000000	0	0	1	205	110	0	44	0	347	0	0	216	0	30	5	975	3	480	0	1047	
8000.000000	0	0	1	196	98	0	41	0	326	0	0	204	0	25	4	989	3	479	0	1059	
8010.000000	0	0	1	177	87	0	39	0	303	0	0	189	0	21	4	988	2	468	0	1060	
8020.000000	0	0	1	165	76	0	35	0	276	0	0	163	0	20	4	987	2	460	0	1069	
8030.000000	0	0	1	150	68	0	31	0	248	0	0	150	0	19	2	976	2	454	0	1042	
8040.000000	0	0	1	138	63	0	28	0	226	0	0	131	0	17	2	959	2	411	0	1045	
8050.000000	0	0	1	127	55	0	27	0	203	0	0	118	0	15	1	962	1	399	0	1013	
8060.000000	0	0	1	122	51	0	25	0	192	0	0	101	0	12	1	952	0	376	0	1017	
8070.000000	0	0	1	119	48	0	24	0	188	0	0	90	0	12	1	939	0	365	0	1024	
8080.000000	0	0	1	115	47	0	24	0	190	0	0	86	0	11	1	943	1	349	0	1027	
8090.000000	0	0	1	120	47	0	25	0	193	0	0	83	0	26	0	929	0	324	0	1023	
8100.000000	0	0	1	108	49	0	23	0	209	1	0	76	0	47	0	916	2	302	0	1019	
8110.000000	0	0	1	100	53	0	25	0	227	1	0	77	0	72	0	897	1	296	0	1027	
8120.000000	0	0	1	88	54	0	28	0	243	1	0	74	0	96	0	853	0	277	0	1021	
8130.000000	0	0	1	79	60	0	28	0	258	1	0	81	0	122	0	846	0	265	0	1002	
8140.000000	0	0	1	76	65	0	33	0	280	1	0	90	0	151	0	825	0	264	0	998	
8150.000000	0	0	1	72	74	0	37	1	309	1	5	102	0	182	0	834	0	270	0	975	
8160.000000	0	0	1	67	94	0	39	1	344	1	5	115	0	221	0	849	0	279	0	981	
8170.000000	0	0	1	60	106	1	51	0	359	1	6	136	0	246	0	851	0	293	0	1013	
8180.000000	0	0	1	57	118	1	61	0	387	2	6	150	0	273	0	827	0	307	0	996	
8190.000000	0	1	1	52	139	0	71	0	417	1	5	176	0	297	0	820	0	341	0	1002	
8200.000000	0	1	1	44	156	0	76	0	441	1	4	192	0	332	0	832	0	374	0	994	
8210.000000	0	1	1	43	181	0	76	0	454	1	5	214	0	362	0	823	0	399	0	993	
8220.000000	0	1	1	40	198	0	78	0	465	1	5	229	0	388	0	843	0	419	0	970	
8230.000000	0	1	1	39	208	0	82	0	466	1	6	240	0	388	0	845	0	423	0	960	
8240.000000	0	1	1	71	204	0	79	0	464	0	6	256	0	404	0	838	0	450	0	963	
8250.000000	0	1	1	87	197	0	71	0	461	0	6	257	0	394	0	873	0	475	0	972	
8260.000000	0	1	1	106	194	0	62	0	448	0	6	251	0	397	0	879	0	498	0	980	
8270.000000	0	3	1	118	173	0	56	0	429	0	5	247	0	384	0	868	0	499	0	972	
8280.000000	0	3	1	118	157	0	51	0	415	0	5	239	0	376	0	887	0	502	0	971	
8290.000000	0	3	1	122	141	0	50	0	383	0	5	221	0	358	0	895	0	499	0	962	
8300.000000	0	3	1	120	134	0	44	0	356	0	4	207	0	320	0	876	1	487	0	985	
8310.000000	0	3	1	113	127	0	41	0	329	0	4	192	0	302	0	869	1	491	0	971	
8320.000000	0	3	1	103	115	0	39	0	301	0	3	180	0	281	0	866	1	493	0	986	
8330.000000	0	2	1	98	104	0	36	0	285	0	3	165	0	264	0	880	1	465	0	986	
8340.000000	0	2	1	87	95	0	33	0	261	0	3	153	0	246	0	883	1	449	0	1003	
8350.000000	0	2	1	87	90	0	31	0	237	0	3	136	0	229	0	890	1	437	0	998	
8360.000000	0	2	1	87	84	0	31	0	231	0	3	126	0	218	0	912	1	420	0	995	
8370.000000	0	2	1	89	82	0	28	0	223	0	3	117	0	201	0	905	2	416	0	1003	
8380.000000	0	2	1	95	80	0	24	0	216	0	3	116	0	193	0	924	1	394	0	1011	
8390.000000	0	2	1	117	84	0	25	0	208	0	3	107	0	193	0	939	1	378	0	1008	
8400.000000	0	2	1	136	80	0	26	0	220	0	3	102	0	193	0	899	1	369	0	1016	
8410.000000	0	2	1	159	75	0	28	0	224	0	3	103	0	200	0	882	1	362	0	998	
8420.000000	0	2	1	171	73	0	27	0	252	0	3	99	0	212	0	865	2	360	0	1000	
8430.000000	0	2	1	186	69	0	26	0	264	0	3	102	0	234	0	857	4	335	0	1003	
8440.000000	0	2	1	215	66	0	26	0	304	0	3	100	0	263	0	870	4	326	0	1005	
8450.000000	0	2	1	245	60	0	25	0	327	0	2	99	0	307	0	878	4	316	0	1016	
8460.000000	0	2	1	283	56	1	23	0	344	0	2	102	0	344	0	862	4	314	0	1014	
8470.000000	0	2	1	317	53	2	18	1	367	0	2	101	0	370	0	860	3	291	0	1007	
8480.000000	0	2	1	335	52	2	15	1	380	0	2	99	0	391	0	858	2	266	0	1009	
8490.000000	0	2	1	334	48	2	15	2	406	1	1	93	0	398	0	848	2	252	0	1020	
8500.000000	0	2	1	303	47	2	15	4	405	1	1	89	0	436	0	838	2	237	0	1019	
8510.000000	0	2	1	284	44	1	12	4	425	1	1	81	0	447	0	829	2	219	0	1044	
8520.000000	0	2	1	256	44	1	12	4	428	1	1	76	0	465	0	796	1	200	0	1047	
8530.000000	0	2	1	234	42	1	10	4	436	1	0	70	0	449	0	770	2	182	0	1036	
8540.000000	0	2	1	220	37	1	10	2	425	1	0	66	0	431	0	752	2	172	0	1038	
8550.000000	0	2	1	204	31	1	13	1	420	1	0	63	0	421	0	739	1	162	0	1050	
8560.000000	0	1	1	193	31	1	14	0	401	1	0	59	0	406	0	729	1	154	0	1022	
8570.000000	0	1	1	175	31	0	14	0	393	1	0	57	0	376	0	720	1	145	0	1017	
8580.000000	0	0	1	163	26	0	16	0	374	1	0	51	0	352	0	713	1	140	0	1031	
8590.000000	0	0	1	147	22	0	15	0	347	1	0	51	0	337	0	711	1	134	0	1030	
8600.000000	0	0	1	135	21	0	14	0	324	1	0	46	0	313	0	688	2	130	0	1022	
8610.000000	0	0	1	122	22	0	12	0	299	1	0	41	0	301	0	659	2	121	0	1008	
8620.000000	0	0	1	112	19	0	12	0	274	1	0	34	0	279	0	640	1	114	0	991	
8630.000000	0	0	1	108	17	0	11	0	255	1	0	33	0	252	0	613	1	111	0	995	
8640.000000	0	0	1	101	15	0	10	0	241	1	0	30	0	232	0	583	1	103	0	988	
8650.000000	0	0	1	91	15	0	9	0	230	1	0	25	0	217	0	536	1	98	0	987	
8660.000000	0	0	1	82	13	0	11	0	214	1	0	24	0	204	0	520	1	92	0	986	
8670.000000	0	0	1	79	15	0	10	0	206	1	0	22	0	201	0	485	1	85	0	1007	
8680.000000	0	0	1	75	17	0	14	0	212	1	0	20	0	196	0	440	2	78	0	981	
8690.000000	0	0	1	68	21	0	21	0	208	1	0	20	0	189	0	415	4	74	0	976	
8700.000000	0	0	1	61	26	0	26	0	207	1	1	22	0	187	0	399	4	69	0	980	
8710.000000	0	0	1	56	42	0	31	1	230	1	1	23	0	190	0	374	5	68	0	992	
8720.000000	0	0	1	50	49	0	42	2	236	1	1	37	0	200	0	373	5	66	0	985	
8730.000000	0	0	1	44	61	0	45	3	261	1	2	48	0	208	0	373	5	79	0	992	
8740.000000	0	0	1	39	89	1	53	3	291	1	2	71	0	218	0	374	6	100	0	981	
8750.000000	0	0	1	32	120	1	55	4	315	1	2	91	0	242	0	412	6	120	0	971	
8760.000000	0	0	1	29	151	2	64	6	354	1	2	116	0	261	0	427	6	147	0	996	
8770.000000	0	0	1	24	192	1	70	5	380	1	2	150	0	284	0	447	5	188	0	1017	
8780.000000	0	0	1	21	223	1	76	5	418	1	3	169	0	305	0	500	5	217	0	1022	
8790.000000	0	0	1	20	258	1	85	3	429	1	3	196	0	332	0	527	4	262	0	1025	
8800.000000	0	0	1	16	278	1	88	3	439	1	3	211	0	371	0	547	4	307	0	1033	
8810.000000	0	0	1	13	297	1	91	3	461	1	3	234	0	381	0	573	3	347	0	1029	
8820.000000	0	0	1	12	309	1	100	3	473	1	3	247	0	389	0	593	3	365	0	1038	
8830.000000	0	0	0	11	322	1	99	1	459	1	1	264	0	391	16	618	3	398	0	1024	
8840.000000	0	0	1	11	331	1	97	1	457	1	1	252	0	364	30	635	2	438	0	986	
8850.000000	0	0	1	10	329	1	96	1	441	1	0	251	0	341	29	652	2	469	0	1004	
8860.000000	0	0	1	9	331	0	94	0	420	1	0	248	0	325	27	691	1	492	0	983	
8870.000000	0	0	1	8	330	0	97	0	406	1	0	245	0	299	25	711	1	507	0	971	
8880.000000	0	0	1	7	317	0	89	0	385	1	0	240	0	280	24	723	1	522	0	978	
8890.000000	0	0	0	7	298	0	82	0	364	1	0	219	0	255	29	731	1	538	0	984	
8900.000000	0	0	1	7	278	0	75	0	335	1	0	208	0	243	24	747	1	541	0	994	
8910.000000	0	0	1	7	255	0	68	0	311	0	0	189	0	223	21	763	1	563	0	982	
8920.000000	0	0	1	7	244	0	64	0	287	0	0	179	0	202	17	789	1	554	0	982	
8930.000000	0	0	1	6	228	0	59	0	267	0	0	165	0	187	14	790	0	565	0	963	
8940.000000	0	0	1	7	212	0	57	0	242	0	0	145	0	169	12	777	0	564	0	982	
8950.000000	0	0	1	10	199	0	54	0	222	0	0	133	0	156	12	775	0	555	0	985	
8960.000000	0	0	1	13	190	0	54	0	209	0	0	124	0	148	11	763	0	552	0	993	
8970.000000	0	0	1	20	180	0	54	0	197	0	0	111	0	138	11	764	0	542	0	991	
8980.000000	0	0	1	31	181	0	53	0	195	0	0	110	0	127	11	769	0	543	0	989	
8990.000000	0	0	1	37	180	0	55	0	209	1	0	107	0	120	10	764	0	536	0	993	
9000.000000	0	0	1	36	189	0	53	0	210	1	0	116	0	114	10	767	0	536	0	1004	
9010.000000	0	0	1	32	188	0	55	0	223	2	0	112	0	107	9	773	0	528	0	1006	
9020.000000	0	0	1	30	200	0	59	0	233	3	1	129	0	104	9	767	0	523	0	997	
9030.000000	0	0	0	28	213	0	63	0	241	4	1	150	0	98	10	773	0	516	0	1014	
9040.000000	0	0	1	26	235	0	72	0	261	4	1	167	0	94	29	803	0	525	0	1006	
9050.000000	0	0	2	24	253	1	79	0	282	3	3	186	0	93	26	798	0	536	0	1026	
9060.000000	0	0	2	23	278	1	86	0	311	2	3	203	0	87	22	817	0	552	0	1012	
9070.000000	0	0	2	21	293	1	88	0	336	2	3	242	0	90	18	827	0	564	0	1013	
9080.000000	0	0	2	20	308	1	95	0	365	2	3	269	0	88	16	836	0	566	0	1013	
9090.000000	0	0	1	16	340	3	96	0	406	2	3	291	0	84	12	844	0	591	0	1015	
9100.000000	0	1	1	14	358	3	94	0	429	2	3	303	0	79	10	851	0	605	0	1018	
9110.000000	0	2	1	13	380	2	101	0	433	2	4	317	0	80	9	863	0	626	0	1005	
9120.000000	0	1	1	12	388	2	98	0	441	2	4	329	0	76	9	865	0	624	0	1003	
9130.000000	0	1	1	11	398	2	99	0	449	2	3	326	0	75	9	871	0	631	0	1014	
9140.000000	0	1	1	10	402	2	93	0	464	2	4	323	0	67	8	883	0	640	0	996	
9150.000000	0	1	1	10	397	2	91	0	443	3	4	317	0	56	7	879	0	646	0	990	
9160.000000	0	1	1	8	380	2	86	0	429	3	6	310	0	51	7	888	0	661	0	1004	
9170.000000	0	1	1	8	369	2	84	0	413	2	6	306	0	48	6	905	0	648	0	1006	
9180.000000	0	1	1	8	349	2	83	0	392	2	4	292	0	42	5	894	0	650	0	985	
9190.000000	0	1	1	6	331	2	78	0	369	2	4	280	0	37	5	913	0	664	0	993	
9200.000000	0	1	1	6	306	2	75	0	345	2	3	268	0	34	5	907	0	655	0	1009	
9210.000000	0	1	1	6	284	2	71	0	318	1	3	245	0	32	5	885	0	671	0	1016	
9220.000000	0	1	1	6	260	2	68	0	297	1	2	228	0	28	5	866	0	673	0	1011	
9230.000000	0	1	0	5	236	2	65	0	267	1	1	213	0	26	4	854	0	663	0	1016	
9240.000000	0	1	0	5	209	1	60	0	244	1	1	200	0	25	3	874	0	658	0	1010	
9250.000000	0	1	0	5	200	1	54	0	223	1	0	183	0	22	4	875	0	655	0	990	
9260.000000	0	1	0	5	197	1	54	0	215	1	0	176	0	22	9	874	0	650	0	997	
9270.000000	0	1	0	4	189	1	59	0	194	1	0	166	0	19	22	872	0	636	0	1005	
9280.000000	0	1	0	4	185	1	57	0	188	1	1	161	0	22	41	881	0	619	0	1002	
9290.000000	0	1	1	3	188	1	58	0	190	1	1	163	0	26	41	889	0	623	0	1002	
9300.000000	0	1	1	2	203	1	62	0	202	1	1	163	0	40	40	880	0	625	0	1007	
9310.000000	0	1	1	2	206	1	72	0	212	1	1	186	0	48	38	879	0	605	0	999	
9320.000000	0	1	1	2	227	1	76	0	235	1	1	205	0	65	32	895	0	611	0	997	
9330.000000	0	1	1	2	252	1	72	0	256	1	1	204	0	75	30	873	0	608	0	1005	
9340.000000	0	0	1	35	262	1	81	0	278	0	2	223	0	84	27	868	0	627	0	995	
9350.000000	0	0	1	41	268	1	84	0	304	1	2	245	0	82	20	884	0	628	0	1000	
9360.000000	0	0	1	37	275	1	88	0	348	1	2	247	0	82	18	860	0	637	0	985	
9370.000000	0	0	1	34	295	1	88	1	367	1	2	268	0	82	18	868	0	651	0	978	
9380.000000	0	0	1	32	314	1	85	1	386	1	3	295	0	73	16	883	0	646	0	962	
9390.000000	0	0	1	30	339	1	79	1	415	1	1	315	0	72	15	902	0	650	0	970	
9400.000000	0	0	1	29	367	1	87	1	444	1	2	322	0	74	13	899	0	656	0	976	
9410.000000	0	0	1	27	379	1	88	1	465	1	2	336	0	75	10	904	0	654	0	972	
9420.000000	0	0	1	25	380	2	90	1	474	1	2	358	0	73	9	925	0	675	0	982	
9430.000000	0	0	1	65	372	2	90	0	472	0	2	354	0	65	9	916	0	673	0	970	
9440.000000	0	0	1	94	353	2	82	0	446	0	2	362	0	54	9	948	1	681	0	981	
9450.000000	0	0	1	121	324	2	77	0	429	0	2	363	0	51	9	965	1	673	0	982	
9460.000000	0	0	1	140	296	2	71	0	424	0	2	352	0	48	8	958	0	679	0	1004	
9470.000000	0	0	1	155	275	1	65	0	412	0	1	333	0	44	6	952	0	687	0	998	
9480.000000	0	0	1	156	253	1	57	0	385	0	1	310	0	38	5	947	0	695	0	990	
9490.000000	0	0	1	154	233	1	53	0	368	0	1	288	0	33	5	937	0	672	0	989	
9500.000000	0	0	1	150	218	0	50	0	345	0	1	261	0	30	5	939	0	661	0	981	
9510.000000	0	0	1	136	206	0	48	0	313	0	2	247	0	28	5	935	0	660	0	983	
9520.000000	0	0	1	127	190	0	44	0	297	0	2	229	0	26	5	960	0	637	0	1010	
9530.000000	0	0	1	112	178	0	39	0	269	0	2	214	0	22	5	955	1	612	0	1021	
9540.000000	0	0	1	101	159	0	35	0	241	0	2	203	0	21	3	950	1	581	0	1000	
9550.000000	0	0	1	96	150	0	34	0	228	0	2	190	0	20	1	979	1	555	0	1017	
9560.000000	0	0	1	100	142	0	33	0	219	0	2	173	0	16	1	975	2	534	0	1022	
9570.000000	0	0	1	103	130	0	34	0	209	0	2	159	0	14	1	971	2	510	0	1002	
9580.000000	0	0	0	107	120	0	34	0	199	0	2	156	0	13	7	954	2	487	0	1004	
9590.000000	0	0	1	99	114	0	31	0	201	1	1	141	0	13	17	938	2	470	0	1013	
9600.000000	0	0	1	87	109	0	34	0	210	1	1	135	0	10	14	934	1	460	0	1030	
9610.000000	0	0	1	75	109	0	38	0	217	1	1	135	0	9	13	929	1	442	0	1020	
9620.000000	0	0	1	69	118	0	44	0	245	1	1	131	0	11	13	929	1	432	0	1027	
9630.000000	0	0	1	61	124	0	50	0	273	1	1	141	0	10	13	914	1	412	0	1002	
9640.000000	0	0	1	74	131	0	57	0	296	0	1	161	0	12	12	921	1	421	0	985	
9650.000000	0	0	1	118	135	0	56	0	326	0	1	174	0	12	12	935	1	435	0	999	
9660.000000	0	0	1	168	131	0	51	0	352	0	1	185	0	11	12	929	2	428	0	1008	
9670.000000	0	0	1	218	123	1	41	0	380	0	1	189	0	11	12	941	1	435	0	998	
9680.000000	0	0	1	256	112	1	38	0	403	0	1	185	0	11	11	936	1	415	0	993	
9690.000000	0	1	1	284	108	1	38	0	414	0	1	198	0	7	8	926	1	407	0	991	
9700.000000	0	1	1	296	102	1	37	0	432	0	1	205	0	7	8	931	1	394	0	986	
9710.000000	0	0	1	311	97	1	38	0	443	0	1	201	0	7	8	914	1	397	0	965	
9720.000000	0	0	1	327	93	1	33	0	440	0	1	203	0	6	7	925	1	403	0	953	
9730.000000	0	0	1	332	87	1	28	0	435	0	1	198	0	6	6	915	1	390	0	964	
9740.000000	0	0	1	346	83	1	28	0	418	0	1	190	0	6	5	913	1	364	0	984	
9750.000000	0	0	1	345	77	1	27	1	418	0	1	186	0	6	5	941	1	359	0	981	
9760.000000	0	0	1	346	75	1	26	1	414	0	2	178	0	6	5	907	0	345	0	972	
9770.000000	0	0	1	344	70	1	25	1	404	0	2	165	0	6	5	907	0	342	0	967	
9780.000000	0	0	1	324	68	1	23	1	389	0	1	158	0	6	5	913	0	329	0	966	
9790.000000	0	0	1	308	67	1	22	1	357	0	1	145	0	4	5	912	0	314	0	966	
9800.000000	0	0	0	286	61	1	20	1	328	0	1	137	0	4	7	910	1	298	0	975	
9810.000000	0	0	0	263	56	0	18	0	303	0	0	128	0	3	6	900	1	286	0	981	
9820.000000	0	0	0	245	54	0	17	0	273	0	0	118	0	3	5	909	1	274	0	995	
9830.000000	0	0	0	228	53	0	16	0	247	0	0	109	0	3	4	906	1	256	0	981	
9840.000000	0	0	0	209	48	0	14	0	224	0	0	96	0	3	3	889	1	248	0	989	
9850.000000	0	0	0	197	44	0	14	0	208	0	0	90	0	2	7	876	1	231	0	967	
9860.000000	0	0	0	194	44	0	13	0	197	0	0	85	0	1	9	865	2	220	0	958	
9870.000000	0	0	1	183	37	0	12	0	193	1	0	77	0	1	9	860	2	202	0	956	
9880.000000	0	0	1	168	38	0	14	0	199	1	0	74	0	1	8	849	2	184	0	994	
9890.000000	0	0	1	161	38	0	15	0	198	1	0	68	0	1	7	837	2	177	0	994	
9900.000000	0	0	1	147	37	0	17	0	209	1	0	63	0	1	6	817	2	164	0	989	
9910.000000	0	0	1	133	35	0	19	1	235	1	0	65	0	1	6	794	3	160	0	980	
9920.000000	0	0	1	121	36	0	23	1	260	1	0	68	0	1	8	788	2	158	0	992	
9930.000000	0	0	1	107	46	0	24	1	287	1	0	71	0	1	7	784	2	155	0	993	
9940.000000	0	0	1	102	54	0	29	1	311	1	0	81	0	1	7	771	2	155	0	972	
9950.000000	0	0	1	93	53	0	28	1	335	1	0	87	0	2	7	755	2	154	0	968	
9960.000000	0	0	1	85	58	0	34	1	362	1	0	93	0	2	7	743	1	155	0	977	
9970.000000	0	0	1	80	70	0	41	1	388	1	0	97	0	2	7	757	2	158	0	989	
9980.000000	0	0	1	78	77	0	46	1	413	1	0	117	0	4	7	754	2	174	0	989	
9990.000000	0	0	1	72	82	0	49	1	432	1	0	139	0	4	7	759	3	190	0	980	
10000.000000	0	0	1	67	86	0	54	1	456	1	0	156	0	5	7	776	3	214	0	970	
