0.000000	10	10	10	10	10	10	0	0	0	0	0	0	0	0	0	0	0	0	0	0	
0.000000	10	10	10	10	10	10	0	0	0	0	1	0	0	0	0	0	0	0	0	0	
10.000000	10	16	34	41	16	10	0	0	0	0	14	0	9	14	1	33	0	0	0	62	
20.000000	9	16	46	59	12	9	0	0	0	0	11	0	8	49	1	26	0	0	0	81	
30.000000	7	16	51	75	11	9	0	0	0	0	10	0	7	77	1	23	0	0	0	92	
40.000000	7	16	66	79	10	9	0	0	0	0	10	0	6	122	1	21	0	0	0	104	
50.000000	7	15	72	79	9	8	0	0	0	0	8	0	6	170	1	19	0	0	0	116	
60.000000	5	15	75	74	8	8	0	0	0	0	21	0	6	216	1	19	0	0	0	121	
70.000000	5	13	83	71	8	8	0	0	0	0	17	0	6	258	1	17	0	0	0	126	
80.000000	5	12	83	64	7	7	0	0	0	0	16	0	5	284	1	16	0	0	0	129	
90.000000	5	11	79	57	7	5	0	0	0	0	14	0	5	330	1	15	0	0	0	133	
100.000000	4	10	77	55	7	5	0	0	0	0	12	0	5	364	1	14	0	0	0	128	
110.000000	4	10	77	47	7	3	0	0	0	0	11	0	5	380	1	14	0	0	0	126	
120.000000	4	10	77	45	6	3	0	0	0	0	9	0	5	379	1	13	0	0	0	128	
130.000000	4	9	84	40	5	3	0	0	0	0	7	0	5	379	1	12	0	0	0	126	
140.000000	4	9	86	35	4	2	0	0	0	0	6	0	5	374	1	12	0	0	0	123	
150.000000	4	8	80	33	3	2	0	0	0	0	4	0	3	372	1	10	0	0	0	132	
160.000000	3	9	74	33	3	2	0	0	0	0	15	0	3	362	0	14	0	0	0	125	
170.000000	2	7	69	31	2	2	0	0	0	0	13	0	2	348	1	12	0	0	0	127	
180.000000	1	6	63	28	2	1	0	0	0	0	12	0	1	317	1	9	0	0	0	132	
190.000000	1	6	55	22	2	1	0	0	0	0	10	0	1	284	1	8	0	0	0	129	
200.000000	1	5	49	22	2	0	0	0	0	0	8	0	1	256	1	7	0	0	0	127	
210.000000	1	4	39	15	2	0	0	0	0	0	7	0	1	224	1	5	0	0	0	138	
220.000000	1	4	32	12	1	0	0	0	0	0	5	0	1	170	1	5	0	0	0	146	
230.000000	1	4	28	8	1	0	0	0	0	0	4	0	1	138	0	18	0	0	0	148	
240.000000	1	5	23	7	1	0	0	0	0	0	5	0	1	122	0	39	0	0	0	147	
250.000000	1	3	20	5	0	0	5	0	0	0	4	0	1	106	1	41	0	0	0	141	
260.000000	0	3	17	5	0	0	9	0	0	0	3	0	1	96	1	38	0	0	0	134	
270.000000	0	2	14	5	0	0	13	0	0	0	3	0	1	96	1	31	0	0	0	130	
280.000000	0	2	13	5	0	0	18	0	0	0	3	0	1	112	1	25	0	0	0	118	
290.000000	0	5	13	5	0	0	16	0	0	0	7	0	1	123	0	28	0	0	0	123	
300.000000	0	6	18	4	0	0	18	0	0	0	14	0	1	140	1	32	0	0	0	123	
310.000000	0	5	19	4	0	0	23	0	0	0	11	0	1	179	1	25	0	0	0	131	
320.000000	0	4	24	3	12	0	25	0	0	0	8	0	1	200	1	23	0	0	0	121	
330.000000	0	4	32	2	12	0	30	0	0	0	7	0	1	220	1	20	0	0	0	122	
340.000000	0	3	36	2	12	0	35	0	0	0	7	0	1	226	1	17	0	0	0	124	
350.000000	0	3	41	2	12	0	43	0	0	0	6	0	1	254	1	16	0	0	0	122	
360.000000	0	2	40	2	11	0	40	0	0	0	10	0	1	287	1	15	0	0	0	131	
370.000000	0	2	46	1	10	0	41	0	0	0	10	0	1	307	1	13	0	0	0	122	
380.000000	0	2	49	1	9	0	38	0	0	0	10	0	1	333	1	11	0	0	0	128	
390.000000	0	0	51	1	9	0	34	0	0	0	10	0	1	349	1	10	0	0	0	133	
400.000000	0	0	57	1	7	0	31	0	0	0	9	0	1	373	1	10	0	0	0	123	
410.000000	0	0	61	3	6	0	27	0	0	0	8	0	1	386	1	9	0	0	0	126	
420.000000	0	0	62	3	5	0	26	0	0	0	6	0	1	404	1	6	0	0	0	125	
430.000000	0	0	62	3	5	0	24	0	0	0	6	0	1	394	1	4	0	0	0	121	
440.000000	0	0	57	3	5	0	20	0	0	0	3	0	1	389	1	3	0	0	0	118	
450.000000	0	0	53	3	5	0	16	0	0	0	2	0	1	368	1	3	0	0	0	131	
460.000000	0	0	52	3	5	0	15	0	0	0	2	0	1	359	1	3	0	0	0	142	
470.000000	0	0	46	1	4	0	12	0	0	0	2	0	1	340	1	3	0	0	0	144	
480.000000	0	0	35	1	3	0	11	0	0	0	2	0	1	320	1	3	0	0	0	142	
490.000000	0	0	26	1	2	0	9	0	0	0	2	0	1	296	1	3	0	0	0	143	
500.000000	0	0	24	1	1	0	8	0	0	0	2	0	1	251	1	3	0	0	0	145	
510.000000	0	0	19	1	1	0	8	0	0	0	2	0	1	221	1	1	0	0	0	135	
520.000000	0	0	16	1	0	0	7	0	0	0	2	0	1	180	0	9	0	0	0	143	
530.000000	0	0	11	1	0	0	7	0	0	0	2	0	0	144	0	29	0	0	0	131	
540.000000	0	0	10	1	0	0	6	0	0	0	2	0	0	119	0	46	0	0	0	136	
550.000000	0	0	8	1	2	0	10	1	0	0	6	0	0	106	0	52	0	0	0	123	
560.000000	0	1	9	1	2	0	11	1	0	0	10	0	1	99	1	56	0	0	0	130	
570.000000	0	1	11	1	2	0	21	1	0	0	11	0	1	92	1	61	0	0	0	133	
580.000000	0	1	13	1	2	0	26	1	0	0	9	0	1	104	1	54	0	0	0	131	
590.000000	0	1	18	1	1	0	34	0	0	0	7	0	1	122	1	49	0	0	0	126	
600.000000	0	1	22	1	1	0	37	0	0	0	7	0	1	130	1	39	0	0	0	129	
610.000000	0	1	23	1	1	0	40	0	0	0	7	0	1	165	1	35	0	0	0	130	
620.000000	0	1	30	1	0	0	41	0	0	0	6	0	1	192	1	34	0	0	0	130	
630.000000	0	1	31	1	0	0	47	0	0	0	5	0	1	221	1	29	0	0	0	133	
640.000000	0	1	37	1	3	0	51	0	0	0	5	0	1	250	1	26	0	0	0	130	
650.000000	0	1	39	1	4	0	52	0	0	0	6	0	1	274	1	24	0	0	0	130	
660.000000	0	0	39	1	4	0	51	0	0	0	6	0	1	308	1	22	0	0	0	126	
670.000000	0	0	46	3	4	0	50	0	0	0	5	0	1	343	1	21	0	0	0	129	
680.000000	0	0	51	4	4	0	48	0	0	0	5	0	1	368	1	18	0	0	0	126	
690.000000	0	0	57	4	4	0	44	0	0	0	4	0	1	394	1	17	0	0	0	121	
700.000000	0	0	58	3	4	0	45	0	0	0	4	0	1	395	1	17	0	0	0	123	
710.000000	0	0	65	2	4	0	41	0	0	0	4	0	1	407	1	17	0	0	0	125	
720.000000	0	0	67	2	4	0	41	0	0	0	4	0	1	402	1	16	0	0	0	124	
730.000000	0	0	66	3	4	0	42	0	0	0	3	0	1	407	1	14	0	0	0	117	
740.000000	0	0	64	4	4	0	35	0	0	0	3	0	1	394	1	12	0	0	0	124	
750.000000	0	0	63	4	12	0	32	0	0	0	2	0	1	403	1	11	0	0	0	128	
760.000000	0	0	61	4	10	0	32	0	0	0	2	0	1	383	1	11	0	0	0	130	
770.000000	0	0	59	3	8	0	27	0	0	0	1	0	1	366	1	9	0	0	0	125	
780.000000	0	0	50	3	8	0	24	0	0	0	0	0	1	336	1	6	0	0	0	122	
790.000000	0	0	42	2	5	0	21	0	0	0	0	0	1	308	1	6	0	0	0	122	
800.000000	0	0	35	2	5	0	18	0	0	0	0	0	1	265	1	6	0	0	0	120	
810.000000	0	0	29	1	4	0	11	0	0	0	3	0	1	227	0	24	0	0	0	125	
820.000000	0	0	24	1	2	0	10	0	0	0	4	0	1	194	1	28	0	0	0	126	
830.000000	0	0	19	1	2	0	6	0	0	0	3	0	1	156	1	21	0	0	0	130	
840.000000	0	0	13	1	2	0	4	0	0	0	2	0	1	137	1	15	0	0	0	125	
850.000000	0	0	12	1	2	0	4	0	0	0	0	0	1	107	1	12	0	0	0	125	
860.000000	0	0	13	1	2	0	5	0	0	0	13	0	1	95	0	27	0	0	0	125	
870.000000	0	0	15	1	2	0	10	0	0	0	24	0	1	89	1	35	0	0	0	130	
880.000000	0	0	15	1	2	0	16	0	0	0	21	0	1	102	1	30	0	0	0	135	
890.000000	0	0	26	2	8	0	24	0	0	0	15	0	1	113	1	25	0	0	0	133	
900.000000	0	0	26	2	8	0	27	0	0	0	13	0	1	134	1	19	0	0	0	140	
910.000000	0	0	27	3	8	0	28	0	0	0	12	0	1	155	1	18	0	0	0	133	
920.000000	0	0	27	3	7	0	31	0	0	0	11	0	1	171	1	18	0	0	0	131	
930.000000	0	0	36	4	7	0	29	0	0	0	10	0	1	196	1	15	0	0	0	123	
940.000000	0	0	43	4	5	0	28	0	0	0	10	0	1	238	1	12	0	0	0	132	
950.000000	0	0	49	5	18	0	26	0	0	0	9	0	1	263	1	11	0	0	0	129	
960.000000	0	0	47	5	17	0	25	0	0	0	8	0	1	307	1	9	0	0	0	131	
970.000000	0	0	57	3	15	0	24	0	0	0	8	0	1	336	1	8	0	0	0	141	
980.000000	0	0	57	3	12	0	25	0	0	0	8	0	1	360	1	8	0	0	0	139	
990.000000	0	0	56	3	8	0	25	0	0	0	8	0	1	371	1	7	0	0	0	133	
1000.000000	0	0	61	3	7	0	24	0	0	0	5	0	1	385	1	6	0	0	0	126	
1010.000000	0	0	73	4	6	0	22	0	0	0	5	0	1	409	1	6	0	0	0	136	
1020.000000	0	0	75	4	6	0	21	0	0	0	5	0	1	432	1	6	0	0	0	133	
1030.000000	0	0	74	3	5	0	19	0	0	0	5	0	1	423	1	5	0	0	0	138	
1040.000000	0	0	76	3	5	0	19	0	0	0	5	0	1	426	1	4	0	0	0	138	
1050.000000	0	0	74	3	5	0	18	0	0	0	4	0	1	416	1	4	0	0	0	129	
1060.000000	0	0	63	4	5	0	15	0	0	0	4	0	1	402	1	4	0	0	0	128	
1070.000000	0	0	66	4	6	0	13	0	0	0	3	0	1	370	1	3	0	0	0	124	
1080.000000	0	0	54	4	6	0	14	0	0	0	3	0	1	334	1	2	0	0	0	120	
1090.000000	0	0	50	4	6	0	12	0	0	0	4	0	1	303	0	10	0	0	0	123	
1100.000000	0	1	46	4	6	0	10	0	0	0	12	0	1	272	0	29	0	0	0	124	
1110.000000	0	2	40	4	3	0	9	0	0	0	13	0	1	231	0	45	0	0	0	127	
1120.000000	0	1	33	4	3	0	8	0	0	0	12	0	1	200	0	42	0	0	0	128	
1130.000000	0	1	28	4	1	0	7	0	0	0	9	0	1	161	0	53	0	0	0	139	
1140.000000	0	1	26	4	1	0	6	0	0	0	7	0	0	139	1	57	0	0	0	137	
1150.000000	0	1	22	2	3	0	10	1	0	0	6	0	0	109	1	50	0	0	0	137	
1160.000000	0	1	21	2	9	0	10	3	0	0	3	0	1	106	1	43	0	0	0	136	
1170.000000	0	1	20	2	6	0	10	3	0	0	2	0	1	99	1	39	0	0	0	135	
1180.000000	0	1	18	1	6	0	19	1	0	0	2	0	1	108	1	33	0	0	0	136	
1190.000000	0	1	17	1	5	0	23	1	0	0	2	0	1	120	1	27	0	0	0	128	
1200.000000	0	1	21	0	5	0	28	1	0	0	1	0	1	142	1	26	0	0	0	119	
1210.000000	0	1	28	0	5	0	31	1	0	0	0	0	1	170	1	20	0	0	0	127	
1220.000000	0	1	34	0	5	0	34	1	0	0	0	0	1	189	1	19	0	0	0	129	
1230.000000	0	1	37	0	5	0	40	1	0	0	0	0	1	212	1	16	0	0	0	122	
1240.000000	0	1	42	0	5	0	39	1	0	0	0	0	1	246	1	16	0	0	0	126	
1250.000000	0	1	41	0	21	0	45	1	0	0	0	0	1	266	1	16	0	0	0	122	
1260.000000	0	1	47	0	18	0	41	1	0	0	0	0	1	293	1	15	0	0	0	127	
1270.000000	0	1	49	0	16	0	40	1	0	0	0	0	1	318	1	14	0	0	0	120	
1280.000000	0	1	55	0	11	0	38	1	0	0	0	0	1	327	1	13	0	0	0	123	
1290.000000	0	1	65	0	9	0	33	1	0	0	0	0	1	362	1	10	0	0	0	131	
1300.000000	0	1	68	0	9	0	31	1	0	0	0	0	1	385	1	9	0	0	0	128	
1310.000000	0	1	73	0	9	0	27	0	0	0	0	0	1	383	1	8	0	0	0	118	
1320.000000	0	1	70	0	7	0	20	0	0	0	0	0	1	393	1	7	0	0	0	118	
1330.000000	0	0	63	0	6	0	18	0	0	0	0	0	1	403	1	6	0	0	0	121	
1340.000000	0	0	65	0	7	0	18	0	0	0	0	0	1	393	1	5	0	0	0	120	
1350.000000	0	0	67	0	7	0	17	0	0	0	0	0	1	381	1	4	0	0	0	123	
1360.000000	0	0	68	0	7	0	15	0	0	0	0	0	1	357	1	4	0	0	0	121	
1370.000000	0	0	59	0	7	0	15	0	0	0	0	0	1	341	1	4	0	0	0	121	
1380.000000	0	0	54	0	7	0	12	0	0	0	3	0	1	315	0	5	0	0	0	118	
1390.000000	0	1	44	0	5	0	12	0	0	0	16	0	1	287	0	15	0	0	0	117	
1400.000000	0	2	40	0	5	0	11	0	0	0	23	0	1	263	1	25	0	0	0	124	
1410.000000	0	2	35	0	4	0	11	0	0	0	20	0	1	223	1	23	0	0	0	119	
1420.000000	0	2	32	0	4	0	7	0	0	0	16	0	1	180	1	20	0	0	0	128	
1430.000000	0	1	24	0	4	0	4	0	0	0	13	0	1	143	1	15	0	0	0	120	
1440.000000	0	1	20	0	4	0	4	0	0	0	15	0	1	120	0	24	0	0	0	119	
1450.000000	0	1	14	0	3	0	5	0	0	0	16	0	1	102	1	33	0	0	0	125	
1460.000000	0	1	10	0	2	0	8	0	0	0	16	0	1	96	0	29	0	0	0	128	
1470.000000	0	0	13	0	2	0	13	0	0	0	12	0	1	92	1	25	0	0	0	127	
1480.000000	0	0	15	1	2	0	16	0	0	0	8	0	1	102	1	23	0	0	0	124	
1490.000000	0	0	19	2	2	0	21	0	0	0	7	0	1	114	1	17	0	0	0	131	
1500.000000	0	0	22	2	2	0	23	0	0	0	7	0	1	143	1	15	0	0	0	134	
1510.000000	0	0	29	2	2	0	24	0	0	0	6	0	1	154	1	15	0	0	0	132	
1520.000000	0	0	30	2	2	0	23	0	0	0	6	0	1	185	1	13	0	0	0	134	
1530.000000	0	0	34	2	2	0	21	0	0	0	8	0	1	215	1	12	0	0	0	127	
1540.000000	0	0	43	2	2	0	21	0	0	0	8	0	1	247	1	12	0	0	0	127	
1550.000000	0	0	52	2	18	0	19	0	0	0	7	0	1	278	1	12	0	0	0	127	
1560.000000	0	0	63	2	35	0	20	0	0	0	5	0	1	298	1	12	0	0	0	130	
1570.000000	0	0	66	3	32	0	22	0	0	0	5	0	1	326	1	12	0	0	0	132	
1580.000000	0	0	65	3	30	0	22	0	0	0	4	0	1	362	1	12	0	0	0	138	
1590.000000	0	0	70	3	27	0	25	0	0	0	4	0	1	384	1	11	0	0	0	132	
1600.000000	0	0	68	2	25	0	25	0	0	0	3	0	1	411	1	9	0	0	0	134	
1610.000000	0	0	72	2	24	0	22	0	0	0	2	0	1	427	1	9	0	0	0	133	
1620.000000	0	0	66	2	22	0	23	0	0	0	2	0	1	431	1	8	0	0	0	133	
1630.000000	0	0	64	2	17	0	21	0	0	0	2	0	1	430	1	8	0	0	0	137	
1640.000000	0	0	62	2	15	0	19	0	0	0	1	0	1	421	1	7	0	0	0	138	
1650.000000	0	0	60	2	14	0	18	0	0	0	1	0	1	414	1	6	0	0	0	141	
1660.000000	0	0	57	2	11	0	17	0	0	0	1	0	1	412	1	5	0	0	0	146	
1670.000000	0	0	45	1	9	0	15	0	0	0	5	0	1	378	0	6	0	0	0	146	
1680.000000	0	3	41	1	8	0	15	0	0	0	17	0	1	366	1	14	0	0	0	146	
1690.000000	0	2	35	1	7	0	13	0	0	0	13	0	1	337	1	13	0	0	0	148	
1700.000000	0	0	29	1	5	0	13	0	0	0	12	0	1	289	1	10	0	0	0	135	
1710.000000	0	0	25	1	5	0	6	0	0	0	8	0	1	250	1	8	0	0	0	139	
1720.000000	0	0	20	1	3	0	5	0	0	0	6	0	1	208	1	5	0	0	0	136	
1730.000000	0	0	13	0	2	0	4	0	0	0	6	0	1	181	0	22	0	0	0	139	
1740.000000	0	0	11	0	1	0	4	0	0	0	7	0	1	155	0	38	0	0	0	137	
1750.000000	0	0	9	0	1	0	4	0	0	0	5	0	1	133	1	33	0	0	0	130	
1760.000000	0	0	10	0	1	0	6	0	0	0	3	0	1	109	1	27	0	0	0	136	
1770.000000	0	0	11	1	1	0	10	0	0	0	3	0	1	104	1	21	0	0	0	144	
1780.000000	0	0	17	1	1	0	16	0	0	0	3	0	1	115	1	16	0	0	0	122	
1790.000000	0	0	19	1	0	0	14	0	0	0	3	0	1	119	1	12	0	0	0	127	
1800.000000	0	0	24	1	4	0	14	0	0	0	3	0	1	131	1	11	0	0	0	119	
1810.000000	0	0	37	1	16	0	15	0	0	0	3	0	1	148	1	11	0	0	0	109	
1820.000000	0	0	40	2	13	0	16	0	0	0	3	0	0	184	1	10	0	0	0	119	
1830.000000	0	0	42	2	28	0	15	0	0	0	3	0	1	201	1	9	0	0	0	115	
1840.000000	0	3	49	2	28	0	15	0	0	0	29	0	1	229	1	10	0	0	0	119	
1850.000000	0	3	58	2	27	0	14	0	0	0	25	0	1	262	1	10	0	0	0	121	
1860.000000	0	3	60	2	27	0	16	0	0	0	21	0	1	304	1	10	0	0	0	127	
1870.000000	0	3	65	2	22	0	17	0	0	0	19	0	1	332	1	10	0	0	0	130	
1880.000000	0	2	69	2	19	0	18	0	0	0	16	0	1	368	1	9	0	0	0	123	
1890.000000	0	2	69	1	15	0	18	0	0	0	15	0	1	386	1	8	0	0	0	129	
1900.000000	0	2	69	1	14	0	16	0	0	0	11	0	1	403	1	8	0	0	0	133	
1910.000000	0	1	66	0	14	0	16	0	0	0	11	0	1	405	1	8	0	0	0	123	
1920.000000	0	1	64	0	14	0	16	0	0	0	10	0	1	418	1	7	0	0	0	123	
1930.000000	0	1	65	0	14	0	14	0	0	0	8	0	1	414	1	7	0	0	0	130	
1940.000000	0	1	63	0	12	0	15	0	0	0	8	0	1	403	1	6	0	0	0	122	
1950.000000	0	0	62	0	10	0	14	0	0	0	6	0	1	389	1	5	0	0	0	127	
1960.000000	0	0	64	0	16	0	10	0	0	0	5	0	1	369	1	5	0	0	0	134	
1970.000000	0	0	58	0	14	0	6	0	0	0	4	0	1	337	1	5	0	0	0	129	
1980.000000	0	0	52	0	15	0	6	0	0	0	4	0	1	305	1	5	0	0	0	122	
1990.000000	0	0	48	0	12	0	6	0	0	0	3	0	1	278	1	5	0	0	0	125	
2000.000000	0	0	39	0	9	0	6	0	0	0	2	0	1	238	1	5	0	0	0	125	
2010.000000	0	0	34	0	7	0	6	0	0	0	2	0	0	196	1	5	0	0	0	127	
2020.000000	0	0	29	0	6	0	6	0	0	0	1	0	0	167	1	3	0	0	0	144	
2030.000000	0	0	21	0	6	0	6	0	0	0	0	0	0	137	0	10	0	0	0	133	
2040.000000	0	0	20	0	6	0	4	0	0	0	0	0	0	112	0	33	0	0	0	129	
2050.000000	0	1	18	0	7	0	5	0	0	0	6	0	1	101	0	48	0	0	0	135	
2060.000000	0	1	16	0	7	0	9	0	0	0	3	0	1	97	1	37	0	0	0	139	
2070.000000	0	1	15	0	6	0	16	0	0	0	2	0	1	98	1	32	0	0	0	138	
2080.000000	0	1	16	0	8	0	24	0	0	0	2	0	1	110	1	27	0	0	0	140	
2090.000000	0	0	18	1	7	0	23	0	0	0	2	0	1	115	1	23	0	0	0	142	
2100.000000	0	0	18	1	7	0	27	0	0	0	2	0	1	140	1	21	0	0	0	134	
2110.000000	0	1	22	1	7	0	26	0	0	0	3	0	1	166	0	21	0	0	0	130	
2120.000000	0	1	27	1	6	0	28	0	0	0	7	0	1	198	1	22	0	0	0	133	
2130.000000	0	0	34	1	6	0	31	0	0	0	7	0	1	233	1	17	0	0	0	136	
2140.000000	0	0	37	2	6	0	30	0	0	0	7	0	1	263	1	14	0	0	0	136	
2150.000000	0	0	37	2	6	0	32	0	0	0	7	0	1	299	1	13	0	0	0	134	
2160.000000	0	0	38	2	5	0	31	0	0	0	6	0	1	327	1	11	0	0	0	133	
2170.000000	0	0	39	3	5	0	30	0	0	0	5	0	1	342	1	10	0	0	0	129	
2180.000000	0	0	44	5	5	0	29	0	0	0	5	0	1	368	1	7	0	0	0	135	
2190.000000	0	0	52	6	4	0	27	0	0	0	5	0	1	404	1	6	0	0	0	133	
2200.000000	0	0	56	5	4	0	26	0	0	0	5	0	1	419	1	6	0	0	0	132	
2210.000000	0	3	58	5	3	0	23	0	0	0	25	0	1	435	0	10	0	0	0	126	
2220.000000	0	3	63	4	14	0	24	0	0	0	24	0	1	435	1	10	0	0	0	125	
2230.000000	0	3	65	4	14	0	24	0	0	0	21	0	1	412	1	9	0	0	0	130	
2240.000000	0	3	63	3	10	0	22	0	0	0	19	0	1	408	1	8	0	0	0	133	
2250.000000	0	2	61	2	8	0	19	0	0	0	17	0	1	389	1	6	0	0	0	135	
2260.000000	0	1	60	2	8	0	18	0	0	0	15	0	1	371	1	6	0	0	0	144	
2270.000000	0	1	56	2	6	0	15	0	0	0	11	0	1	350	1	5	0	0	0	140	
2280.000000	0	0	49	2	5	0	12	0	0	0	11	0	1	312	1	4	0	0	0	134	
2290.000000	0	0	43	1	5	0	11	0	0	0	9	0	1	267	1	4	0	0	0	135	
2300.000000	0	0	40	1	4	0	11	0	0	0	8	0	0	233	1	4	0	0	0	130	
2310.000000	0	0	33	1	8	0	11	0	0	0	8	0	0	207	1	4	0	0	0	125	
2320.000000	0	0	25	0	10	0	10	0	0	0	7	0	1	181	1	4	0	0	0	127	
2330.000000	0	0	19	0	7	0	10	0	0	0	6	0	0	138	1	3	0	0	0	141	
2340.000000	0	0	15	0	7	0	8	0	0	0	5	0	0	108	1	3	0	0	0	138	
2350.000000	0	0	14	0	10	0	7	0	0	0	5	0	0	83	1	2	0	0	0	134	
2360.000000	0	0	15	0	10	0	5	9	0	0	5	0	0	72	1	0	0	0	0	124	
2370.000000	0	0	18	0	9	0	5	28	0	0	4	0	1	73	1	0	0	0	0	121	
2380.000000	0	0	19	0	12	0	4	40	0	0	4	0	0	83	1	0	0	0	0	121	
2390.000000	0	0	22	0	16	0	4	60	0	0	2	0	1	98	1	0	0	0	0	122	
2400.000000	0	0	24	0	15	0	4	80	0	0	2	0	1	119	1	0	0	0	0	127	
2410.000000	0	3	27	0	14	0	4	85	0	0	27	0	1	142	0	9	0	0	0	133	
2420.000000	0	5	29	0	13	0	7	82	0	0	40	0	1	174	1	15	0	0	0	124	
2430.000000	0	6	29	0	10	0	13	76	0	0	41	0	1	203	0	17	0	0	0	132	
2440.000000	0	6	29	0	7	0	20	69	0	0	40	0	1	242	1	16	0	0	0	133	
2450.000000	0	6	37	0	7	0	23	66	0	0	36	0	1	275	1	16	0	0	0	135	
2460.000000	0	5	43	0	7	0	26	61	0	0	33	0	1	304	1	13	0	0	0	130	
2470.000000	0	7	48	0	7	0	29	59	0	0	49	0	1	325	1	12	0	0	0	132	
2480.000000	0	7	55	0	7	0	30	56	0	0	44	0	1	351	1	9	0	0	0	131	
2490.000000	0	6	55	0	6	0	28	48	0	0	39	0	1	386	1	9	0	0	0	134	
2500.000000	0	11	57	0	5	0	26	42	0	0	77	0	1	403	1	18	0	0	0	134	
2510.000000	0	10	65	0	5	0	31	38	0	0	66	0	1	403	1	16	0	0	0	130	
2520.000000	0	9	67	0	26	0	30	38	0	0	57	0	1	416	1	14	0	0	0	131	
2530.000000	0	8	69	0	26	0	29	33	0	0	52	0	1	428	1	11	0	0	0	124	
2540.000000	0	8	68	0	31	0	27	28	0	0	50	0	1	418	1	10	0	0	0	126	
2550.000000	0	8	62	0	30	0	24	25	0	0	44	0	1	405	1	9	0	0	0	128	
2560.000000	0	8	63	0	32	0	24	20	0	0	41	0	1	386	1	8	0	0	0	121	
2570.000000	0	8	56	0	28	0	20	16	0	0	36	0	1	366	1	7	0	0	0	119	
2580.000000	0	7	45	0	25	0	19	13	0	0	32	0	1	341	1	6	0	0	0	126	
2590.000000	0	7	41	0	22	0	16	12	0	0	30	0	1	303	1	3	0	0	0	132	
2600.000000	0	7	33	0	16	0	15	10	0	0	25	0	1	270	1	3	0	0	0	131	
2610.000000	0	6	26	0	12	0	13	10	0	0	18	0	1	236	1	2	0	0	0	134	
2620.000000	0	5	22	0	9	0	11	9	0	0	15	0	1	200	1	2	0	0	0	130	
2630.000000	0	5	19	0	5	0	7	6	0	0	12	0	1	163	1	2	0	0	0	121	
2640.000000	0	4	15	0	3	0	6	5	0	0	12	0	1	135	1	2	0	0	0	122	
2650.000000	0	2	13	0	2	0	5	5	0	0	10	0	1	115	1	2	0	0	0	133	
2660.000000	0	2	13	0	2	0	4	5	0	0	9	0	1	99	1	11	0	0	0	124	
2670.000000	0	2	15	0	2	0	8	5	0	0	10	0	1	94	1	12	0	0	0	123	
2680.000000	0	2	17	0	11	0	7	3	0	0	8	0	0	107	1	9	0	0	0	123	
2690.000000	0	2	19	0	21	0	5	1	0	0	6	0	1	129	1	7	0	0	0	121	
2700.000000	0	2	26	0	15	0	6	1	0	0	4	0	1	146	1	5	0	0	0	124	
2710.000000	0	4	30	0	14	0	8	1	0	0	14	0	1	170	0	8	0	0	0	129	
2720.000000	0	3	27	0	14	0	6	1	0	0	20	0	1	193	1	10	0	0	0	130	
2730.000000	0	3	30	0	13	0	10	1	0	0	19	0	1	237	1	10	0	0	0	133	
2740.000000	0	3	30	0	10	0	10	1	0	0	25	0	1	241	0	10	0	0	0	128	
2750.000000	0	3	36	0	8	0	14	1	0	0	58	0	1	262	1	18	0	0	0	133	
2760.000000	0	3	42	0	7	0	19	1	0	0	56	0	1	283	1	16	0	0	0	131	
2770.000000	0	3	44	0	7	0	22	1	0	0	49	0	1	322	1	14	0	0	0	131	
2780.000000	0	3	46	0	7	0	24	1	0	0	43	0	1	359	1	12	0	0	0	136	
2790.000000	0	3	52	0	6	0	26	1	0	0	42	0	1	390	1	12	0	0	0	135	
2800.000000	0	3	48	0	13	0	26	1	0	0	38	0	0	391	1	10	0	0	0	140	
2810.000000	0	3	49	0	17	0	26	1	0	0	35	0	1	418	1	10	0	0	0	140	
2820.000000	0	2	55	0	15	0	29	1	0	0	33	0	1	419	1	9	0	0	0	140	
2830.000000	0	1	54	0	12	0	30	1	0	0	32	0	1	433	1	9	0	0	0	132	
2840.000000	0	1	52	0	12	0	25	1	0	0	29	0	1	441	1	9	0	0	0	130	
2850.000000	0	1	47	0	12	0	24	1	0	0	23	0	1	431	1	7	0	0	0	132	
2860.000000	0	1	48	0	10	0	24	1	0	0	19	0	1	402	1	7	0	0	0	136	
2870.000000	0	3	49	0	10	0	22	0	0	0	22	0	1	378	1	12	0	0	0	140	
2880.000000	0	2	40	0	7	0	18	0	0	0	16	0	1	365	1	10	0	0	0	136	
2890.000000	0	2	36	0	7	0	11	0	0	0	13	0	0	343	1	9	0	0	0	128	
2900.000000	0	2	32	0	8	0	9	0	0	0	11	0	1	298	1	8	0	0	0	129	
2910.000000	0	1	28	0	8	0	4	0	0	0	10	0	1	257	1	5	0	0	0	126	
2920.000000	0	1	23	0	6	0	3	0	0	0	9	0	1	213	1	3	0	0	0	130	
2930.000000	0	1	19	0	5	0	1	0	0	0	6	0	1	167	1	2	0	0	0	135	
2940.000000	0	1	17	0	4	0	1	0	0	0	6	0	1	138	1	2	0	0	0	128	
2950.000000	0	1	13	0	2	0	1	0	0	0	4	0	1	110	1	2	0	0	0	142	
2960.000000	0	0	13	0	2	0	1	0	0	0	6	0	1	97	0	6	0	0	0	143	
2970.000000	0	2	12	0	1	0	2	0	0	0	15	0	1	107	1	14	0	0	0	140	
2980.000000	0	2	14	0	1	0	2	0	0	0	10	0	1	109	1	11	0	0	0	139	
2990.000000	0	2	18	0	0	0	3	0	0	0	9	0	1	114	1	10	0	0	0	137	
3000.000000	0	1	17	0	0	0	3	0	0	0	8	0	1	133	1	9	0	0	0	134	
3010.000000	0	0	21	0	0	0	4	0	0	0	7	0	1	154	1	7	0	0	0	135	
3020.000000	0	0	29	0	0	0	5	0	0	0	6	0	1	181	1	5	0	0	0	128	
3030.000000	0	0	34	0	0	0	4	0	0	0	5	0	1	215	1	5	0	0	0	128	
3040.000000	0	0	29	0	0	0	2	0	0	0	4	0	1	250	1	4	0	0	0	126	
3050.000000	0	0	32	0	0	0	2	0	0	0	4	0	1	278	1	4	0	0	0	121	
3060.000000	0	0	41	0	0	0	2	0	0	0	3	0	1	312	1	4	0	0	0	117	
3070.000000	0	4	43	0	2	0	3	0	0	0	58	0	1	336	0	13	0	0	0	117	
3080.000000	0	9	47	0	1	0	11	0	0	0	65	0	1	346	1	19	0	0	0	122	
3090.000000	0	7	53	0	1	0	22	0	0	0	60	0	1	379	1	19	0	0	0	130	
3100.000000	0	7	55	0	1	0	26	0	0	0	51	0	1	386	1	12	0	0	0	123	
3110.000000	0	6	55	0	1	0	28	0	0	0	49	0	1	399	1	10	0	0	0	124	
3120.000000	0	5	55	0	1	0	25	0	0	0	48	0	1	401	1	8	0	0	0	129	
3130.000000	0	5	59	0	1	0	21	0	0	0	43	0	1	409	1	8	0	0	0	128	
3140.000000	0	5	59	0	1	0	18	0	0	0	36	0	1	407	1	6	0	0	0	119	
3150.000000	0	5	64	0	7	0	19	0	0	0	33	0	0	412	1	5	0	0	0	122	
3160.000000	0	3	63	0	6	0	18	0	0	0	30	0	1	390	1	5	0	0	0	124	
3170.000000	0	3	56	0	6	0	15	0	0	0	24	0	1	359	1	5	0	0	0	136	
3180.000000	0	3	46	0	6	0	15	0	0	0	21	0	1	329	1	3	0	0	0	136	
3190.000000	0	3	37	0	6	0	11	0	0	0	17	0	1	298	1	3	0	0	0	133	
3200.000000	0	3	29	0	4	0	10	0	0	0	14	0	1	254	1	3	0	0	0	128	
3210.000000	0	2	27	0	3	0	10	0	0	0	12	0	1	224	0	9	0	0	0	132	
3220.000000	0	1	22	0	2	0	6	0	0	0	9	0	1	194	0	26	0	0	0	134	
3230.000000	0	1	19	0	2	0	4	0	0	0	4	0	0	170	0	45	0	0	0	127	
3240.000000	0	1	14	0	3	0	5	0	0	0	3	0	0	144	0	65	0	0	0	115	
3250.000000	0	1	12	0	6	0	6	2	0	0	3	0	0	130	1	58	0	0	0	119	
3260.000000	0	1	12	0	8	0	9	2	0	0	3	0	0	139	1	51	0	0	0	114	
3270.000000	0	1	17	0	16	0	15	3	0	0	3	0	1	125	1	44	0	0	0	119	
3280.000000	0	1	15	0	14	0	19	2	0	0	4	0	0	132	1	35	0	0	0	118	
3290.000000	0	1	17	0	31	0	26	2	0	0	4	0	0	135	1	30	0	0	0	111	
3300.000000	0	1	22	0	29	0	30	2	0	0	4	0	1	155	1	25	0	0	0	117	
3310.000000	0	1	22	0	23	0	31	2	0	0	4	0	1	170	1	22	0	0	0	123	
3320.000000	0	1	21	0	23	0	24	2	0	0	2	0	1	191	1	20	0	0	0	124	
3330.000000	0	1	26	0	24	0	22	2	0	0	2	0	0	218	1	18	0	0	0	132	
3340.000000	0	1	35	0	31	0	23	2	0	0	2	0	1	242	1	15	0	0	0	125	
3350.000000	0	1	38	0	29	0	25	2	0	0	0	0	1	267	1	13	0	0	0	119	
3360.000000	0	1	41	0	26	0	30	2	0	0	0	0	1	285	1	12	0	0	0	121	
3370.000000	0	1	49	0	23	0	24	2	0	0	0	0	1	303	1	10	0	0	0	130	
3380.000000	0	1	56	0	20	0	22	2	0	0	0	0	1	317	1	7	0	0	0	127	
3390.000000	0	1	60	0	24	0	23	2	0	0	0	0	1	338	1	6	0	0	0	130	
3400.000000	0	0	64	0	22	0	21	1	0	0	0	0	1	380	1	6	0	0	0	133	
3410.000000	0	0	66	0	21	0	19	1	0	0	0	0	1	402	1	6	0	0	0	130	
3420.000000	0	0	68	0	20	0	24	1	0	0	0	0	1	403	1	5	0	0	0	128	
3430.000000	0	0	67	0	22	0	21	1	0	0	0	0	0	409	1	5	0	0	0	130	
3440.000000	0	0	68	0	22	0	20	0	0	0	0	0	1	418	1	5	0	0	0	124	
3450.000000	0	0	63	0	20	0	19	0	0	0	0	0	1	423	1	5	0	0	0	124	
3460.000000	0	0	65	0	20	0	16	0	0	0	0	0	1	393	0	6	0	0	0	118	
3470.000000	0	1	64	0	19	0	15	0	0	0	24	0	1	366	1	18	0	0	0	116	
3480.000000	0	1	59	0	17	0	14	0	0	0	22	0	1	337	1	17	0	0	0	126	
3490.000000	0	1	53	0	15	0	14	0	0	0	20	0	1	296	1	16	0	0	0	121	
3500.000000	0	1	44	0	12	0	14	0	0	0	13	0	1	264	1	14	0	0	0	107	
3510.000000	0	1	41	0	10	0	14	0	0	0	9	0	1	225	0	17	0	0	0	120	
3520.000000	0	1	33	0	8	0	11	0	0	0	8	0	1	199	0	41	0	0	0	113	
3530.000000	0	1	28	0	6	0	11	0	0	0	5	0	1	176	0	47	0	0	0	119	
3540.000000	0	1	23	0	4	0	8	0	0	0	4	0	1	148	0	59	0	0	0	131	
3550.000000	0	1	21	0	3	0	8	0	0	0	3	0	1	125	1	49	0	0	0	137	
3560.000000	0	0	18	0	3	0	9	0	0	0	3	0	1	105	1	44	0	0	0	130	
3570.000000	0	0	15	0	3	0	17	0	0	0	2	0	1	107	1	39	0	0	0	126	
3580.000000	0	0	16	0	9	0	15	1	0	0	2	0	1	111	1	30	0	0	0	120	
3590.000000	0	0	12	3	8	0	25	1	0	0	2	0	1	121	1	27	0	0	0	115	
3600.000000	0	0	17	4	8	0	28	1	0	0	10	0	1	140	1	24	0	0	0	130	
3610.000000	0	0	16	5	7	0	28	1	0	0	19	0	1	163	0	19	0	0	0	132	
3620.000000	0	0	17	3	6	0	32	0	0	0	19	0	1	191	1	20	0	0	0	135	
3630.000000	0	0	23	5	6	0	33	0	0	0	18	0	1	224	1	16	0	0	0	125	
3640.000000	0	0	31	4	6	0	34	0	0	0	17	0	1	251	1	15	0	0	0	117	
3650.000000	0	0	42	3	4	0	32	0	0	0	18	0	1	281	1	14	0	0	0	119	
3660.000000	0	0	48	4	3	0	33	0	0	0	13	0	1	320	1	14	0	0	0	123	
3670.000000	0	0	57	4	3	0	38	0	0	0	13	0	1	349	1	13	0	0	0	129	
3680.000000	0	0	63	3	3	0	37	0	0	0	12	0	2	372	1	13	0	0	0	137	
3690.000000	0	0	69	3	3	0	32	0	0	0	12	0	2	405	1	11	0	0	0	140	
3700.000000	0	0	66	3	3	0	30	0	0	0	12	0	2	424	1	11	0	0	0	133	
3710.000000	0	0	67	3	2	0	29	0	0	0	10	0	2	415	1	10	0	0	0	129	
3720.000000	0	0	69	3	1	0	29	0	0	0	8	0	2	419	1	9	0	0	0	134	
3730.000000	0	0	66	3	1	0	26	0	0	0	8	0	2	412	1	8	0	0	0	134	
3740.000000	0	0	62	2	1	0	23	0	0	0	7	0	1	411	1	8	0	0	0	138	
3750.000000	0	0	60	1	1	0	19	0	0	0	4	0	1	384	1	8	0	0	0	135	
3760.000000	0	0	60	0	1	0	19	0	0	0	3	0	1	377	1	7	0	0	0	130	
3770.000000	0	0	60	0	1	0	16	0	0	0	2	0	1	373	1	6	0	0	0	128	
3780.000000	0	0	53	0	10	0	15	0	0	0	2	0	1	345	1	4	0	0	0	128	
3790.000000	0	0	48	0	10	0	13	0	0	0	1	0	1	315	1	3	0	0	0	123	
3800.000000	0	0	46	0	10	0	13	0	0	0	1	0	1	269	1	3	0	0	0	114	
3810.000000	0	0	36	0	7	0	13	0	0	0	1	0	1	239	1	3	0	0	0	122	
3820.000000	0	0	31	0	5	0	9	0	0	0	0	0	1	200	1	3	0	0	0	137	
3830.000000	0	0	26	0	5	0	9	0	0	0	0	0	0	167	0	12	0	0	0	124	
3840.000000	0	0	23	0	8	0	8	0	0	0	2	0	0	138	0	34	0	0	0	127	
3850.000000	0	0	19	0	9	0	9	0	0	0	1	0	0	120	1	34	0	0	0	130	
3860.000000	0	0	17	0	16	0	8	0	0	0	0	0	0	102	1	27	0	0	0	131	
3870.000000	0	0	17	0	18	0	6	0	0	0	0	0	1	99	1	21	0	0	0	127	
3880.000000	0	0	20	0	16	0	8	0	0	0	0	0	1	111	1	15	0	0	0	132	
3890.000000	0	1	22	0	16	0	10	0	0	0	10	0	1	122	1	21	0	0	0	132	
3900.000000	0	1	29	0	14	0	11	0	0	0	10	0	1	149	1	20	0	0	0	136	
3910.000000	0	4	32	0	13	0	14	0	0	0	25	0	1	176	1	22	0	0	0	137	
3920.000000	0	4	28	0	12	0	20	0	0	0	21	0	1	215	1	22	0	0	0	126	
3930.000000	0	3	29	0	11	0	25	0	0	0	19	0	1	244	1	21	0	0	0	123	
3940.000000	0	3	36	0	10	0	29	0	0	0	17	0	1	272	1	21	0	0	0	129	
3950.000000	0	3	38	0	10	0	32	0	0	0	14	0	1	296	1	20	0	0	0	134	
3960.000000	0	2	46	0	8	0	36	0	0	0	14	0	1	328	1	19	0	0	0	136	
3970.000000	0	2	56	0	8	0	36	0	0	0	12	0	1	341	1	18	0	0	0	135	
3980.000000	0	2	61	0	7	0	39	0	0	0	11	0	1	367	1	18	0	0	0	139	
3990.000000	0	2	57	0	7	0	42	0	0	0	10	0	1	390	1	17	0	0	0	143	
4000.000000	0	2	62	0	7	0	39	0	0	0	9	0	1	412	1	13	0	0	0	138	
4010.000000	0	2	59	0	7	0	38	0	0	0	8	0	1	415	1	11	0	0	0	132	
4020.000000	0	2	56	0	6	0	38	0	0	0	7	0	1	422	1	10	0	0	0	134	
4030.000000	0	2	56	0	6	0	37	0	0	0	25	0	1	433	0	12	0	0	0	132	
4040.000000	0	2	58	0	6	0	37	0	0	0	45	0	1	431	1	12	0	0	0	132	
4050.000000	0	2	57	0	5	0	36	0	0	0	40	0	1	431	1	11	0	0	0	131	
4060.000000	0	2	56	0	6	0	35	0	0	0	37	0	0	400	1	9	0	0	0	136	
4070.000000	0	2	52	0	9	0	33	0	0	0	32	0	1	389	1	9	0	0	0	137	
4080.000000	0	2	45	0	9	0	30	0	0	0	25	0	1	366	1	6	0	0	0	137	
4090.000000	0	2	43	0	9	0	28	0	0	0	29	0	1	338	0	10	0	0	0	137	
4100.000000	0	2	40	0	8	0	26	0	0	0	33	0	1	303	1	23	0	0	0	135	
4110.000000	0	1	34	0	6	0	24	0	0	0	28	0	1	258	1	17	0	0	0	132	
4120.000000	0	1	26	0	6	0	21	0	0	0	24	0	1	223	0	16	0	0	0	131	
4130.000000	0	1	20	0	4	0	18	0	0	0	23	0	1	187	0	27	0	0	0	122	
4140.000000	0	1	18	0	4	0	18	0	0	0	19	0	1	166	0	41	0	0	0	124	
4150.000000	0	2	15	0	4	0	17	0	0	0	21	0	1	141	0	48	0	0	0	129	
4160.000000	0	2	12	0	3	0	15	0	0	0	22	0	1	135	1	46	0	0	0	134	
4170.000000	0	2	10	0	3	0	17	0	0	0	19	0	1	148	1	40	0	0	0	128	
4180.000000	0	1	13	0	3	0	20	0	0	0	16	0	1	144	1	33	0	0	0	120	
4190.000000	0	1	13	0	2	0	21	0	0	0	13	0	1	142	1	26	0	0	0	123	
4200.000000	0	1	22	0	9	0	22	0	0	0	11	0	1	148	1	19	0	0	0	118	
4210.000000	0	1	27	0	8	0	23	0	0	0	8	0	1	160	1	18	0	0	0	122	
4220.000000	0	1	31	0	7	0	22	0	0	0	8	0	1	179	1	17	0	0	0	125	
4230.000000	0	1	39	0	5	0	21	0	0	0	8	0	1	213	1	15	0	0	0	117	
4240.000000	0	1	47	0	5	0	24	0	0	0	6	0	1	242	1	15	0	0	0	125	
4250.000000	0	1	55	0	5	0	22	0	0	0	5	0	1	273	1	14	0	0	0	126	
4260.000000	0	1	62	0	8	0	23	0	0	0	4	0	0	286	1	13	0	0	0	121	
4270.000000	0	1	59	0	15	0	25	0	0	0	3	0	1	295	1	12	0	0	0	119	
4280.000000	0	1	65	0	14	0	26	0	0	0	3	0	1	319	1	11	0	0	0	123	
4290.000000	0	1	70	0	17	0	25	0	0	0	3	0	1	364	1	11	0	0	0	127	
4300.000000	0	2	70	0	22	0	27	0	0	0	27	0	1	381	0	14	0	0	0	130	
4310.000000	0	3	71	0	21	0	28	0	0	0	34	0	1	391	1	11	0	0	0	132	
4320.000000	0	3	73	0	18	0	27	0	0	0	28	0	1	401	1	9	0	0	0	142	
4330.000000	0	2	74	0	17	0	24	0	0	0	23	0	1	402	1	8	0	0	0	138	
4340.000000	0	2	67	0	17	0	23	0	0	0	22	0	1	382	1	8	0	0	0	143	
4350.000000	0	2	66	0	17	0	23	0	0	0	21	0	1	384	1	7	0	0	0	133	
4360.000000	0	1	63	0	15	0	20	0	0	0	20	0	1	363	1	7	0	0	0	134	
4370.000000	0	1	57	0	13	0	16	0	0	0	17	0	1	342	1	7	0	0	0	131	
4380.000000	0	1	58	0	11	0	11	0	0	0	15	0	1	325	1	7	0	0	0	126	
4390.000000	0	1	54	0	9	0	11	0	0	0	16	0	1	276	0	12	0	0	0	123	
4400.000000	0	2	49	0	6	0	11	0	0	0	16	0	1	243	1	20	0	0	0	118	
4410.000000	0	1	42	0	5	0	12	0	0	0	14	0	1	203	1	18	0	0	0	116	
4420.000000	0	1	36	0	4	0	10	0	0	0	12	0	1	170	1	14	0	0	0	119	
4430.000000	0	1	31	0	2	0	10	0	0	0	10	0	1	144	1	8	0	0	0	119	
4440.000000	0	1	23	0	2	0	8	0	0	0	6	0	1	121	1	7	0	0	0	138	
4450.000000	0	3	21	0	0	0	7	0	0	0	8	0	1	106	0	20	0	0	0	134	
4460.000000	0	2	18	0	0	0	8	0	0	0	15	0	1	99	1	25	0	0	0	137	
4470.000000	0	1	19	0	0	0	12	0	0	0	11	0	1	95	1	21	0	0	0	127	
4480.000000	0	1	20	0	0	0	13	0	0	0	8	0	1	105	1	18	0	0	0	131	
4490.000000	0	1	19	0	13	0	15	0	0	0	8	0	0	129	1	18	0	0	0	137	
4500.000000	0	1	22	0	17	0	19	0	0	0	8	0	1	150	1	19	0	0	0	145	
4510.000000	0	1	22	0	24	0	18	0	0	0	7	0	1	182	1	18	0	0	0	140	
4520.000000	0	1	28	0	23	0	19	0	0	0	7	0	1	213	1	17	0	0	0	145	
4530.000000	0	1	29	0	21	0	23	0	0	0	7	0	1	253	1	15	0	0	0	137	
4540.000000	0	1	30	0	19	0	24	0	0	0	7	0	1	292	1	14	0	0	0	136	
4550.000000	0	1	44	0	18	0	25	0	0	0	7	0	1	317	1	13	0	0	0	126	
4560.000000	0	1	47	0	16	0	22	0	0	0	7	0	1	335	1	12	0	0	0	132	
4570.000000	0	1	50	0	15	0	22	0	0	0	7	0	1	339	1	10	0	0	0	133	
4580.000000	0	5	56	0	22	0	20	0	0	0	28	0	1	354	1	14	0	0	0	132	
4590.000000	0	5	54	0	22	0	18	0	0	0	25	0	1	368	1	14	0	0	0	136	
4600.000000	0	4	57	0	19	0	21	0	0	0	25	0	1	391	1	13	0	0	0	133	
4610.000000	0	4	60	0	17	0	23	0	0	0	20	0	1	408	1	12	0	0	0	131	
4620.000000	0	7	67	0	16	0	22	0	0	0	28	0	1	401	1	15	0	0	0	125	
4630.000000	0	6	66	0	14	0	20	0	0	0	25	0	1	407	1	15	0	0	0	122	
4640.000000	0	5	59	0	9	0	19	0	0	0	22	0	1	391	1	14	0	0	0	132	
4650.000000	0	5	56	0	8	0	20	0	0	0	18	0	1	384	1	14	0	0	0	134	
4660.000000	0	6	48	0	8	0	22	0	0	0	21	0	1	378	0	19	0	0	0	131	
4670.000000	0	7	47	0	7	0	23	0	0	0	29	0	1	354	1	22	0	0	0	125	
4680.000000	0	6	41	0	6	0	21	0	0	0	25	0	1	319	1	19	0	0	0	135	
4690.000000	0	4	32	0	5	0	21	0	0	0	22	0	1	289	0	18	0	0	0	130	
4700.000000	0	4	23	0	4	0	21	0	0	0	23	0	1	260	0	29	0	0	0	133	
4710.000000	0	4	19	0	4	0	18	0	0	0	19	0	0	214	1	26	0	0	0	142	
4720.000000	0	3	12	0	6	0	16	0	0	0	18	0	0	174	1	23	0	0	0	142	
4730.000000	0	3	8	0	4	0	12	0	0	0	16	0	0	131	1	17	0	0	0	147	
4740.000000	0	2	8	0	2	0	10	0	0	0	12	0	0	99	1	13	0	0	0	140	
4750.000000	0	2	4	0	4	0	10	0	0	0	9	0	1	85	0	11	0	0	0	134	
4760.000000	0	2	5	0	3	0	9	0	0	0	10	0	1	59	1	21	0	0	0	138	
4770.000000	0	1	7	0	1	0	11	0	0	0	7	0	1	66	1	18	0	0	0	141	
4780.000000	0	1	12	0	1	0	12	0	0	0	5	0	1	82	1	18	0	0	0	134	
4790.000000	0	1	18	0	3	0	16	0	0	0	4	0	1	95	1	16	0	0	0	135	
4800.000000	0	1	21	0	3	0	16	0	0	0	3	0	1	121	1	12	0	0	0	135	
4810.000000	0	1	30	0	3	0	13	0	0	0	3	0	1	148	1	11	0	0	0	127	
4820.000000	0	1	32	0	3	0	12	0	0	0	3	0	1	176	1	9	0	0	0	125	
4830.000000	0	4	36	0	1	0	16	0	0	0	16	0	1	203	1	13	0	0	0	126	
4840.000000	0	3	42	0	1	0	16	0	0	0	16	0	1	232	1	12	0	0	0	128	
4850.000000	0	3	43	0	0	0	17	0	0	0	14	0	1	262	1	10	0	0	0	126	
4860.000000	0	3	50	0	0	0	18	0	0	0	9	0	1	285	1	9	0	0	0	127	
4870.000000	0	3	57	0	6	0	17	0	0	0	8	0	1	307	1	9	0	0	0	122	
4880.000000	0	3	63	0	6	0	17	0	0	0	7	0	1	334	1	9	0	0	0	120	
4890.000000	0	3	64	0	10	0	16	0	0	0	7	0	1	337	1	9	0	0	0	127	
4900.000000	0	8	72	0	9	0	17	0	0	0	22	0	1	370	1	11	0	0	0	124	
4910.000000	0	7	67	0	8	0	17	0	0	0	21	0	1	396	1	10	0	0	0	121	
4920.000000	0	7	68	0	8	0	17	0	0	0	20	0	1	418	1	9	0	0	0	129	
4930.000000	0	6	66	0	8	0	19	0	0	0	17	0	1	408	1	8	0	0	0	128	
4940.000000	0	5	59	0	9	0	20	0	0	0	16	0	1	388	1	7	0	0	0	124	
4950.000000	0	5	63	0	8	0	18	0	0	0	15	0	1	391	1	7	0	0	0	122	
4960.000000	0	5	65	0	7	0	15	0	0	0	14	0	1	376	1	6	0	0	0	111	
4970.000000	0	5	63	0	6	0	17	0	0	0	10	0	1	373	1	6	0	0	0	117	
4980.000000	0	5	54	0	5	0	13	0	0	0	8	0	1	338	1	6	0	0	0	127	
4990.000000	0	4	49	0	4	0	13	0	0	0	8	0	0	308	1	5	0	0	0	117	
5000.000000	0	3	46	0	7	0	10	0	0	0	8	0	1	276	1	5	0	0	0	123	
5010.000000	0	3	39	0	3	0	8	0	0	0	6	0	1	234	1	3	0	0	0	129	
5020.000000	0	3	32	0	2	0	8	0	0	0	4	0	1	204	1	2	0	0	0	125	
5030.000000	0	2	28	0	0	0	7	0	0	0	3	0	1	161	1	1	0	0	0	133	
5040.000000	0	2	23	0	1	0	7	0	0	0	3	0	0	125	1	1	0	0	0	130	
5050.000000	0	2	21	0	5	0	4	1	0	0	3	0	0	108	1	0	0	0	0	122	
5060.000000	0	1	17	0	14	0	2	10	0	0	2	0	0	97	1	0	0	0	0	131	
5070.000000	0	1	16	0	13	0	2	23	0	0	2	0	1	91	1	0	0	0	0	122	
5080.000000	0	1	19	0	9	0	1	45	0	0	2	0	1	97	1	0	0	0	0	136	
5090.000000	0	1	18	0	8	0	1	71	0	0	2	0	1	105	1	0	0	0	0	130	
5100.000000	0	1	20	0	6	0	1	95	0	0	2	0	1	119	1	0	0	0	0	130	
5110.000000	0	1	28	0	22	0	1	133	0	0	2	0	1	140	1	0	0	0	0	124	
5120.000000	0	1	36	0	21	0	1	167	0	0	2	0	1	170	1	0	0	0	0	124	
5130.000000	0	5	36	0	20	0	1	153	0	0	34	0	1	193	0	8	0	0	0	128	
5140.000000	0	4	42	0	18	0	1	140	0	0	30	0	1	225	1	9	0	0	0	123	
5150.000000	0	3	50	0	15	0	5	125	0	0	23	0	1	252	1	7	0	0	0	126	
5160.000000	0	3	51	0	13	0	5	113	0	0	21	0	1	292	1	7	0	0	0	122	
5170.000000	0	3	52	0	12	0	5	101	0	0	19	0	1	339	1	6	0	0	0	133	
5180.000000	0	3	53	0	11	0	6	94	0	0	16	0	1	361	1	5	0	0	0	129	
5190.000000	0	2	54	0	10	0	6	81	0	0	15	0	1	377	1	5	0	0	0	139	
5200.000000	0	2	50	0	8	0	7	71	0	0	12	0	1	389	1	4	0	0	0	137	
5210.000000	0	6	50	0	8	0	7	65	0	0	22	0	1	397	1	10	0	0	0	129	
5220.000000	0	5	50	0	5	0	10	58	0	0	20	0	1	408	1	8	0	0	0	125	
5230.000000	0	4	51	0	5	0	10	53	0	0	17	0	1	422	1	5	0	0	0	131	
5240.000000	0	4	53	0	3	0	9	49	0	0	14	0	1	414	1	5	0	0	0	138	
5250.000000	0	4	52	0	2	0	8	40	0	0	11	0	1	410	1	4	0	0	0	139	
5260.000000	0	4	51	0	2	0	6	34	0	0	8	0	1	402	1	4	0	0	0	142	
5270.000000	0	4	49	0	2	0	4	28	0	0	8	0	1	390	1	4	0	0	0	141	
5280.000000	0	4	47	0	2	0	4	22	0	0	7	0	1	369	1	3	0	0	0	129	
5290.000000	0	4	41	0	6	0	3	19	0	0	5	0	1	325	1	3	0	0	0	127	
5300.000000	0	4	35	0	5	0	3	18	0	0	3	0	1	279	1	3	0	0	0	124	
5310.000000	0	4	28	0	4	0	3	18	0	0	3	0	1	241	1	3	0	0	0	129	
5320.000000	0	3	26	0	3	0	0	17	0	0	3	0	0	185	1	3	0	0	0	135	
5330.000000	0	3	19	0	2	0	0	11	0	0	3	0	0	149	1	2	0	0	0	143	
5340.000000	0	2	14	1	4	0	0	7	0	0	3	0	0	119	0	1	0	0	0	135	
5350.000000	0	2	15	2	8	0	0	6	0	0	7	0	0	110	1	22	0	0	0	131	
5360.000000	0	2	14	2	9	0	2	5	0	0	5	0	1	104	1	18	0	0	0	131	
5370.000000	0	2	12	2	7	0	5	2	0	0	5	0	1	103	1	14	0	0	0	125	
5380.000000	0	2	12	2	6	0	9	1	0	0	3	0	1	109	1	11	0	0	0	123	
5390.000000	0	1	17	1	4	0	12	1	0	0	2	0	1	132	1	10	0	0	0	122	
5400.000000	0	1	18	1	3	0	12	0	0	0	2	0	1	154	1	10	0	0	0	116	
5410.000000	0	1	21	0	3	0	9	0	0	0	2	0	1	182	1	9	0	0	0	121	
5420.000000	0	5	26	0	3	0	9	0	0	0	34	0	1	201	0	14	0	0	0	128	
5430.000000	0	7	32	0	3	0	14	0	0	0	58	0	1	230	1	18	0	0	0	123	
5440.000000	0	7	34	0	2	0	16	0	0	0	50	0	1	264	1	16	0	0	0	122	
5450.000000	0	7	37	0	1	0	22	0	0	0	49	0	1	291	1	13	0	0	0	119	
5460.000000	0	6	40	0	1	0	21	0	0	0	45	0	1	326	1	13	0	0	0	121	
5470.000000	0	6	42	0	1	0	18	0	0	0	41	0	1	361	1	12	0	0	0	121	
5480.000000	0	5	49	0	1	0	18	0	0	0	38	0	1	393	1	9	0	0	0	120	
5490.000000	0	5	48	0	1	0	18	0	0	0	35	0	1	395	1	8	0	0	0	123	
5500.000000	0	5	49	0	1	0	16	0	0	0	34	0	1	421	1	7	0	0	0	129	
5510.000000	0	5	54	0	1	0	17	0	0	0	29	0	1	429	1	7	0	0	0	127	
5520.000000	0	6	62	0	4	0	17	0	0	0	61	0	1	432	0	5	0	0	0	129	
5530.000000	0	14	65	0	4	0	18	0	0	0	95	0	1	443	0	12	0	0	0	133	
5540.000000	0	12	70	0	4	0	18	0	0	0	94	0	1	433	1	15	0	0	0	126	
5550.000000	0	12	73	0	2	0	21	0	0	0	81	0	1	426	1	15	0	0	0	133	
5560.000000	0	10	68	0	2	0	20	0	0	0	78	0	1	398	1	14	0	0	0	129	
5570.000000	0	8	57	0	1	0	19	0	0	0	64	0	1	400	1	14	0	0	0	130	
5580.000000	0	7	50	0	7	0	18	0	0	0	55	0	0	378	1	12	0	0	0	126	
5590.000000	0	7	42	0	11	0	16	0	0	0	49	0	1	350	1	11	0	0	0	133	
5600.000000	0	7	37	0	9	0	15	0	0	0	39	0	1	305	1	9	0	0	0	129	
5610.000000	0	5	35	0	7	0	12	0	0	0	32	0	1	259	1	7	0	0	0	132	
5620.000000	0	4	30	0	6	0	8	0	0	0	26	0	1	222	1	5	0	0	0	134	
5630.000000	0	4	21	0	4	0	7	0	0	0	20	0	1	178	1	5	0	0	0	133	
5640.000000	0	3	17	0	3	0	7	0	0	0	14	0	1	151	1	4	0	0	0	134	
5650.000000	0	0	14	0	3	0	7	0	0	0	13	0	1	110	1	3	0	0	0	130	
5660.000000	0	1	13	0	3	0	4	0	0	0	16	0	1	110	1	16	0	0	0	123	
5670.000000	0	0	14	0	3	0	4	0	0	0	12	0	1	103	1	14	0	0	0	130	
5680.000000	0	0	13	0	3	0	7	0	0	0	12	0	1	109	1	11	0	0	0	123	
5690.000000	0	0	18	0	3	0	8	0	0	0	8	0	1	115	1	10	0	0	0	123	
5700.000000	0	0	20	0	24	0	10	0	0	0	6	0	0	136	1	10	0	0	0	124	
5710.000000	0	0	23	1	36	0	11	1	0	0	5	0	1	158	1	9	0	0	0	127	
5720.000000	0	0	27	1	32	0	13	1	0	0	3	0	1	182	1	8	0	0	0	127	
5730.000000	0	0	35	0	30	0	14	0	0	0	3	0	1	215	1	7	0	0	0	119	
5740.000000	0	0	44	1	26	0	13	0	0	0	3	0	1	240	1	7	0	0	0	120	
5750.000000	0	0	53	1	22	0	11	0	0	0	3	0	1	268	1	7	0	0	0	123	
5760.000000	0	0	53	1	19	0	11	0	0	0	3	0	1	309	1	6	0	0	0	127	
5770.000000	0	0	57	1	18	0	10	0	0	0	3	0	1	333	1	6	0	0	0	126	
5780.000000	0	0	61	1	17	0	9	0	0	0	2	0	1	365	1	6	0	0	0	122	
5790.000000	0	0	64	1	17	0	11	0	0	0	1	0	1	388	1	6	0	0	0	128	
5800.000000	0	0	68	1	14	0	11	0	0	0	1	0	1	414	1	6	0	0	0	132	
5810.000000	0	0	76	1	13	0	12	0	0	0	1	0	1	417	1	6	0	0	0	131	
5820.000000	0	0	81	2	11	0	10	0	0	0	1	0	1	436	1	6	0	0	0	124	
5830.000000	0	0	81	2	10	0	10	0	0	0	1	0	1	440	1	6	0	0	0	117	
5840.000000	0	0	82	0	10	0	10	0	0	0	1	0	1	436	1	4	0	0	0	130	
5850.000000	0	0	85	0	10	0	9	0	0	0	1	0	1	429	1	3	0	0	0	121	
5860.000000	0	0	80	0	10	0	8	0	0	0	1	0	1	412	1	3	0	0	0	132	
5870.000000	0	0	75	0	8	0	7	0	0	0	1	0	1	386	1	2	0	0	0	134	
5880.000000	0	0	67	0	8	0	7	0	0	0	1	0	1	357	1	2	0	0	0	126	
5890.000000	0	0	66	0	7	0	6	0	0	0	0	0	1	310	1	2	0	0	0	126	
5900.000000	0	0	56	0	5	0	6	0	0	0	0	0	1	271	1	2	0	0	0	119	
5910.000000	0	0	48	0	3	0	6	0	0	0	0	0	1	226	1	2	0	0	0	136	
5920.000000	0	0	39	0	3	0	6	0	0	0	0	0	1	177	1	1	0	0	0	129	
5930.000000	0	0	31	0	2	0	5	0	0	0	0	0	1	138	1	1	0	0	0	133	
5940.000000	0	0	22	0	1	0	4	0	0	0	0	0	1	104	1	1	0	0	0	137	
5950.000000	0	0	17	0	1	0	2	0	0	0	0	0	1	90	1	1	0	0	0	137	
5960.000000	0	0	18	0	1	0	2	0	0	0	0	0	1	75	1	1	0	0	0	143	
5970.000000	0	0	17	0	12	0	1	8	0	0	0	0	0	77	1	0	0	0	0	140	
5980.000000	0	0	19	0	12	0	1	18	0	0	9	0	1	82	0	7	0	0	0	129	
5990.000000	0	3	19	0	18	0	4	16	0	0	28	0	1	86	1	17	0	0	0	137	
6000.000000	0	1	17	0	13	0	9	13	0	0	27	0	1	106	1	15	0	0	0	120	
6010.000000	0	1	18	0	12	0	16	10	0	0	21	0	1	144	1	13	0	0	0	123	
6020.000000	0	1	19	0	10	0	17	8	0	0	19	0	1	176	1	11	0	0	0	120	
6030.000000	0	1	29	0	9	0	15	5	0	0	17	0	1	213	1	10	0	0	0	118	
6040.000000	0	1	30	0	10	0	15	5	0	0	14	0	1	234	1	6	0	0	0	116	
6050.000000	0	1	31	0	9	0	16	3	0	0	11	0	1	255	1	5	0	0	0	112	
6060.000000	0	7	35	0	8	0	15	3	0	0	37	0	1	279	1	6	0	0	0	111	
6070.000000	0	6	40	0	7	0	14	3	0	0	32	0	1	309	1	6	0	0	0	110	
6080.000000	0	5	45	0	7	0	14	3	0	0	31	0	1	334	1	6	0	0	0	111	
6090.000000	0	3	49	0	7	0	14	2	0	0	30	0	1	356	1	6	0	0	0	115	
6100.000000	0	3	54	0	6	0	13	1	0	0	27	0	1	367	1	5	0	0	0	111	
6110.000000	0	3	64	0	8	0	12	1	0	0	22	0	1	380	1	5	0	0	0	109	
6120.000000	0	3	69	0	8	0	10	1	0	0	20	0	1	388	1	5	0	0	0	114	
6130.000000	0	3	75	0	8	0	10	0	0	0	20	0	1	406	1	4	0	0	0	122	
6140.000000	0	3	69	0	17	0	10	0	0	0	18	0	1	400	1	3	0	0	0	128	
6150.000000	0	2	64	0	16	0	8	0	0	0	17	0	1	385	1	3	0	0	0	131	
6160.000000	0	2	63	0	13	0	7	0	0	0	17	0	1	380	1	3	0	0	0	121	
6170.000000	0	2	58	0	11	0	6	0	0	0	16	0	1	365	1	3	0	0	0	121	
6180.000000	0	1	57	0	11	0	5	0	0	0	15	0	1	323	1	3	0	0	0	118	
6190.000000	0	1	58	0	11	0	5	0	0	0	13	0	1	306	1	3	0	0	0	117	
6200.000000	0	1	53	0	10	0	4	0	0	0	13	0	1	260	1	2	0	0	0	117	
6210.000000	0	1	48	0	7	0	3	0	0	0	13	0	1	222	0	7	0	0	0	127	
6220.000000	0	1	45	0	5	0	2	0	0	0	13	0	0	182	0	34	0	0	0	120	
6230.000000	0	1	37	0	4	0	2	0	0	0	9	0	0	156	0	48	0	0	0	123	
6240.000000	0	1	33	0	4	0	1	0	0	0	9	0	0	138	1	60	0	0	0	123	
6250.000000	0	1	28	0	4	0	2	0	0	0	9	0	0	116	1	47	0	0	0	125	
6260.000000	0	1	24	0	6	0	9	0	0	0	6	0	0	103	1	42	0	0	0	129	
6270.000000	0	1	21	0	13	0	8	3	0	0	4	0	0	104	1	34	0	0	0	134	
6280.000000	0	1	26	0	22	0	12	4	0	0	4	0	1	112	1	27	0	0	0	133	
6290.000000	0	2	24	0	20	0	20	4	0	0	7	0	1	126	1	28	0	0	0	122	
6300.000000	0	1	31	0	25	0	21	2	0	0	6	0	1	136	1	26	0	0	0	121	
6310.000000	0	1	29	0	23	0	27	2	0	0	5	0	1	162	1	24	0	0	0	132	
6320.000000	0	4	32	0	21	0	35	2	0	0	9	0	1	189	1	23	0	0	0	129	
6330.000000	0	3	40	0	17	0	35	2	0	0	7	0	1	218	1	20	0	0	0	130	
6340.000000	0	1	42	0	15	0	42	2	0	0	6	0	1	244	1	20	0	0	0	129	
6350.000000	0	1	43	0	15	0	38	2	0	0	5	0	1	296	1	21	0	0	0	130	
6360.000000	0	1	54	0	14	0	37	2	0	0	5	0	1	314	1	17	0	0	0	126	
6370.000000	0	1	58	0	13	0	34	2	0	0	4	0	1	340	1	13	0	0	0	124	
6380.000000	0	1	57	0	13	0	30	2	0	0	4	0	1	354	1	11	0	0	0	132	
6390.000000	0	1	61	0	9	0	28	2	0	0	3	0	1	386	1	11	0	0	0	130	
6400.000000	0	1	66	0	9	0	26	2	0	0	3	0	1	395	1	9	0	0	0	130	
6410.000000	0	1	66	0	9	0	28	2	0	0	3	0	1	417	1	9	0	0	0	133	
6420.000000	0	0	67	0	8	0	27	2	0	0	3	0	1	435	1	9	0	0	0	130	
6430.000000	0	1	65	0	7	0	26	1	0	0	9	0	1	434	1	14	0	0	0	126	
6440.000000	0	1	63	0	7	0	26	1	0	0	12	0	1	443	1	13	0	0	0	128	
6450.000000	0	1	59	0	7	0	23	1	0	0	11	0	1	447	1	9	0	0	0	130	
6460.000000	0	1	60	0	6	0	19	1	0	0	8	0	1	421	1	9	0	0	0	130	
6470.000000	0	1	58	0	5	0	19	1	0	0	4	0	1	406	1	9	0	0	0	127	
6480.000000	0	1	56	0	5	0	17	1	0	0	3	0	1	365	1	9	0	0	0	122	
6490.000000	0	0	49	0	3	0	14	0	0	0	3	0	1	333	1	8	0	0	0	124	
6500.000000	0	0	44	0	6	0	10	0	0	0	2	0	1	303	1	7	0	0	0	131	
6510.000000	0	0	38	0	5	0	11	0	0	0	0	0	1	265	1	7	0	0	0	139	
6520.000000	0	0	26	0	5	0	8	0	0	0	0	0	1	218	1	6	0	0	0	133	
6530.000000	0	0	22	0	4	0	7	0	0	0	0	0	1	173	1	4	0	0	0	138	
6540.000000	0	0	17	0	4	0	6	0	0	0	0	0	1	136	1	4	0	0	0	138	
6550.000000	0	0	11	0	4	0	6	0	0	0	0	0	0	127	1	4	0	0	0	145	
6560.000000	0	1	10	0	3	0	4	0	0	0	1	0	1	116	1	18	0	0	0	136	
6570.000000	0	2	9	0	2	0	5	0	0	0	3	0	1	123	1	17	0	0	0	144	
6580.000000	0	1	8	0	2	0	8	0	0	0	2	0	1	121	1	12	0	0	0	137	
6590.000000	0	1	7	0	2	0	9	0	0	0	1	0	1	131	1	9	0	0	0	150	
6600.000000	0	3	10	0	2	0	7	0	0	0	12	0	1	155	0	8	0	0	0	150	
6610.000000	0	4	19	0	2	0	7	0	0	0	9	0	1	176	1	8	0	0	0	147	
6620.000000	0	4	25	0	2	0	8	0	0	0	8	0	1	200	1	8	0	0	0	143	
6630.000000	0	3	32	0	2	0	7	0	0	0	7	0	1	242	1	7	0	0	0	139	
6640.000000	0	2	33	0	8	0	8	0	0	0	5	0	1	251	1	7	0	0	0	139	
6650.000000	0	2	38	0	26	0	8	0	0	0	5	0	0	271	1	7	0	0	0	139	
6660.000000	0	2	43	0	25	0	6	0	0	0	5	0	1	290	1	6	0	0	0	138	
6670.000000	0	2	41	0	23	0	6	0	0	0	5	0	1	343	1	4	0	0	0	133	
6680.000000	0	2	51	0	22	0	5	0	0	0	4	0	1	356	1	4	0	0	0	131	
6690.000000	0	2	55	0	20	0	4	0	0	0	4	0	1	391	1	4	0	0	0	135	
6700.000000	0	2	58	0	19	0	6	0	0	0	4	0	1	412	1	4	0	0	0	131	
6710.000000	0	2	63	0	18	0	5	0	0	0	3	0	1	419	1	3	0	0	0	122	
6720.000000	0	2	68	0	16	0	4	0	0	0	3	0	1	404	1	2	0	0	0	121	
6730.000000	0	2	68	0	16	0	5	0	0	0	3	0	1	410	1	2	0	0	0	121	
6740.000000	0	2	73	0	20	0	5	0	0	0	3	0	1	412	1	1	0	0	0	128	
6750.000000	0	2	71	0	19	0	5	0	0	0	2	0	1	399	1	1	0	0	0	128	
6760.000000	0	2	65	0	17	0	5	0	0	0	2	0	1	398	1	1	0	0	0	129	
6770.000000	0	2	62	0	16	0	4	13	0	0	2	0	1	368	1	0	0	0	0	129	
6780.000000	0	2	59	0	15	0	4	33	0	0	2	0	1	334	1	0	0	0	0	132	
6790.000000	0	4	57	0	12	0	3	33	0	0	21	0	1	308	0	11	0	0	0	133	
6800.000000	0	4	53	0	12	0	3	25	0	0	21	0	1	280	1	13	0	0	0	133	
6810.000000	0	4	42	0	11	0	3	22	0	0	19	0	0	237	0	14	0	0	0	128	
6820.000000	0	1	33	0	9	0	2	20	0	0	15	0	0	207	1	17	0	0	0	126	
6830.000000	0	1	30	0	8	0	1	19	0	0	12	0	0	177	0	36	0	0	0	121	
6840.000000	0	1	23	0	8	0	1	14	0	0	13	0	0	151	0	47	0	0	0	125	
6850.000000	0	2	20	0	6	0	3	12	0	0	18	0	1	141	1	66	0	0	0	121	
6860.000000	0	1	18	0	6	0	6	10	0	0	17	0	1	124	1	55	0	0	0	113	
6870.000000	0	1	18	0	6	0	10	7	0	0	14	0	1	127	1	52	0	0	0	120	
6880.000000	0	1	22	0	5	0	20	6	0	0	13	0	1	128	1	43	0	0	0	123	
6890.000000	0	0	22	0	5	0	25	5	0	0	10	0	1	137	1	38	0	0	0	130	
6900.000000	0	0	23	4	3	0	29	5	0	0	21	0	1	154	1	31	0	0	0	131	
6910.000000	0	0	25	5	3	0	31	5	0	0	19	0	1	177	1	26	0	0	0	133	
6920.000000	0	0	29	7	3	0	38	5	0	0	19	0	1	197	1	24	0	0	0	130	
6930.000000	0	0	29	6	3	0	38	4	0	0	15	0	1	220	1	21	0	0	0	127	
6940.000000	0	0	32	9	3	0	43	4	0	0	14	0	1	238	1	20	0	0	0	125	
6950.000000	0	0	44	7	3	0	45	2	0	0	14	0	1	262	1	18	0	0	0	130	
6960.000000	0	0	53	5	3	0	45	2	0	0	14	0	1	293	1	17	0	0	0	128	
6970.000000	0	0	55	8	3	0	43	2	0	0	13	0	1	336	1	15	0	0	0	128	
6980.000000	0	0	66	8	3	0	41	2	0	0	12	0	1	351	1	12	0	0	0	132	
6990.000000	0	0	69	7	7	0	41	2	0	0	12	0	1	375	1	11	0	0	0	129	
7000.000000	0	0	72	7	5	0	39	2	0	0	9	0	1	405	1	9	0	0	0	129	
7010.000000	0	0	74	8	5	0	39	2	0	0	9	0	1	405	1	9	0	0	0	125	
7020.000000	0	0	76	8	5	0	36	2	0	0	6	0	1	415	1	9	0	0	0	127	
7030.000000	0	0	74	8	5	0	35	2	0	0	6	0	1	419	1	8	0	0	0	125	
7040.000000	0	0	77	7	9	0	31	2	0	0	5	0	1	416	1	6	0	0	0	117	
7050.000000	0	0	70	5	8	0	27	2	0	0	5	0	1	409	1	3	0	0	0	110	
7060.000000	0	0	72	3	8	0	24	1	0	0	4	0	1	404	1	3	0	0	0	116	
7070.000000	0	0	69	3	19	0	20	1	0	0	3	0	1	383	1	3	0	0	0	122	
7080.000000	0	0	63	3	16	0	20	1	0	0	2	0	1	362	1	3	0	0	0	121	
7090.000000	0	0	62	3	15	0	18	1	0	0	2	0	1	316	1	2	0	0	0	115	
7100.000000	0	0	56	2	11	0	15	1	0	0	2	0	1	275	1	2	0	0	0	121	
7110.000000	0	0	49	1	9	0	13	1	0	0	1	0	1	240	1	2	0	0	0	124	
7120.000000	0	0	45	1	5	0	10	1	0	0	1	0	1	209	0	17	0	0	0	117	
7130.000000	0	0	41	1	3	0	9	1	0	0	1	0	1	170	0	37	0	0	0	126	
7140.000000	0	0	33	1	2	0	8	1	0	0	1	0	0	138	1	33	0	0	0	124	
7150.000000	0	0	27	2	7	0	12	1	0	0	1	0	0	113	1	26	0	0	0	129	
7160.000000	0	1	23	2	7	0	10	1	0	0	5	0	1	97	0	26	0	0	0	135	
7170.000000	0	2	18	2	7	0	13	0	0	0	9	0	1	98	1	32	0	0	0	132	
7180.000000	0	1	22	1	6	0	22	0	0	0	7	0	1	103	1	28	0	0	0	122	
7190.000000	0	1	26	1	6	0	30	0	0	0	6	0	1	132	1	25	0	0	0	123	
7200.000000	0	1	27	0	6	0	29	0	0	0	5	0	1	161	1	23	0	0	0	122	
7210.000000	0	1	29	0	5	0	26	0	0	0	4	0	1	176	1	21	0	0	0	131	
7220.000000	0	1	32	0	4	0	32	0	0	0	3	0	1	193	1	19	0	0	0	128	
7230.000000	0	2	35	0	3	0	34	0	0	0	5	0	1	231	1	17	0	0	0	131	
7240.000000	0	2	39	0	2	0	32	0	0	0	4	0	1	257	1	16	0	0	0	124	
7250.000000	0	2	47	0	2	0	35	0	0	0	4	0	1	280	1	15	0	0	0	123	
7260.000000	0	2	47	0	2	0	38	0	0	0	4	0	1	312	1	13	0	0	0	126	
7270.000000	0	2	45	0	6	0	41	0	0	0	2	0	0	341	1	13	0	0	0	121	
7280.000000	0	2	47	0	17	0	39	0	0	0	2	0	1	372	1	12	0	0	0	129	
7290.000000	0	2	45	0	14	0	33	0	0	0	2	0	1	392	1	11	0	0	0	136	
7300.000000	0	1	50	0	13	0	31	0	0	0	2	0	1	414	1	10	0	0	0	140	
7310.000000	0	1	45	0	12	0	26	0	0	0	1	0	1	417	1	9	0	0	0	139	
7320.000000	0	1	51	0	8	0	23	0	0	0	1	0	1	439	1	9	0	0	0	138	
7330.000000	0	1	53	0	7	0	24	0	0	0	1	0	1	448	1	8	0	0	0	134	
7340.000000	0	1	56	0	9	0	20	0	0	0	1	0	1	440	1	6	0	0	0	131	
7350.000000	0	0	55	0	12	0	19	0	0	0	1	0	1	439	1	6	0	0	0	134	
7360.000000	0	0	52	0	11	0	19	0	0	0	1	0	1	426	1	6	0	0	0	129	
7370.000000	0	0	48	0	10	0	14	0	0	0	1	0	1	411	1	4	0	0	0	127	
7380.000000	0	0	44	0	10	0	14	0	0	0	1	0	1	366	1	2	0	0	0	133	
7390.000000	0	0	42	0	20	0	14	0	0	0	1	0	0	329	1	2	0	0	0	129	
7400.000000	0	0	40	0	16	0	11	0	0	0	0	0	1	283	1	1	0	0	0	133	
7410.000000	0	0	29	0	12	0	9	0	0	0	0	0	1	247	1	1	0	0	0	124	
7420.000000	0	0	26	0	11	0	8	0	0	0	0	0	1	197	1	1	0	0	0	130	
7430.000000	0	0	23	0	7	0	4	0	0	0	0	0	1	160	1	1	0	0	0	126	
7440.000000	0	0	18	0	5	0	4	1	0	0	0	0	1	134	1	0	0	0	0	126	
7450.000000	0	0	15	0	3	0	2	2	0	0	0	0	1	108	1	1	0	0	0	127	
7460.000000	0	1	11	0	2	0	2	15	0	0	1	0	1	106	0	0	0	0	0	125	
7470.000000	0	4	15	0	8	0	1	14	0	0	20	0	0	109	0	25	0	0	0	126	
7480.000000	0	5	15	0	14	0	8	11	0	0	19	0	1	108	1	27	0	0	0	126	
7490.000000	0	5	21	0	11	0	13	10	0	0	16	0	1	111	1	23	0	0	0	121	
7500.000000	0	5	21	0	11	0	15	10	0	0	14	0	1	129	1	22	0	0	0	121	
7510.000000	0	4	26	0	8	0	17	9	0	0	9	0	1	154	1	19	0	0	0	128	
7520.000000	0	3	24	0	8	0	23	9	0	0	8	0	1	178	1	18	0	0	0	140	
7530.000000	0	3	29	0	9	0	25	9	0	0	6	0	1	199	1	17	0	0	0	139	
7540.000000	0	3	32	0	8	0	24	6	0	0	5	0	1	222	1	15	0	0	0	127	
7550.000000	0	3	35	0	8	0	20	6	0	0	4	0	1	264	1	14	0	0	0	127	
7560.000000	0	2	51	0	6	0	25	6	0	0	3	0	1	285	1	13	0	0	0	130	
7570.000000	0	1	55	0	6	0	25	6	0	0	2	0	1	326	1	13	0	0	0	132	
7580.000000	0	1	55	0	6	0	24	6	0	0	1	0	1	359	1	12	0	0	0	127	
7590.000000	0	0	58	0	6	0	24	6	0	0	1	0	1	397	1	11	0	0	0	125	
7600.000000	0	0	56	1	6	0	23	5	0	0	1	0	1	414	1	11	0	0	0	136	
7610.000000	0	0	60	1	12	0	22	5	0	0	9	0	1	428	1	9	0	0	0	133	
7620.000000	0	4	65	1	10	0	22	5	0	0	15	0	1	408	1	12	0	0	0	138	
7630.000000	0	4	67	1	9	0	20	5	0	0	14	0	1	399	1	10	0	0	0	133	
7640.000000	0	4	64	1	8	0	18	5	0	0	12	0	1	399	1	8	0	0	0	133	
7650.000000	0	4	63	1	7	0	14	4	0	0	8	0	1	383	1	5	0	0	0	140	
7660.000000	0	4	60	1	5	0	12	3	0	0	6	0	1	363	1	5	0	0	0	143	
7670.000000	0	3	57	1	4	0	12	3	0	0	6	0	1	344	1	4	0	0	0	154	
7680.000000	0	3	52	1	10	0	11	3	0	0	3	0	1	313	1	3	0	0	0	147	
7690.000000	0	4	49	0	8	0	11	2	0	0	22	0	1	297	0	17	0	0	0	140	
7700.000000	0	4	44	0	5	0	11	2	0	0	18	0	1	263	1	20	0	0	0	135	
7710.000000	0	3	40	0	3	0	11	2	0	0	17	0	1	222	1	17	0	0	0	130	
7720.000000	0	3	38	0	3	0	9	2	0	0	13	0	1	178	1	17	0	0	0	127	
7730.000000	0	2	28	0	3	0	8	2	0	0	9	0	0	149	1	16	0	0	0	119	
7740.000000	0	2	20	0	2	0	6	2	0	0	8	0	0	127	1	11	0	0	0	123	
7750.000000	0	1	17	0	8	0	5	2	0	0	7	0	0	109	1	8	0	0	0	137	
7760.000000	0	1	18	0	13	0	5	2	0	0	7	0	1	101	1	7	0	0	0	127	
7770.000000	0	1	18	0	10	0	6	1	0	0	6	0	1	99	1	5	0	0	0	133	
7780.000000	0	1	18	0	8	0	5	1	0	0	6	0	1	111	1	3	0	0	0	127	
7790.000000	0	1	17	0	6	0	5	1	0	0	3	0	1	122	1	3	0	0	0	131	
7800.000000	0	1	17	0	17	0	5	1	0	0	3	0	1	159	1	3	0	0	0	138	
7810.000000	0	1	21	0	16	0	5	1	0	0	3	0	1	174	1	3	0	0	0	140	
7820.000000	0	1	24	0	14	0	6	1	0	0	2	0	1	214	1	2	0	0	0	134	
7830.000000	0	1	33	0	12	0	5	0	0	0	2	0	1	255	1	2	0	0	0	140	
7840.000000	0	1	38	0	9	0	4	0	0	0	2	0	1	275	1	2	0	0	0	135	
7850.000000	0	0	37	0	8	0	4	0	0	0	2	0	1	302	1	2	0	0	0	132	
7860.000000	0	0	38	0	6	0	4	0	0	0	2	0	1	322	1	1	0	0	0	131	
7870.000000	0	0	38	0	5	0	3	42	0	0	2	0	1	338	1	0	0	0	0	130	
7880.000000	0	0	41	0	5	0	3	86	0	0	2	0	1	350	1	0	0	0	0	122	
7890.000000	0	0	41	0	5	0	2	133	0	0	2	0	1	377	1	0	0	0	0	124	
7900.000000	0	0	42	0	5	0	1	171	0	0	2	0	1	410	1	0	0	0	0	135	
7910.000000	0	0	49	0	5	0	1	202	0	0	2	0	1	421	1	0	0	0	0	142	
7920.000000	0	0	50	0	5	0	1	233	0	0	1	0	1	421	1	0	0	0	0	135	
7930.000000	0	0	47	0	5	0	1	261	0	0	1	0	1	435	1	0	0	0	0	136	
7940.000000	0	7	47	0	5	0	2	245	0	0	31	0	1	435	0	8	0	0	0	134	
7950.000000	0	7	44	0	5	0	4	223	0	0	42	0	1	413	1	15	0	0	0	131	
7960.000000	0	6	43	0	6	0	8	198	0	0	48	0	1	408	0	21	0	0	0	131	
7970.000000	0	6	38	0	6	0	10	178	0	0	38	0	1	392	1	19	0	0	0	125	
7980.000000	0	5	36	0	4	0	11	166	0	0	30	0	1	362	1	16	0	0	0	120	
7990.000000	0	3	35	0	4	0	11	143	0	0	25	0	1	339	1	14	0	0	0	121	
8000.000000	0	3	32	0	4	0	10	125	0	0	20	0	1	297	1	12	0	0	0	115	
8010.000000	0	1	26	0	4	0	8	108	0	0	18	0	0	254	1	11	0	0	0	118	
8020.000000	0	1	23	0	4	0	6	98	0	0	17	0	0	208	1	8	0	0	0	120	
8030.000000	0	1	19	0	4	0	5	83	0	0	15	0	0	188	0	39	0	0	0	121	
8040.000000	0	1	18	0	5	0	6	69	0	0	14	0	0	165	1	45	0	0	0	124	
8050.000000	0	1	16	0	6	0	5	50	0	0	13	0	0	143	1	43	0	0	0	121	
8060.000000	0	0	14	0	8	0	9	43	0	0	11	0	0	131	1	40	0	0	0	125	
8070.000000	0	0	14	0	13	0	10	34	0	0	11	0	0	121	1	35	0	0	0	130	
8080.000000	0	0	14	1	22	0	18	31	0	0	10	0	0	117	1	35	0	0	0	138	
8090.000000	0	1	15	1	25	0	22	29	0	0	15	0	1	133	1	33	0	0	0	131	
8100.000000	0	1	17	1	23	0	27	24	0	0	15	0	1	147	1	30	0	0	0	126	
8110.000000	0	1	18	1	20	0	35	19	0	0	15	0	1	164	1	27	0	0	0	136	
8120.000000	0	1	20	1	18	0	37	16	0	0	13	0	1	178	1	23	0	0	0	131	
8130.000000	0	0	25	1	13	0	39	14	0	0	12	0	1	183	1	20	0	0	0	135	
8140.000000	0	0	27	2	15	0	37	12	0	0	11	0	0	212	1	19	0	0	0	128	
8150.000000	0	0	30	4	17	0	39	9	0	0	8	0	1	242	1	18	0	0	0	135	
8160.000000	0	0	34	4	15	0	41	9	0	0	6	0	1	271	1	17	0	0	0	137	
8170.000000	0	0	35	5	14	0	33	7	0	0	17	0	1	287	1	17	0	0	0	138	
8180.000000	0	0	37	4	14	0	33	5	0	0	14	0	1	332	1	12	0	0	0	138	
8190.000000	0	1	38	4	13	0	30	5	0	0	22	0	1	359	0	9	0	0	0	138	
8200.000000	0	3	46	4	13	0	29	5	0	0	65	0	1	373	1	14	0	0	0	142	
8210.000000	0	4	49	4	11	0	30	5	0	0	66	0	1	402	0	15	0	0	0	144	
8220.000000	0	7	49	4	9	0	25	4	0	0	70	0	1	410	1	16	0	0	0	140	
8230.000000	0	7	51	4	8	0	21	3	0	0	69	0	1	417	1	13	0	0	0	135	
8240.000000	0	7	50	4	7	0	22	3	0	0	60	0	1	421	1	10	0	0	0	132	
8250.000000	0	6	52	4	6	0	23	3	0	0	53	0	1	414	1	10	0	0	0	139	
8260.000000	0	6	51	4	6	0	19	3	0	0	49	0	1	391	1	10	0	0	0	132	
8270.000000	0	6	47	4	3	0	18	3	0	0	46	0	1	376	1	8	0	0	0	133	
8280.000000	0	6	44	3	2	0	14	3	0	0	41	0	1	335	1	8	0	0	0	132	
8290.000000	0	5	39	3	2	0	12	3	0	0	37	0	1	305	1	9	0	0	0	139	
8300.000000	0	6	35	1	1	0	11	3	0	0	36	0	1	272	1	13	0	0	0	139	
8310.000000	0	5	31	1	1	0	10	3	0	0	31	0	1	242	1	10	0	0	0	126	
8320.000000	0	5	26	1	2	0	6	3	0	0	25	0	0	197	1	9	0	0	0	126	
8330.000000	0	4	21	1	2	0	4	2	0	0	22	0	0	152	1	8	0	0	0	133	
8340.000000	0	4	15	1	2	0	4	2	0	0	18	0	1	119	1	8	0	0	0	136	
8350.000000	0	4	11	0	2	0	2	2	0	0	13	0	1	95	1	7	0	0	0	144	
8360.000000	0	4	10	0	2	0	2	1	0	0	8	0	1	94	1	4	0	0	0	134	
8370.000000	0	4	9	0	3	0	4	1	0	0	7	0	1	89	1	4	0	0	0	123	
8380.000000	0	4	9	0	3	0	3	1	0	0	20	0	1	104	0	12	0	0	0	121	
8390.000000	0	3	11	0	14	0	3	1	0	0	12	0	1	120	1	11	0	0	0	137	
8400.000000	0	3	12	0	12	0	6	1	0	0	20	0	1	144	0	13	0	0	0	132	
8410.000000	0	14	13	0	11	0	6	1	0	0	46	0	1	159	0	18	0	0	0	133	
8420.000000	0	12	20	0	23	0	8	1	0	0	53	0	1	189	0	21	0	0	0	128	
8430.000000	0	12	29	0	38	0	16	1	0	0	58	0	1	221	1	21	0	0	0	137	
8440.000000	0	10	33	1	33	0	18	1	0	0	53	0	1	248	1	21	0	0	0	139	
8450.000000	0	8	35	1	29	0	24	1	0	0	49	0	1	273	1	19	0	0	0	136	
8460.000000	0	8	36	0	28	0	32	1	0	0	44	0	1	313	1	18	0	0	0	140	
8470.000000	0	8	45	0	27	0	35	1	0	0	39	0	1	334	1	16	0	0	0	138	
8480.000000	0	6	49	0	27	0	30	1	0	0	38	0	1	356	1	15	0	0	0	136	
8490.000000	0	6	50	0	25	0	30	1	0	0	35	0	1	382	1	15	0	0	0	130	
8500.000000	0	5	56	0	23	0	32	1	0	0	33	0	1	402	1	13	0	0	0	135	
8510.000000	0	4	55	0	21	0	35	1	0	0	31	0	1	421	1	12	0	0	0	137	
8520.000000	0	4	53	0	18	0	33	1	0	0	27	0	1	424	1	11	0	0	0	139	
8530.000000	0	8	57	0	15	0	35	1	0	0	42	0	1	416	1	15	0	0	0	140	
8540.000000	0	8	56	0	13	0	35	0	0	0	38	0	1	408	1	14	0	0	0	135	
8550.000000	0	8	52	0	12	0	34	0	0	0	35	0	1	404	1	13	0	0	0	145	
8560.000000	0	6	54	0	10	0	29	0	0	0	31	0	1	396	1	11	0	0	0	145	
8570.000000	0	5	54	0	9	0	28	0	0	0	25	0	1	368	1	10	0	0	0	138	
8580.000000	0	4	51	0	9	0	19	0	0	0	19	0	1	344	1	9	0	0	0	129	
8590.000000	0	2	45	0	8	0	14	0	0	0	16	0	1	306	1	7	0	0	0	134	
8600.000000	0	1	37	0	7	0	11	0	0	0	12	0	1	267	1	7	0	0	0	132	
8610.000000	0	0	28	0	6	0	10	0	0	0	10	0	1	225	1	7	0	0	0	127	
8620.000000	0	0	20	0	2	0	9	0	0	0	8	0	1	189	1	5	0	0	0	127	
8630.000000	0	0	17	0	1	0	9	0	0	0	5	0	1	149	1	4	0	0	0	135	
8640.000000	0	0	13	0	0	0	8	0	0	0	5	0	1	116	1	2	0	0	0	132	
8650.000000	0	2	12	0	0	0	8	0	0	0	9	0	1	98	0	15	0	0	0	129	
8660.000000	0	3	10	0	0	0	8	0	0	0	13	0	1	92	1	26	0	0	0	124	
8670.000000	0	2	11	0	0	0	11	0	0	0	11	0	1	96	1	21	0	0	0	114	
8680.000000	0	3	11	0	0	0	11	0	0	0	12	0	1	100	0	24	0	0	0	119	
8690.000000	0	3	16	0	0	0	17	0	0	0	24	0	1	114	0	27	0	0	0	123	
8700.000000	0	5	23	0	0	0	19	0	0	0	46	0	1	124	1	34	0	0	0	128	
8710.000000	0	4	25	0	0	0	28	0	0	0	43	0	1	132	1	32	0	0	0	122	
8720.000000	0	4	30	0	0	0	38	0	0	0	38	0	1	164	1	27	0	0	0	126	
8730.000000	0	4	32	0	0	0	46	0	0	0	31	0	1	196	1	22	0	0	0	122	
8740.000000	0	3	37	0	0	0	43	0	0	0	26	0	1	226	1	22	0	0	0	128	
8750.000000	0	3	39	0	0	0	44	0	0	0	23	0	1	255	1	20	0	0	0	134	
8760.000000	0	3	45	0	1	0	37	0	0	0	21	0	1	273	1	17	0	0	0	131	
8770.000000	0	3	52	0	5	0	39	0	0	0	13	0	1	306	1	16	0	0	0	128	
8780.000000	0	3	50	0	4	0	39	0	0	0	11	0	1	341	1	14	0	0	0	127	
8790.000000	0	3	54	0	3	0	37	0	0	0	10	0	1	355	1	13	0	0	0	127	
8800.000000	0	2	59	0	4	0	34	0	0	0	9	0	1	376	1	11	0	0	0	135	
8810.000000	0	2	57	0	7	0	32	0	0	0	9	0	1	383	1	9	0	0	0	130	
8820.000000	0	1	59	0	7	0	29	0	0	0	9	0	1	389	1	7	0	0	0	124	
8830.000000	0	0	61	0	6	0	23	0	0	0	8	0	1	394	1	6	0	0	0	124	
8840.000000	0	0	63	0	6	0	20	0	0	0	6	0	1	392	1	4	0	0	0	125	
8850.000000	0	0	60	0	6	0	18	0	0	0	5	0	1	381	1	3	0	0	0	133	
8860.000000	0	0	57	0	6	0	16	0	0	0	5	0	1	366	1	3	0	0	0	126	
8870.000000	0	0	53	0	6	0	14	0	0	0	4	0	1	341	1	3	0	0	0	128	
8880.000000	0	0	50	0	5	0	13	0	0	0	3	0	1	310	1	2	0	0	0	130	
8890.000000	0	3	46	0	4	0	12	0	0	0	8	0	0	275	0	14	0	0	0	130	
8900.000000	0	2	39	0	5	0	11	0	0	0	12	0	1	250	1	15	0	0	0	135	
8910.000000	0	2	34	0	5	0	9	0	0	0	9	0	1	202	1	15	0	0	0	141	
8920.000000	0	1	29	0	3	0	8	0	0	0	9	0	1	164	1	12	0	0	0	135	
8930.000000	0	0	25	0	2	0	7	0	0	0	6	0	1	124	1	11	0	0	0	131	
8940.000000	0	0	23	0	1	0	5	0	0	0	3	0	1	92	1	9	0	0	0	119	
8950.000000	0	0	19	0	3	0	5	0	0	0	3	0	1	78	1	8	0	0	0	144	
8960.000000	0	0	15	0	8	0	5	0	0	0	3	0	1	72	1	6	0	0	0	147	
8970.000000	0	0	13	0	6	0	5	0	0	0	2	0	0	65	1	6	0	0	0	140	
8980.000000	0	2	14	0	18	0	4	0	0	0	9	0	0	76	1	8	0	0	0	133	
8990.000000	0	1	19	0	21	0	4	0	0	0	6	0	1	105	1	5	0	0	0	132	
9000.000000	0	1	24	0	18	0	2	0	0	0	4	0	1	135	1	5	0	0	0	127	
9010.000000	0	1	28	0	16	0	2	0	0	0	4	0	1	168	1	5	0	0	0	129	
9020.000000	0	1	31	0	15	0	2	0	0	0	2	0	1	194	1	4	0	0	0	125	
9030.000000	0	1	34	0	10	0	3	0	0	0	1	0	1	225	1	3	0	0	0	124	
9040.000000	0	1	40	0	9	0	3	0	0	0	2	0	1	251	0	3	0	0	0	123	
9050.000000	0	8	48	0	9	0	3	0	0	0	56	0	1	287	0	11	0	0	0	121	
9060.000000	0	11	53	0	8	0	7	0	0	0	62	0	1	322	1	14	0	0	0	115	
9070.000000	0	9	54	0	20	0	13	0	0	0	61	0	0	332	1	12	0	0	0	119	
9080.000000	0	9	55	0	25	0	12	0	0	0	55	0	1	353	1	9	0	0	0	118	
9090.000000	0	9	56	0	23	0	13	0	0	0	43	0	1	370	1	9	0	0	0	119	
9100.000000	0	9	58	0	21	0	12	0	0	0	39	0	1	395	1	9	0	0	0	118	
9110.000000	0	9	64	0	20	0	11	0	0	0	38	0	1	419	1	9	0	0	0	120	
9120.000000	0	8	66	0	20	0	12	0	0	0	34	0	1	414	1	9	0	0	0	125	
9130.000000	0	7	64	0	18	0	15	0	0	0	30	0	1	421	1	9	0	0	0	125	
9140.000000	0	7	59	0	17	0	13	0	0	0	28	0	1	414	1	7	0	0	0	133	
9150.000000	0	7	51	0	16	0	12	0	0	0	28	0	1	412	1	7	0	0	0	127	
9160.000000	0	6	46	0	13	0	9	0	0	0	26	0	1	393	1	7	0	0	0	124	
9170.000000	0	5	45	0	12	0	10	0	0	0	24	0	1	379	1	6	0	0	0	122	
9180.000000	0	5	35	0	12	0	10	0	0	0	21	0	1	351	1	6	0	0	0	119	
9190.000000	0	5	34	0	11	0	6	0	0	0	16	0	1	308	1	6	0	0	0	129	
9200.000000	0	3	27	0	11	0	4	0	0	0	16	0	1	262	1	4	0	0	0	131	
9210.000000	0	3	23	0	7	0	4	0	0	0	15	0	1	217	1	4	0	0	0	134	
9220.000000	0	2	20	0	6	0	3	0	0	0	12	0	1	171	1	2	0	0	0	145	
9230.000000	0	1	18	0	5	0	3	0	0	0	10	0	1	120	1	1	0	0	0	146	
9240.000000	0	0	14	0	4	0	3	0	0	0	6	0	1	93	1	1	0	0	0	132	
9250.000000	0	0	10	0	3	0	2	0	0	0	8	0	1	69	0	8	0	0	0	135	
9260.000000	0	0	11	0	3	0	3	0	0	0	17	0	1	61	1	27	0	0	0	135	
9270.000000	0	0	9	0	3	0	11	0	0	0	16	0	1	70	1	20	0	0	0	124	
9280.000000	0	0	11	1	2	0	14	0	0	0	14	0	1	82	1	15	0	0	0	126	
9290.000000	0	0	12	1	16	0	15	0	0	0	11	0	1	94	1	15	0	0	0	133	
9300.000000	0	0	17	4	12	0	15	0	0	0	10	0	1	122	1	12	0	0	0	134	
9310.000000	0	0	17	4	10	0	18	0	0	0	16	0	1	149	0	17	0	0	0	129	
9320.000000	0	0	24	4	21	0	22	0	0	0	23	0	1	178	1	16	0	0	0	128	
9330.000000	0	0	32	3	19	0	21	0	0	0	22	0	1	222	1	15	0	0	0	136	
9340.000000	0	0	36	3	16	0	26	0	0	0	28	0	1	246	1	16	0	0	0	136	
9350.000000	0	2	39	2	14	0	29	0	0	0	33	0	1	278	1	17	0	0	0	133	
9360.000000	0	2	33	2	13	0	30	0	0	0	31	0	1	307	1	13	0	0	0	130	
9370.000000	0	2	36	2	12	0	29	0	0	0	28	0	1	341	1	12	0	0	0	128	
9380.000000	0	1	43	1	11	0	25	0	0	0	25	0	1	363	1	11	0	0	0	124	
9390.000000	0	3	49	0	9	0	29	0	0	0	31	0	1	368	1	18	0	0	0	129	
9400.000000	0	3	52	0	8	0	30	0	0	0	28	0	1	388	1	17	0	0	0	128	
9410.000000	0	3	54	0	7	0	37	0	0	0	26	0	1	416	1	16	0	0	0	125	
9420.000000	0	3	56	0	7	0	38	0	0	0	23	0	1	398	1	15	0	0	0	135	
9430.000000	0	2	54	0	7	0	39	0	0	0	18	0	1	403	1	13	0	0	0	126	
9440.000000	0	1	53	0	7	0	40	0	0	0	19	0	1	396	0	13	0	0	0	130	
9450.000000	0	3	56	0	6	0	38	0	0	0	23	0	1	390	1	15	0	0	0	131	
9460.000000	0	3	53	0	5	0	32	0	0	0	26	0	1	386	1	15	0	0	0	134	
9470.000000	0	2	53	0	4	0	30	0	0	0	23	0	0	370	1	12	0	0	0	127	
9480.000000	0	2	49	0	19	0	25	0	0	0	17	0	1	336	1	10	0	0	0	126	
9490.000000	0	1	50	0	18	0	17	0	0	0	16	0	0	293	1	9	0	0	0	124	
9500.000000	0	1	40	0	14	0	13	0	0	0	11	0	1	259	1	8	0	0	0	122	
9510.000000	0	0	34	0	11	0	14	0	0	0	9	0	1	216	1	5	0	0	0	128	
9520.000000	0	0	28	0	10	0	11	0	0	0	8	0	1	174	1	4	0	0	0	119	
9530.000000	0	0	22	0	10	0	8	0	0	0	4	0	1	147	0	3	0	0	0	121	
9540.000000	0	0	18	0	8	0	6	0	0	0	4	0	1	116	0	19	0	0	0	125	
9550.000000	0	1	15	0	8	0	7	0	0	0	10	0	1	99	0	32	0	0	0	125	
9560.000000	0	1	12	0	7	0	11	0	0	0	12	0	1	104	1	40	0	0	0	133	
9570.000000	0	1	11	0	7	0	17	0	0	0	11	0	1	103	1	32	0	0	0	127	
9580.000000	0	1	19	0	7	0	18	0	0	0	9	0	1	112	1	26	0	0	0	124	
9590.000000	0	0	15	3	7	0	21	0	0	0	15	0	1	122	1	24	0	0	0	122	
9600.000000	0	0	25	2	7	0	27	0	0	0	14	0	1	132	1	20	0	0	0	124	
9610.000000	0	0	34	3	7	0	31	0	0	0	11	0	1	157	1	18	0	0	0	126	
9620.000000	0	0	38	3	5	0	29	0	0	0	10	0	1	185	1	17	0	0	0	128	
9630.000000	0	6	41	4	4	0	27	0	0	0	34	0	1	206	0	19	0	0	0	127	
9640.000000	0	5	45	3	2	0	31	0	0	0	34	0	1	229	1	18	0	0	0	127	
9650.000000	0	4	49	2	1	0	32	0	0	0	28	0	1	272	1	17	0	0	0	130	
9660.000000	0	3	52	2	1	0	30	0	0	0	23	0	1	303	1	16	0	0	0	131	
9670.000000	0	3	48	2	1	0	31	0	0	0	17	0	1	336	1	16	0	0	0	136	
9680.000000	0	3	52	2	1	0	32	0	0	0	16	0	1	363	1	14	0	0	0	132	
9690.000000	0	3	60	2	1	0	32	0	0	0	14	0	1	373	1	13	0	0	0	130	
9700.000000	0	3	61	2	1	0	30	0	0	0	13	0	1	375	1	12	0	0	0	132	
9710.000000	0	2	65	2	1	0	27	0	0	0	11	0	1	395	1	10	0	0	0	123	
9720.000000	0	2	64	2	1	0	23	0	0	0	10	0	1	404	1	9	0	0	0	123	
9730.000000	0	2	65	2	1	0	22	0	0	0	8	0	1	405	1	6	0	0	0	127	
9740.000000	0	2	61	1	3	0	20	0	0	0	8	0	1	405	1	6	0	0	0	128	
9750.000000	0	2	62	1	3	0	15	0	0	0	8	0	1	395	1	4	0	0	0	124	
9760.000000	0	2	58	1	3	0	14	0	0	0	8	0	1	391	1	3	0	0	0	115	
9770.000000	0	2	60	1	2	0	10	0	0	0	8	0	1	369	1	3	0	0	0	114	
9780.000000	0	2	54	1	3	0	10	0	0	0	5	0	1	340	1	3	0	0	0	118	
9790.000000	0	2	49	1	2	0	10	0	0	0	5	0	1	316	1	3	0	0	0	119	
9800.000000	0	2	41	1	1	0	7	0	0	0	5	0	1	268	1	3	0	0	0	131	
9810.000000	0	1	31	0	1	0	6	0	0	0	4	0	1	232	1	3	0	0	0	130	
9820.000000	0	1	25	0	1	0	6	0	0	0	4	0	1	187	1	2	0	0	0	130	
9830.000000	0	0	21	0	1	0	4	0	0	0	4	0	1	144	1	2	0	0	0	126	
9840.000000	0	0	19	0	1	0	4	0	0	0	3	0	1	107	1	1	0	0	0	129	
9850.000000	0	0	18	0	1	0	4	0	0	0	3	0	1	82	1	1	0	0	0	119	
9860.000000	0	0	12	0	9	0	2	0	0	0	3	0	0	81	1	1	0	0	0	117	
9870.000000	0	0	14	0	7	0	2	0	0	0	6	0	1	85	0	4	0	0	0	127	
9880.000000	0	3	11	0	16	0	2	0	0	0	18	0	0	93	1	9	0	0	0	131	
9890.000000	0	3	14	0	12	0	3	0	0	0	15	0	1	98	1	9	0	0	0	136	
9900.000000	0	3	20	0	13	0	3	0	0	0	11	0	0	112	1	7	0	0	0	128	
9910.000000	0	3	28	0	24	0	2	0	0	0	11	0	0	147	1	7	0	0	0	133	
9920.000000	0	2	33	0	32	0	3	0	0	0	11	0	1	178	1	6	0	0	0	131	
9930.000000	0	1	39	0	31	0	3	0	0	0	11	0	1	211	1	6	0	0	0	142	
9940.000000	0	1	39	0	25	0	4	0	0	0	10	0	1	240	1	6	0	0	0	143	
9950.000000	0	1	43	0	19	0	5	0	0	0	8	0	1	268	1	6	0	0	0	147	
9960.000000	0	0	45	0	17	0	5	0	0	0	8	0	1	293	1	5	0	0	0	151	
9970.000000	0	3	51	0	17	0	3	0	0	0	25	0	1	312	0	5	0	0	0	146	
9980.000000	0	8	53	0	17	0	10	0	0	0	81	0	1	341	0	14	0	0	0	146	
9990.000000	0	8	57	0	13	0	15	0	0	0	75	0	1	356	1	12	0	0	0	142	
10000.000000	0	8	61	0	12	0	14	0	0	0	64	0	1	382	1	11	0	0	0	138	
