0.000000	10	10	10	10	10	10	0	0	0	0	0	0	0	0	0	0	0	0	0	0	
0.000000	10	10	10	11	10	10	0	0	0	0	0	0	0	0	0	0	0	0	0	0	
10.000000	35	10	8	53	10	10	28	30	23	0	17	0	0	29	18	0	90	0	0	0	
20.000000	69	9	6	86	9	9	61	61	57	0	31	0	0	58	64	0	151	0	0	0	
30.000000	94	8	5	117	8	9	92	95	99	0	31	0	0	81	98	0	223	0	0	0	
40.000000	132	7	5	166	7	8	126	136	134	0	35	0	0	119	142	0	290	0	0	0	
50.000000	166	7	5	214	7	7	162	174	171	0	32	0	0	165	185	0	364	0	0	0	
60.000000	200	6	5	236	7	7	208	219	204	0	31	0	0	190	230	0	432	0	0	0	
70.000000	248	6	5	268	7	6	252	259	223	0	30	0	0	243	270	0	482	0	0	0	
80.000000	294	6	4	312	7	6	288	295	259	0	29	0	0	275	308	0	526	0	0	0	
90.000000	327	6	4	341	6	6	330	319	293	0	28	0	0	305	334	0	558	0	0	0	
100.000000	359	6	4	373	5	6	374	339	325	0	23	0	0	332	352	0	583	0	0	0	
110.000000	369	5	4	403	5	5	392	371	347	0	22	0	0	366	370	0	636	0	0	0	
120.000000	392	4	3	412	5	4	427	387	355	0	20	0	0	399	380	0	667	0	0	0	
130.000000	410	4	3	427	4	4	419	395	363	0	18	0	0	418	391	0	684	0	0	0	
140.000000	409	2	3	420	3	3	431	397	371	0	15	0	0	422	404	0	691	0	0	0	
150.000000	407	2	3	423	3	2	424	412	373	0	14	0	0	423	403	0	712	0	0	0	
160.000000	385	2	3	413	2	1	413	401	374	0	14	0	0	412	386	0	738	0	0	0	
170.000000	379	2	3	408	1	1	403	392	346	0	14	0	0	396	372	0	760	0	0	0	
180.000000	362	2	3	380	1	1	373	380	336	0	13	0	0	383	359	0	784	0	0	0	
190.000000	343	2	3	356	1	1	345	359	324	0	11	0	0	361	339	0	786	0	0	0	
200.000000	319	2	3	330	1	1	321	338	298	0	11	0	0	332	307	0	801	0	0	0	
210.000000	305	2	2	308	1	0	301	311	286	0	9	0	0	304	285	0	810	0	0	0	
220.000000	286	2	2	284	1	0	270	284	260	0	9	0	0	281	268	0	825	0	0	0	
230.000000	264	1	2	263	1	0	250	254	240	0	8	0	0	257	241	0	855	0	0	0	
240.000000	244	1	2	243	0	0	231	239	226	0	7	0	0	238	217	0	871	0	0	0	
250.000000	223	1	1	224	0	0	216	215	196	0	7	0	0	231	200	0	868	0	0	0	
260.000000	213	1	1	215	0	0	201	199	189	0	6	0	0	209	190	0	875	0	0	0	
270.000000	207	1	1	216	0	0	203	192	182	0	6	0	0	194	181	0	891	0	0	0	
280.000000	200	1	1	202	0	0	200	184	183	0	6	0	0	195	179	0	874	0	0	0	
290.000000	203	1	1	205	0	0	212	184	196	0	5	0	0	190	188	0	890	0	0	0	
300.000000	216	0	1	224	0	0	209	204	202	0	5	0	0	207	200	0	888	0	0	0	
310.000000	226	0	1	233	0	0	241	212	215	0	5	0	0	226	223	0	889	0	0	0	
320.000000	253	0	1	260	0	0	256	232	240	0	5	0	0	246	237	0	901	0	0	0	
330.000000	281	0	1	263	0	0	266	254	263	0	5	0	0	268	268	0	905	0	0	0	
340.000000	302	0	1	290	0	0	286	281	281	0	5	0	0	303	290	0	901	0	0	0	
350.000000	324	0	1	313	0	0	322	309	301	0	4	0	0	315	313	0	891	0	0	0	
360.000000	343	0	1	325	0	0	355	316	327	0	4	0	0	350	335	0	869	0	0	0	
370.000000	394	0	1	351	0	0	379	362	356	0	3	0	0	379	349	0	870	0	0	0	
380.000000	422	0	1	386	0	0	403	390	384	0	2	0	0	399	382	0	882	0	0	0	
390.000000	440	0	1	390	0	0	428	411	410	0	2	0	0	415	406	0	876	0	0	0	
400.000000	452	0	0	421	0	0	442	422	446	0	2	0	0	434	432	0	900	0	0	0	
410.000000	460	0	0	448	0	0	452	436	468	0	2	0	0	424	458	0	886	0	0	0	
420.000000	476	0	0	457	0	0	457	447	473	0	2	0	0	430	468	0	902	0	0	0	
430.000000	474	0	0	452	0	0	445	449	473	0	2	0	0	439	475	0	920	0	0	0	
440.000000	467	0	0	442	0	0	448	453	469	0	2	0	0	438	473	0	920	0	0	0	
450.000000	458	0	0	433	0	0	435	462	459	0	2	0	0	427	467	0	920	0	0	0	
460.000000	451	0	0	411	0	0	430	453	428	0	1	0	0	413	458	0	915	0	0	0	
470.000000	430	0	0	390	0	0	418	446	420	0	1	0	0	399	452	0	930	0	0	0	
480.000000	403	0	0	355	0	0	394	423	396	0	1	0	0	389	417	0	943	0	0	0	
490.000000	384	0	0	335	0	0	367	407	360	0	1	0	0	373	385	0	955	0	0	0	
500.000000	359	0	0	323	0	0	342	375	340	0	0	0	0	358	363	0	956	0	0	0	
510.000000	327	0	0	302	0	0	320	343	313	0	0	0	0	337	336	0	964	0	0	0	
520.000000	307	0	0	285	0	0	292	313	291	0	0	0	0	306	309	0	957	0	0	0	
530.000000	285	0	0	259	0	0	268	294	267	0	0	0	0	290	284	0	951	0	0	0	
540.000000	258	0	0	238	0	0	244	271	248	0	0	0	0	273	270	0	965	0	0	0	
550.000000	237	0	0	228	0	0	213	251	226	0	0	0	0	254	249	0	982	0	0	0	
560.000000	227	0	0	220	0	0	199	236	214	0	0	0	0	239	233	0	990	0	0	0	
570.000000	223	0	0	213	0	0	194	234	211	0	0	0	0	225	223	0	987	0	0	0	
580.000000	222	0	0	209	0	0	184	225	208	0	0	0	0	216	222	0	976	0	0	0	
590.000000	223	0	0	211	0	0	193	227	212	0	1	0	0	205	235	0	987	0	0	0	
600.000000	230	0	0	218	0	0	203	245	218	0	1	0	0	214	256	0	976	0	0	0	
610.000000	245	0	0	225	0	0	209	251	228	0	0	0	0	236	271	0	980	0	0	0	
620.000000	272	0	0	241	0	0	230	274	255	0	0	0	0	241	272	0	974	0	0	0	
630.000000	294	0	0	252	0	0	243	296	266	0	0	0	0	271	288	0	979	0	0	0	
640.000000	316	0	0	284	0	0	272	314	277	0	0	0	0	293	320	0	975	0	0	0	
650.000000	339	0	0	315	0	0	308	340	299	0	0	0	0	322	343	0	985	0	0	0	
660.000000	382	0	0	350	0	0	346	370	341	0	0	0	0	348	360	0	1000	0	0	0	
670.000000	410	0	0	378	0	0	364	382	365	0	0	0	0	391	379	0	986	0	0	0	
680.000000	446	0	0	408	0	0	382	392	400	0	0	0	0	411	411	0	974	0	0	0	
690.000000	480	0	0	437	0	0	415	394	416	0	0	0	0	450	426	0	974	0	0	0	
700.000000	489	0	0	473	0	0	450	437	440	0	0	0	0	456	447	0	988	0	0	0	
710.000000	505	0	0	469	0	0	470	439	454	0	0	0	0	470	464	0	972	0	0	0	
720.000000	500	0	0	478	0	0	486	448	465	0	0	0	0	476	473	0	962	0	0	0	
730.000000	514	0	0	492	0	0	489	442	469	0	0	0	0	476	485	0	964	0	0	0	
740.000000	512	0	0	482	0	0	474	427	486	0	0	0	0	465	481	0	938	0	0	0	
750.000000	502	0	0	470	0	0	473	412	476	0	0	0	0	444	457	0	943	0	0	0	
760.000000	496	0	0	452	0	0	469	405	474	0	0	0	0	442	440	0	943	0	0	0	
770.000000	477	0	0	446	0	0	447	395	462	0	0	0	0	430	424	0	945	0	0	0	
780.000000	460	0	0	412	0	0	430	381	448	0	0	0	0	405	406	0	959	0	0	0	
790.000000	427	0	0	389	0	0	408	359	417	0	0	0	0	386	393	0	947	0	0	0	
800.000000	395	0	0	369	0	0	390	332	385	0	0	0	0	352	366	0	952	0	0	0	
810.000000	372	0	0	337	0	0	367	315	360	0	0	0	0	321	339	0	952	0	0	0	
820.000000	352	0	0	311	0	0	333	289	340	0	0	0	0	303	303	0	954	0	0	0	
830.000000	326	0	0	290	0	0	313	265	312	0	0	0	0	289	282	0	963	0	0	0	
840.000000	304	0	0	262	0	0	288	245	291	0	0	0	0	270	253	0	955	0	0	0	
850.000000	285	0	0	248	0	0	269	233	270	0	0	0	0	249	233	0	969	0	0	0	
860.000000	261	0	0	236	0	0	247	218	261	0	0	0	0	229	225	0	976	0	0	0	
870.000000	256	0	0	218	0	0	229	206	250	0	0	0	0	214	211	0	983	0	0	0	
880.000000	252	0	0	214	0	0	223	207	246	0	0	0	0	208	199	0	986	0	0	0	
890.000000	251	0	0	214	0	0	220	206	250	0	0	0	0	211	201	0	980	0	0	0	
900.000000	259	0	0	216	0	0	221	209	259	0	1	0	0	223	205	0	972	0	0	0	
910.000000	271	0	0	231	0	0	242	215	276	0	1	0	0	229	236	0	966	0	0	0	
920.000000	293	0	0	239	0	0	253	216	287	0	1	0	0	249	262	0	977	0	0	0	
930.000000	309	0	0	281	0	0	270	240	320	0	1	0	0	272	280	0	982	0	0	0	
940.000000	321	0	0	309	0	0	294	277	334	0	1	0	0	306	290	0	989	0	0	0	
950.000000	348	0	0	349	0	0	320	314	358	0	1	0	0	320	314	0	1008	0	0	0	
960.000000	391	0	0	379	0	0	346	336	382	0	1	0	0	334	342	0	1009	0	0	0	
970.000000	413	0	0	406	0	0	377	355	395	0	1	0	0	367	370	0	1021	0	0	0	
980.000000	415	0	0	429	0	0	401	374	422	0	1	0	0	404	400	0	1035	0	0	0	
990.000000	442	0	0	439	0	0	427	399	444	0	1	0	0	438	424	0	1008	0	0	0	
1000.000000	457	0	0	466	0	0	453	400	471	0	1	0	0	454	444	0	1007	0	0	0	
1010.000000	468	0	0	475	0	0	490	423	479	0	1	0	0	455	468	0	1009	0	0	0	
1020.000000	478	0	0	482	0	0	505	438	481	0	1	0	0	468	476	0	997	0	0	0	
1030.000000	489	0	0	481	0	0	515	436	489	0	1	0	0	473	474	0	995	0	0	0	
1040.000000	487	0	0	467	0	0	490	428	492	0	1	0	0	450	469	0	991	0	0	0	
1050.000000	482	0	0	464	0	0	482	424	488	0	1	0	0	456	449	0	1004	0	0	0	
1060.000000	454	0	0	461	0	0	478	405	482	0	0	0	0	447	435	0	1020	0	0	0	
1070.000000	433	0	0	444	0	0	458	401	446	0	0	0	0	427	409	0	1014	0	0	0	
1080.000000	413	0	0	420	0	0	444	384	420	0	0	0	0	410	401	0	1019	0	0	0	
1090.000000	403	0	0	396	0	0	413	361	395	0	0	0	0	377	371	0	1006	0	0	0	
1100.000000	372	0	0	376	0	0	389	339	364	0	0	0	0	361	346	0	989	0	0	0	
1110.000000	348	0	0	349	0	0	356	310	335	0	0	0	0	337	318	0	1006	0	0	0	
1120.000000	322	0	0	323	0	0	320	284	317	0	0	0	0	311	293	0	1013	0	0	0	
1130.000000	294	0	0	288	0	0	287	261	290	0	0	0	0	289	273	0	1009	0	0	0	
1140.000000	273	0	0	265	0	0	267	239	261	0	0	0	0	269	251	0	1025	0	0	0	
1150.000000	256	0	0	250	0	0	244	215	242	0	0	0	0	245	237	0	1021	0	0	0	
1160.000000	237	0	0	238	0	0	221	208	231	0	0	0	0	238	224	0	1019	0	0	0	
1170.000000	227	0	0	228	0	0	213	203	218	0	0	0	0	229	213	0	1017	0	0	0	
1180.000000	228	0	0	226	0	0	206	203	212	0	0	0	0	230	211	0	1015	0	0	0	
1190.000000	234	0	0	239	0	0	206	213	208	0	0	0	0	224	218	0	1010	0	0	0	
1200.000000	241	0	0	237	0	0	200	225	213	0	0	0	0	237	217	0	999	0	0	0	
1210.000000	256	0	0	242	0	0	213	218	225	0	0	0	0	243	229	0	1009	0	0	0	
1220.000000	263	0	0	269	0	0	243	237	232	0	1	0	0	270	244	0	1030	0	0	0	
1230.000000	280	0	0	284	0	0	249	268	243	0	1	0	0	285	276	0	1020	0	0	0	
1240.000000	288	0	0	308	0	0	273	293	265	0	0	0	0	301	286	0	998	0	0	0	
1250.000000	324	0	0	335	0	0	291	315	287	0	0	0	0	322	312	0	966	0	0	0	
1260.000000	334	0	0	360	0	0	316	333	327	0	0	0	0	347	351	0	975	0	0	0	
1270.000000	354	0	0	371	0	0	352	366	361	0	0	0	0	377	389	0	983	0	0	0	
1280.000000	383	0	0	392	0	0	385	390	389	0	0	0	0	399	420	0	987	0	0	0	
1290.000000	419	0	0	414	0	0	410	408	420	0	0	0	0	408	449	0	991	0	0	0	
1300.000000	435	0	0	444	0	0	449	431	454	0	0	0	0	428	477	0	997	0	0	0	
1310.000000	450	0	0	463	0	0	469	449	449	0	0	0	0	434	476	0	1013	0	0	0	
1320.000000	439	0	0	464	0	0	476	457	456	0	0	0	0	458	490	0	1025	0	0	0	
1330.000000	441	0	0	474	0	0	475	475	462	0	0	0	0	454	498	0	1021	0	0	0	
1340.000000	441	0	0	467	0	0	474	470	467	0	0	0	0	469	482	0	1050	0	0	0	
1350.000000	445	0	0	475	0	0	461	447	465	0	0	0	0	456	454	0	1049	0	0	0	
1360.000000	430	0	0	457	0	0	444	435	451	0	0	0	0	440	445	0	1045	0	0	0	
1370.000000	416	0	0	439	0	0	424	415	420	0	1	0	0	420	436	0	1041	0	0	0	
1380.000000	392	0	0	414	0	0	406	390	399	0	1	0	0	398	417	0	1039	0	0	0	
1390.000000	374	0	0	402	0	0	387	365	370	0	1	0	0	369	400	0	1038	0	0	0	
1400.000000	346	0	0	369	0	0	350	333	357	0	1	0	0	347	371	0	1044	0	0	0	
1410.000000	333	0	0	344	0	0	327	312	320	0	1	0	0	313	342	0	1022	0	0	0	
1420.000000	305	0	0	317	0	0	307	292	303	0	1	0	0	301	318	0	1013	0	0	0	
1430.000000	278	0	0	294	0	0	291	279	288	0	1	0	0	273	292	0	1025	0	0	0	
1440.000000	253	0	0	275	0	0	269	269	263	0	1	0	0	253	271	0	1026	0	0	0	
1450.000000	232	0	0	254	0	0	255	253	246	0	1	0	0	237	246	0	1030	0	0	0	
1460.000000	221	0	0	239	0	0	238	235	231	0	1	0	0	224	227	0	1039	0	0	0	
1470.000000	217	0	0	227	0	0	227	231	220	0	1	0	0	219	207	0	1040	0	0	0	
1480.000000	220	0	0	224	0	0	217	226	225	0	1	0	0	216	203	0	1047	0	0	0	
1490.000000	225	0	0	215	0	0	222	226	219	0	1	0	0	215	211	0	1053	0	0	0	
1500.000000	233	0	0	228	0	0	231	232	219	0	1	0	0	222	220	0	1051	0	0	0	
1510.000000	252	0	0	242	0	0	244	248	230	0	2	0	0	212	234	0	1052	0	0	0	
1520.000000	260	0	0	268	0	0	267	260	253	0	2	0	0	233	251	0	1063	0	0	0	
1530.000000	281	0	0	288	0	0	298	283	275	0	2	0	0	247	265	0	1027	0	0	0	
1540.000000	303	0	0	311	0	0	317	310	313	0	2	0	0	266	284	0	1015	0	0	0	
1550.000000	339	0	0	332	0	0	350	332	338	0	3	0	0	304	322	0	1012	0	0	0	
1560.000000	355	0	0	362	0	0	366	355	358	0	3	0	0	338	344	0	1019	0	0	0	
1570.000000	368	0	0	392	0	0	391	397	394	0	3	0	0	354	361	0	1024	0	0	0	
1580.000000	386	0	0	437	0	0	418	399	435	0	3	0	0	379	381	0	990	0	0	0	
1590.000000	418	0	0	449	0	0	441	433	465	0	3	0	0	404	403	0	990	0	0	0	
1600.000000	434	0	0	473	0	0	461	448	478	0	3	0	0	429	435	0	990	0	0	0	
1610.000000	452	0	0	471	0	0	461	454	489	0	4	0	0	447	449	0	975	0	0	0	
1620.000000	472	0	0	473	0	0	470	453	501	0	4	0	0	462	459	0	967	0	0	0	
1630.000000	471	0	0	492	0	0	474	444	487	0	3	0	0	466	469	0	990	0	0	0	
1640.000000	472	0	0	483	0	0	462	442	483	0	3	0	0	472	457	0	985	0	0	0	
1650.000000	459	0	0	477	0	0	458	439	467	0	4	0	0	463	446	0	1003	0	0	0	
1660.000000	439	0	0	454	0	0	446	433	457	0	3	0	0	454	442	0	1012	0	0	0	
1670.000000	423	0	0	447	0	0	435	421	434	0	3	0	0	437	422	0	1022	0	0	0	
1680.000000	399	0	0	419	0	0	416	397	411	0	3	0	0	414	394	0	1019	0	0	0	
1690.000000	383	0	0	400	0	0	399	369	392	0	3	0	0	387	359	0	1006	0	0	0	
1700.000000	364	0	0	376	0	0	370	358	371	0	2	0	0	363	327	0	1022	0	0	0	
1710.000000	336	0	0	344	0	0	332	337	338	0	2	0	0	337	312	0	1010	0	0	0	
1720.000000	304	0	0	318	0	0	308	311	310	0	2	0	0	317	291	0	999	0	0	0	
1730.000000	283	0	0	288	0	0	292	291	284	0	2	0	0	286	272	0	997	0	0	0	
1740.000000	259	0	0	264	0	0	274	274	263	0	2	0	0	273	250	0	969	0	0	0	
1750.000000	237	0	0	239	0	0	255	256	244	0	2	0	0	256	237	0	986	0	0	0	
1760.000000	225	0	0	226	0	0	242	246	226	0	1	0	0	247	218	0	971	0	0	0	
1770.000000	210	0	0	212	0	0	230	236	202	0	1	0	0	243	208	0	959	0	0	0	
1780.000000	202	0	0	213	0	0	225	224	198	0	1	0	0	236	197	0	951	0	0	0	
1790.000000	204	0	0	218	0	0	227	220	193	0	1	0	0	248	197	0	951	0	0	0	
1800.000000	218	0	0	226	0	0	242	237	200	0	1	0	0	252	210	0	968	0	0	0	
1810.000000	230	0	0	241	0	0	251	257	222	0	1	0	0	260	231	0	976	0	0	0	
1820.000000	259	0	0	257	0	0	273	261	238	0	1	0	0	268	250	0	967	0	0	0	
1830.000000	267	0	0	275	0	0	300	283	269	0	0	0	0	292	263	0	990	0	0	0	
1840.000000	278	0	0	290	0	0	322	307	293	0	0	0	0	305	290	0	968	0	0	0	
1850.000000	301	0	0	311	0	0	356	331	325	0	0	0	0	331	326	0	968	0	0	0	
1860.000000	335	0	0	337	0	0	369	359	351	0	0	0	0	361	357	0	962	0	0	0	
1870.000000	363	0	0	359	0	0	402	385	385	0	0	0	0	382	383	0	951	0	0	0	
1880.000000	392	0	0	373	0	0	431	403	414	0	0	0	0	411	416	0	949	0	0	0	
1890.000000	407	0	0	395	0	0	437	418	433	0	0	0	0	418	444	0	950	0	0	0	
1900.000000	433	0	0	408	0	0	458	432	444	0	0	0	0	449	462	0	960	0	0	0	
1910.000000	432	0	0	427	0	0	492	442	455	0	0	0	0	472	467	0	950	0	0	0	
1920.000000	444	0	0	443	0	0	491	447	462	0	0	0	0	476	485	0	934	0	0	0	
1930.000000	442	0	0	456	0	0	483	438	471	0	0	0	0	476	481	0	951	0	0	0	
1940.000000	435	0	0	462	0	0	467	431	480	0	0	0	0	485	479	0	952	0	0	0	
1950.000000	434	0	0	448	0	0	455	432	465	0	0	0	0	465	465	0	959	0	0	0	
1960.000000	429	0	0	432	0	0	445	427	457	0	0	0	0	464	450	0	971	0	0	0	
1970.000000	416	0	0	410	0	0	427	414	439	0	0	0	0	436	429	0	972	0	0	0	
1980.000000	393	0	0	390	0	0	415	399	415	0	0	0	0	411	407	0	983	0	0	0	
1990.000000	381	0	0	366	0	0	397	378	387	0	0	0	0	379	384	0	978	0	0	0	
2000.000000	356	0	0	340	0	0	361	364	363	0	0	0	0	354	357	0	961	0	0	0	
2010.000000	336	0	0	309	0	0	335	344	329	0	0	0	0	325	328	0	965	0	0	0	
2020.000000	310	0	0	285	0	0	314	320	303	0	0	0	0	291	304	0	956	0	0	0	
2030.000000	283	0	0	261	0	0	287	304	272	0	0	0	0	267	279	0	972	0	0	0	
2040.000000	267	0	0	247	0	0	257	282	256	0	0	0	0	247	253	0	982	0	0	0	
2050.000000	254	0	0	227	0	0	235	259	245	0	0	0	0	233	235	0	957	0	0	0	
2060.000000	239	0	0	214	0	0	222	239	237	0	0	0	0	219	222	0	952	0	0	0	
2070.000000	225	0	0	204	0	0	214	219	230	0	0	0	0	207	211	0	956	0	0	0	
2080.000000	219	0	0	202	0	0	213	222	233	0	0	0	0	203	202	0	962	0	0	0	
2090.000000	218	0	0	210	0	0	211	229	237	0	1	0	0	207	198	0	969	0	0	0	
2100.000000	234	0	0	210	0	0	225	238	241	0	1	0	0	214	205	0	963	0	0	0	
2110.000000	245	0	0	223	0	0	249	252	244	0	1	0	0	227	220	0	977	0	0	0	
2120.000000	262	0	0	243	0	0	261	276	245	0	1	0	0	240	245	0	995	0	0	0	
2130.000000	286	0	0	264	0	0	289	303	281	0	1	0	0	256	276	0	1024	0	0	0	
2140.000000	302	0	0	290	0	0	315	325	298	0	1	0	0	287	311	0	1035	0	0	0	
2150.000000	349	0	0	322	0	0	344	347	320	0	1	0	0	319	347	0	1031	0	0	0	
2160.000000	369	0	0	365	0	0	364	378	339	0	1	0	0	347	371	0	1050	0	0	0	
2170.000000	388	0	0	380	0	0	391	414	380	0	1	0	0	373	390	0	1060	0	0	0	
2180.000000	426	0	0	408	0	0	419	451	404	0	1	0	0	396	422	0	1050	0	0	0	
2190.000000	439	0	0	448	0	0	429	460	435	0	1	0	0	426	435	0	1033	0	0	0	
2200.000000	468	0	0	470	0	0	443	463	467	0	1	0	0	444	464	0	1027	0	0	0	
2210.000000	472	0	0	481	0	0	459	481	492	0	1	0	0	456	456	0	1015	0	0	0	
2220.000000	470	0	0	497	0	0	464	488	501	0	1	0	0	451	457	0	1009	0	0	0	
2230.000000	469	0	0	491	0	0	459	505	503	0	1	0	0	448	469	0	1006	0	0	0	
2240.000000	463	0	0	487	0	0	466	519	510	0	1	0	0	469	474	0	991	0	0	0	
2250.000000	452	0	0	465	0	0	452	498	510	0	1	0	0	446	473	0	1001	0	0	0	
2260.000000	443	0	0	442	0	0	438	480	491	0	1	0	0	429	463	0	1002	0	0	0	
2270.000000	433	0	0	421	0	0	420	463	466	0	1	0	0	414	426	0	998	0	0	0	
2280.000000	414	0	0	409	0	0	397	449	447	0	1	0	0	393	405	0	1005	0	0	0	
2290.000000	389	0	0	394	0	0	373	411	415	0	1	0	0	382	392	0	997	0	0	0	
2300.000000	371	0	0	364	0	0	344	389	392	0	1	0	0	361	367	0	1003	0	0	0	
2310.000000	342	0	0	336	0	0	315	349	352	0	1	0	0	324	334	0	995	0	0	0	
2320.000000	310	0	0	308	0	0	293	318	321	0	1	0	0	292	303	0	1017	0	0	0	
2330.000000	289	0	0	286	0	0	271	303	302	0	1	0	0	268	277	0	1030	0	0	0	
2340.000000	271	0	0	268	0	0	251	276	277	0	1	0	0	244	253	0	1023	0	0	0	
2350.000000	253	0	0	248	0	0	233	256	253	0	1	0	0	233	239	0	1034	0	0	0	
2360.000000	239	0	0	228	0	0	230	246	237	0	1	0	0	223	233	0	1036	0	0	0	
2370.000000	231	0	0	218	0	0	218	235	220	0	1	0	0	208	233	0	1020	0	0	0	
2380.000000	229	0	0	218	0	0	211	224	216	0	1	0	0	205	221	0	1024	0	0	0	
2390.000000	218	0	0	220	0	0	210	217	206	0	1	0	0	203	229	0	1036	0	0	0	
2400.000000	229	0	0	226	0	0	208	221	222	0	1	0	0	207	239	0	1021	0	0	0	
2410.000000	239	0	0	222	0	0	224	237	232	0	1	0	0	203	250	0	1023	0	0	0	
2420.000000	248	0	0	243	0	0	242	262	248	0	1	0	0	246	261	0	1004	0	0	0	
2430.000000	273	0	0	261	0	0	275	270	264	0	1	0	0	257	276	0	1008	0	0	0	
2440.000000	304	0	0	279	0	0	298	290	293	0	1	0	0	287	279	0	996	0	0	0	
2450.000000	336	0	0	303	0	0	328	306	319	0	1	0	0	311	309	0	1021	0	0	0	
2460.000000	354	0	0	345	0	0	341	341	348	0	1	0	0	339	335	0	1020	0	0	0	
2470.000000	381	0	0	364	0	0	367	357	385	0	1	0	0	354	370	0	1003	0	0	0	
2480.000000	409	0	0	381	0	0	397	380	405	0	1	0	0	382	390	0	1010	0	0	0	
2490.000000	437	0	0	401	0	0	408	406	427	0	1	0	0	401	417	0	1001	0	0	0	
2500.000000	456	0	0	429	0	0	429	438	428	0	1	0	0	442	443	0	986	0	0	0	
2510.000000	479	0	0	443	0	0	445	465	439	0	1	0	0	444	460	0	970	0	0	0	
2520.000000	491	0	0	447	0	0	457	465	459	0	1	0	0	440	483	0	964	0	0	0	
2530.000000	484	0	0	464	0	0	469	469	474	0	1	0	0	433	477	0	949	0	0	0	
2540.000000	492	0	0	469	0	0	470	464	465	0	0	0	0	425	468	0	957	0	0	0	
2550.000000	469	0	0	452	0	0	468	450	460	0	0	0	0	427	465	0	942	0	0	0	
2560.000000	455	0	0	445	0	0	458	444	440	0	0	0	0	413	443	0	951	0	0	0	
2570.000000	430	0	0	427	0	0	450	421	418	0	0	0	0	393	419	0	946	0	0	0	
2580.000000	400	0	0	408	0	0	429	410	390	0	0	0	0	380	396	0	937	0	0	0	
2590.000000	372	0	0	395	0	0	405	378	372	0	0	0	0	360	372	0	954	0	0	0	
2600.000000	339	0	0	369	0	0	378	354	358	0	0	0	0	329	351	0	957	0	0	0	
2610.000000	316	0	0	334	0	0	351	326	331	0	0	0	0	311	327	0	970	0	0	0	
2620.000000	293	0	0	315	0	0	323	296	300	0	0	0	0	276	307	0	966	0	0	0	
2630.000000	259	0	0	297	0	0	301	276	269	0	0	0	0	256	289	0	964	0	0	0	
2640.000000	236	0	0	278	0	0	277	262	246	0	0	0	0	235	266	0	962	0	0	0	
2650.000000	222	0	0	259	0	0	257	247	222	0	0	0	0	221	245	0	941	0	0	0	
2660.000000	206	0	0	248	0	0	236	229	218	0	0	0	0	203	231	0	942	0	0	0	
2670.000000	194	0	0	247	0	0	233	219	210	0	0	0	0	195	226	0	942	0	0	0	
2680.000000	198	0	0	241	0	0	230	219	205	0	0	0	0	201	228	0	965	0	0	0	
2690.000000	193	0	0	241	0	0	224	220	209	0	0	0	0	196	219	0	975	0	0	0	
2700.000000	202	0	0	240	0	0	231	220	217	0	0	0	0	209	225	0	982	0	0	0	
2710.000000	227	0	0	257	0	0	235	233	233	0	0	0	0	226	239	0	979	0	0	0	
2720.000000	230	0	0	267	0	0	250	261	260	0	0	0	0	251	264	0	973	0	0	0	
2730.000000	246	0	0	280	0	0	274	272	284	0	0	0	0	267	275	0	955	0	0	0	
2740.000000	273	0	0	311	0	0	293	303	302	0	0	0	0	299	288	0	949	0	0	0	
2750.000000	294	0	0	357	0	0	332	326	315	0	0	0	0	335	310	0	959	0	0	0	
2760.000000	323	0	0	368	0	0	364	354	347	0	0	0	0	355	331	0	983	0	0	0	
2770.000000	356	0	0	377	0	0	403	371	367	0	0	0	0	373	356	0	980	0	0	0	
2780.000000	379	0	0	405	0	0	435	400	406	0	0	0	0	411	393	0	980	0	0	0	
2790.000000	396	0	0	410	0	0	460	415	422	0	0	0	0	432	410	0	970	0	0	0	
2800.000000	416	0	0	438	0	0	479	417	438	0	0	0	0	428	425	0	950	0	0	0	
2810.000000	418	0	0	446	0	0	495	448	449	0	0	0	0	445	432	0	960	0	0	0	
2820.000000	416	0	0	449	0	0	494	455	457	0	0	0	0	451	449	0	971	0	0	0	
2830.000000	425	0	0	442	0	0	487	461	454	0	0	0	0	472	453	0	975	0	0	0	
2840.000000	428	0	0	439	0	0	463	449	439	0	0	0	0	462	447	0	961	0	0	0	
2850.000000	421	0	0	436	0	0	464	451	438	0	0	0	0	459	438	0	969	0	0	0	
2860.000000	399	0	0	427	0	0	462	437	429	0	0	0	0	447	430	0	989	0	0	0	
2870.000000	377	0	0	397	0	0	440	418	407	0	0	0	0	438	419	0	980	0	0	0	
2880.000000	372	0	0	369	0	0	418	398	393	0	0	0	0	414	397	0	976	0	0	0	
2890.000000	352	0	0	364	0	0	396	361	377	0	0	0	0	399	376	0	973	0	0	0	
2900.000000	331	0	0	340	0	0	375	325	344	0	0	0	0	365	342	0	969	0	0	0	
2910.000000	312	0	0	317	0	0	346	301	315	0	0	0	0	334	323	0	975	0	0	0	
2920.000000	288	0	0	298	0	0	318	274	295	0	0	0	0	306	302	0	956	0	0	0	
2930.000000	266	0	0	276	0	0	291	257	274	0	0	0	0	283	273	0	960	0	0	0	
2940.000000	252	0	0	257	0	0	262	242	243	0	0	0	0	257	255	0	979	0	0	0	
2950.000000	230	0	0	241	0	0	240	224	219	0	0	0	0	240	239	0	1005	0	0	0	
2960.000000	217	0	0	227	0	0	228	217	205	0	0	0	0	224	234	0	982	0	0	0	
2970.000000	212	0	0	211	0	0	213	198	193	0	0	0	0	208	222	0	985	0	0	0	
2980.000000	205	0	0	214	0	0	210	197	198	0	0	0	0	214	229	0	982	0	0	0	
2990.000000	201	0	0	217	0	0	219	199	209	0	0	0	0	215	227	0	984	0	0	0	
3000.000000	221	0	0	209	0	0	220	224	210	0	0	0	0	205	235	0	976	0	0	0	
3010.000000	224	0	0	224	0	0	218	245	221	0	0	0	0	223	248	0	982	0	0	0	
3020.000000	236	0	0	235	0	0	236	269	246	0	0	0	0	237	260	0	1006	0	0	0	
3030.000000	254	0	0	241	0	0	253	300	253	0	0	0	0	254	289	0	994	0	0	0	
3040.000000	280	0	0	258	0	0	273	307	275	0	0	0	0	276	310	0	993	0	0	0	
3050.000000	313	0	0	286	0	0	301	323	311	0	0	0	0	298	330	0	982	0	0	0	
3060.000000	344	0	0	315	0	0	336	357	334	0	0	0	0	310	362	0	982	0	0	0	
3070.000000	372	0	0	346	0	0	369	382	356	0	0	0	0	355	383	0	977	0	0	0	
3080.000000	402	0	0	376	0	0	385	422	378	0	0	0	0	387	419	0	972	0	0	0	
3090.000000	437	0	0	412	0	0	412	440	415	0	0	0	0	413	429	0	968	0	0	0	
3100.000000	441	0	0	422	0	0	436	446	426	0	0	0	0	445	439	0	956	0	0	0	
3110.000000	443	0	0	444	0	0	457	456	445	0	0	0	0	464	462	0	980	0	0	0	
3120.000000	446	0	0	467	0	0	467	465	452	0	0	0	0	448	471	0	1009	0	0	0	
3130.000000	450	0	0	463	0	0	460	456	449	0	0	0	0	457	481	0	994	0	0	0	
3140.000000	454	0	0	473	0	0	465	464	445	0	0	0	0	448	470	0	963	0	0	0	
3150.000000	450	0	0	470	0	0	472	451	428	0	0	0	0	434	449	0	975	0	0	0	
3160.000000	444	0	0	451	0	0	450	438	413	0	0	0	0	423	433	0	974	0	0	0	
3170.000000	428	0	0	436	0	0	436	411	385	0	0	0	0	409	419	0	972	0	0	0	
3180.000000	402	0	0	415	0	0	409	380	373	0	0	0	0	386	396	0	986	0	0	0	
3190.000000	375	0	0	398	0	0	387	367	353	0	0	0	0	360	377	0	963	0	0	0	
3200.000000	347	0	0	368	0	0	370	347	322	0	0	0	0	348	359	0	968	0	0	0	
3210.000000	321	0	0	330	0	0	342	321	301	0	0	0	0	325	330	0	979	0	0	0	
3220.000000	301	0	0	298	0	0	312	301	280	0	0	0	0	293	299	0	977	0	0	0	
3230.000000	285	0	0	271	0	0	284	280	257	0	0	0	0	266	279	0	941	0	0	0	
3240.000000	249	0	0	245	0	0	266	266	238	0	0	0	0	251	252	0	964	0	0	0	
3250.000000	222	0	0	221	0	0	254	250	218	0	0	0	0	233	231	0	988	0	0	0	
3260.000000	210	0	0	210	0	0	239	237	202	0	0	0	0	222	220	0	978	0	0	0	
3270.000000	204	0	0	205	0	0	238	225	192	0	0	0	0	216	207	0	986	0	0	0	
3280.000000	205	0	0	209	0	0	236	222	182	0	0	0	0	212	201	0	949	0	0	0	
3290.000000	206	0	0	204	0	0	228	208	191	0	0	0	0	220	196	0	955	0	0	0	
3300.000000	218	0	0	212	0	0	236	218	205	0	0	0	0	224	206	0	963	0	0	0	
3310.000000	228	0	0	231	0	0	242	222	226	0	0	0	0	238	217	0	964	0	0	0	
3320.000000	233	0	0	249	0	0	267	234	230	0	0	0	0	257	233	0	976	0	0	0	
3330.000000	274	0	0	272	0	0	291	262	247	0	0	0	0	279	262	0	982	0	0	0	
3340.000000	299	0	0	304	0	0	322	268	265	0	0	0	0	302	293	0	992	0	0	0	
3350.000000	328	0	0	336	0	0	322	289	295	0	0	0	0	324	312	0	976	0	0	0	
3360.000000	368	0	0	355	0	0	339	323	313	0	0	0	0	352	342	0	967	0	0	0	
3370.000000	393	0	0	384	0	0	360	343	332	0	0	0	0	379	372	0	965	0	0	0	
3380.000000	424	0	0	413	0	0	396	365	355	0	0	0	0	404	409	0	955	0	0	0	
3390.000000	446	0	0	429	0	0	426	379	372	0	0	0	0	428	438	0	973	0	0	0	
3400.000000	465	0	0	454	0	0	429	419	393	0	0	0	0	433	445	0	965	0	0	0	
3410.000000	474	0	0	459	0	0	443	440	412	0	0	0	0	453	460	0	979	0	0	0	
3420.000000	476	0	0	482	0	0	450	468	424	0	0	0	0	462	465	0	1008	0	0	0	
3430.000000	468	0	0	480	0	0	451	484	424	0	0	0	0	468	478	0	1025	0	0	0	
3440.000000	463	0	0	475	0	0	439	479	416	0	0	0	0	468	492	0	1017	0	0	0	
3450.000000	455	0	0	455	0	0	436	482	421	0	0	0	0	460	490	0	1009	0	0	0	
3460.000000	451	0	0	444	0	0	416	459	406	0	0	0	0	453	467	0	1010	0	0	0	
3470.000000	438	0	0	438	0	0	386	442	388	0	0	0	0	427	443	0	1011	0	0	0	
3480.000000	410	0	0	410	0	0	373	423	354	0	0	0	0	409	410	0	1015	0	0	0	
3490.000000	397	0	0	389	0	0	348	400	333	0	0	0	0	392	376	0	1024	0	0	0	
3500.000000	362	0	0	365	0	0	337	381	313	0	0	0	0	368	343	0	1057	0	0	0	
3510.000000	326	0	0	340	0	0	305	342	288	0	0	0	0	336	317	0	1066	0	0	0	
3520.000000	309	0	0	311	0	0	279	321	268	0	0	0	0	311	299	0	1059	0	0	0	
3530.000000	286	0	0	277	0	0	258	298	245	0	0	0	0	279	280	0	1060	0	0	0	
3540.000000	260	0	0	259	0	0	235	271	229	0	0	0	0	257	258	0	1068	0	0	0	
3550.000000	247	0	0	244	0	0	224	251	216	0	0	0	0	234	238	0	1041	0	0	0	
3560.000000	235	0	0	236	0	0	210	229	197	0	0	0	0	223	227	0	1063	0	0	0	
3570.000000	232	0	0	224	0	0	209	219	192	0	0	0	0	211	208	0	1064	0	0	0	
3580.000000	235	0	0	222	0	0	210	214	190	0	0	0	0	203	193	0	1057	0	0	0	
3590.000000	241	0	0	223	0	0	217	207	201	0	0	0	0	198	197	0	1070	0	0	0	
3600.000000	237	0	0	224	0	0	227	226	224	0	0	0	0	218	209	0	1050	0	0	0	
3610.000000	244	0	0	235	0	0	234	234	226	0	0	0	0	228	208	0	1043	0	0	0	
3620.000000	263	0	0	245	0	0	245	234	246	0	0	0	0	249	224	0	1039	0	0	0	
3630.000000	281	0	0	263	0	0	265	255	282	0	0	0	0	268	252	0	1041	0	0	0	
3640.000000	320	0	0	294	0	0	289	294	310	0	0	0	0	300	284	0	1021	0	0	0	
3650.000000	344	0	0	313	0	0	322	314	343	0	0	0	0	325	317	0	1002	0	0	0	
3660.000000	360	0	0	317	0	0	343	345	381	0	0	0	0	346	347	0	1012	0	0	0	
3670.000000	396	0	0	344	0	0	363	367	400	0	0	0	0	381	383	0	1028	0	0	0	
3680.000000	425	0	0	382	0	0	407	386	423	0	0	0	0	410	419	0	1014	0	0	0	
3690.000000	452	0	0	413	0	0	424	416	442	0	0	0	0	423	438	0	1011	0	0	0	
3700.000000	476	0	0	425	0	0	437	440	457	0	0	0	0	455	452	0	1006	0	0	0	
3710.000000	465	0	0	442	0	0	450	463	458	0	0	0	0	466	472	0	998	0	0	0	
3720.000000	474	0	0	465	0	0	465	472	461	0	0	0	0	472	490	0	1008	0	0	0	
3730.000000	464	0	0	459	0	0	480	469	483	0	0	0	0	479	498	0	1002	0	0	0	
3740.000000	467	0	0	461	0	0	471	457	484	0	0	0	0	481	480	0	1018	0	0	0	
3750.000000	455	0	0	442	0	0	464	453	477	0	0	0	0	475	469	0	1027	0	0	0	
3760.000000	440	0	0	435	0	0	469	429	458	0	0	0	0	446	453	0	1037	0	0	0	
3770.000000	416	0	0	425	0	0	444	414	447	0	0	0	0	421	439	0	1038	0	0	0	
3780.000000	396	0	0	405	0	0	410	391	415	0	0	0	0	408	422	0	1025	0	0	0	
3790.000000	376	0	0	389	0	0	385	369	399	0	0	0	0	381	393	0	1022	0	0	0	
3800.000000	353	0	0	358	0	0	361	342	381	0	0	0	0	363	364	0	1023	0	0	0	
3810.000000	321	0	0	332	0	0	332	318	356	0	0	0	0	329	335	0	1040	0	0	0	
3820.000000	294	0	0	314	0	0	309	291	333	0	0	0	0	308	314	0	1045	0	0	0	
3830.000000	269	0	0	299	0	0	284	269	306	0	0	0	0	283	293	0	1047	0	0	0	
3840.000000	246	0	0	276	0	0	260	253	284	0	0	0	0	264	272	0	1035	0	0	0	
3850.000000	233	0	0	263	0	0	234	233	263	0	0	0	0	248	250	0	1047	0	0	0	
3860.000000	224	0	0	246	0	0	229	226	257	0	0	0	0	235	242	0	1029	0	0	0	
3870.000000	226	0	0	231	0	0	220	219	245	0	0	0	0	227	231	0	1019	0	0	0	
3880.000000	230	0	0	217	0	0	222	216	245	0	0	0	0	229	218	0	1010	0	0	0	
3890.000000	226	0	0	218	0	0	227	224	235	0	0	0	0	226	217	0	1023	0	0	0	
3900.000000	228	0	0	229	0	0	235	234	241	0	0	0	0	230	234	0	1031	0	0	0	
3910.000000	243	0	0	236	0	0	255	242	257	0	0	0	0	241	236	0	1039	0	0	0	
3920.000000	258	0	0	259	0	0	264	257	256	0	0	0	0	258	233	0	1026	0	0	0	
3930.000000	285	0	0	291	0	0	276	266	268	0	0	0	0	286	239	0	1023	0	0	0	
3940.000000	320	0	0	304	0	0	299	297	301	0	0	0	0	330	263	0	1030	0	0	0	
3950.000000	350	0	0	337	0	0	331	325	313	0	0	0	0	343	281	0	1045	0	0	0	
3960.000000	363	0	0	363	0	0	359	352	339	0	0	0	0	362	307	0	1026	0	0	0	
3970.000000	381	0	0	399	0	0	394	379	357	0	0	0	0	394	337	0	1020	0	0	0	
3980.000000	402	0	0	420	0	0	417	401	391	0	0	0	0	402	371	0	1016	0	0	0	
3990.000000	420	0	0	447	0	0	445	423	413	0	0	0	0	414	391	0	1003	0	0	0	
4000.000000	448	0	0	443	0	0	481	425	419	0	0	0	0	430	392	0	1003	0	0	0	
4010.000000	467	0	0	471	0	0	482	431	436	0	0	0	0	433	405	0	998	0	0	0	
4020.000000	480	0	0	472	0	0	501	454	442	0	0	0	0	441	426	0	998	0	0	0	
4030.000000	486	0	0	477	0	0	490	459	437	0	0	0	0	445	419	0	1005	0	0	0	
4040.000000	476	0	0	459	0	0	500	444	444	0	0	0	0	444	424	0	1013	0	0	0	
4050.000000	471	0	0	456	0	0	486	437	440	0	0	0	0	441	419	0	1000	0	0	0	
4060.000000	453	0	0	447	0	0	480	421	423	0	0	0	0	420	407	0	972	0	0	0	
4070.000000	431	0	0	419	0	0	463	400	423	0	0	0	0	406	394	0	983	0	0	0	
4080.000000	406	0	0	403	0	0	425	381	400	0	0	0	0	393	368	0	982	0	0	0	
4090.000000	368	0	0	372	0	0	398	357	374	0	0	0	0	371	339	0	1009	0	0	0	
4100.000000	329	0	0	340	0	0	371	338	349	0	0	0	0	346	323	0	1017	0	0	0	
4110.000000	296	0	0	302	0	0	347	309	331	0	0	0	0	325	296	0	982	0	0	0	
4120.000000	272	0	0	274	0	0	324	286	304	0	0	0	0	308	271	0	968	0	0	0	
4130.000000	250	0	0	249	0	0	300	252	283	0	0	0	0	279	255	0	954	0	0	0	
4140.000000	228	0	0	225	0	0	265	232	264	0	0	0	0	265	244	0	934	0	0	0	
4150.000000	215	0	0	210	0	0	239	212	248	0	0	0	0	251	232	0	914	0	0	0	
4160.000000	204	0	0	194	0	0	227	203	236	0	0	0	0	234	217	0	922	0	0	0	
4170.000000	192	0	0	183	0	0	221	194	233	0	0	0	0	215	198	0	924	0	0	0	
4180.000000	196	0	0	178	0	0	213	198	222	0	1	0	0	215	195	0	937	0	0	0	
4190.000000	193	0	0	192	0	0	214	193	232	0	1	0	0	225	209	0	935	0	0	0	
4200.000000	198	0	0	203	0	0	209	196	244	0	1	0	0	244	211	0	959	0	0	0	
4210.000000	201	0	0	226	0	0	221	209	251	0	1	0	0	249	232	0	976	0	0	0	
4220.000000	208	0	0	236	0	0	227	228	269	0	1	0	0	261	229	0	979	0	0	0	
4230.000000	234	0	0	257	0	0	252	251	284	0	1	0	0	282	252	0	989	0	0	0	
4240.000000	285	0	0	290	0	0	272	274	299	0	1	0	0	301	287	0	991	0	0	0	
4250.000000	331	0	0	312	0	0	293	313	333	0	1	0	0	337	320	0	995	0	0	0	
4260.000000	350	0	0	341	0	0	311	334	377	0	1	0	0	351	345	0	981	0	0	0	
4270.000000	387	0	0	351	0	0	340	356	394	0	1	0	0	371	368	0	975	0	0	0	
4280.000000	410	0	0	383	0	0	369	379	431	0	0	0	0	394	392	0	980	0	0	0	
4290.000000	442	0	0	407	0	0	405	403	454	0	0	0	0	423	421	0	978	0	0	0	
4300.000000	466	0	0	426	0	0	417	419	451	0	0	0	0	444	439	0	956	0	0	0	
4310.000000	473	0	0	435	0	0	441	426	453	0	0	0	0	449	472	0	968	0	0	0	
4320.000000	466	0	0	438	0	0	462	437	477	0	0	0	0	446	498	0	987	0	0	0	
4330.000000	462	0	0	438	0	0	462	428	475	0	0	0	0	455	493	0	993	0	0	0	
4340.000000	460	0	0	442	0	0	455	427	474	0	0	0	0	469	497	0	1015	0	0	0	
4350.000000	460	0	0	437	0	0	450	440	468	0	0	0	0	457	481	0	1020	0	0	0	
4360.000000	450	0	0	421	0	0	434	419	455	0	0	0	0	466	470	0	1033	0	0	0	
4370.000000	431	0	0	389	0	0	409	407	438	0	0	0	0	454	454	0	1019	0	0	0	
4380.000000	404	0	0	370	0	0	395	385	416	0	0	0	0	431	423	0	1018	0	0	0	
4390.000000	390	0	0	342	0	0	378	358	393	0	0	0	0	406	396	0	1034	0	0	0	
4400.000000	362	0	0	319	0	0	352	328	370	0	0	0	0	377	377	0	1016	0	0	0	
4410.000000	333	0	0	298	0	0	335	307	350	0	0	0	0	346	354	0	992	0	0	0	
4420.000000	312	0	0	267	0	0	297	281	319	0	0	0	0	319	325	0	1000	0	0	0	
4430.000000	276	0	0	248	0	0	275	257	294	0	0	0	0	298	296	0	1005	0	0	0	
4440.000000	259	0	0	224	0	0	254	239	269	0	0	0	0	277	273	0	1001	0	0	0	
4450.000000	244	0	0	199	0	0	228	223	249	0	0	0	0	261	253	0	993	0	0	0	
4460.000000	221	0	0	187	0	0	207	209	238	0	0	0	0	248	240	0	1016	0	0	0	
4470.000000	209	0	0	179	0	0	205	195	232	0	0	0	0	245	222	0	995	0	0	0	
4480.000000	203	0	0	178	0	0	200	190	219	0	0	0	0	229	223	0	974	0	0	0	
4490.000000	206	0	0	187	0	0	203	194	224	0	0	0	0	223	223	0	985	0	0	0	
4500.000000	214	0	0	203	0	0	208	190	228	0	0	0	0	227	235	0	997	0	0	0	
4510.000000	226	0	0	208	0	0	225	221	235	0	0	0	0	238	244	0	998	0	0	0	
4520.000000	244	0	0	233	0	0	245	239	236	0	0	0	0	265	260	0	1005	0	0	0	
4530.000000	266	0	0	255	0	0	263	269	265	0	0	0	0	262	282	0	1028	0	0	0	
4540.000000	295	0	0	278	0	0	279	290	292	0	0	0	0	298	309	0	1041	0	0	0	
4550.000000	328	0	0	307	0	0	306	307	321	0	0	0	0	327	327	0	1053	0	0	0	
4560.000000	362	0	0	338	0	0	334	340	350	0	0	0	0	343	341	0	1038	0	0	0	
4570.000000	407	0	0	360	0	0	354	375	369	0	0	0	0	368	381	0	1054	0	0	0	
4580.000000	436	0	0	383	0	0	386	393	393	0	0	0	0	399	410	0	1056	0	0	0	
4590.000000	446	0	0	407	0	0	395	421	397	0	0	0	0	427	421	0	1046	0	0	0	
4600.000000	439	0	0	428	0	0	427	441	414	0	0	0	0	428	469	0	1048	0	0	0	
4610.000000	447	0	0	456	0	0	456	445	418	0	0	0	0	453	463	0	1045	0	0	0	
4620.000000	451	0	0	464	0	0	469	443	439	0	0	0	0	446	461	0	1050	0	0	0	
4630.000000	472	0	0	457	0	0	469	448	442	0	0	0	0	442	451	0	1044	0	0	0	
4640.000000	476	0	0	455	0	0	466	450	445	0	0	0	0	467	454	0	1045	0	0	0	
4650.000000	462	0	0	456	0	0	455	440	455	0	0	0	0	463	457	0	1046	0	0	0	
4660.000000	453	0	0	446	0	0	441	420	444	0	0	0	0	462	447	0	1025	0	0	0	
4670.000000	431	0	0	428	0	0	428	399	426	0	0	0	0	435	435	0	1019	0	0	0	
4680.000000	413	0	0	413	0	0	402	388	407	0	0	0	0	421	432	0	1030	0	0	0	
4690.000000	387	0	0	385	0	0	368	371	384	0	0	0	0	401	414	0	1034	0	0	0	
4700.000000	360	0	0	357	0	0	341	346	353	0	0	0	0	357	386	0	1017	0	0	0	
4710.000000	329	0	0	325	0	0	309	321	335	0	0	0	0	322	358	0	1009	0	0	0	
4720.000000	302	0	0	300	0	0	283	294	304	0	0	0	0	298	334	0	1019	0	0	0	
4730.000000	284	0	0	280	0	0	263	280	277	0	0	0	0	275	301	0	1005	0	0	0	
4740.000000	261	0	0	269	0	0	234	255	259	0	0	0	0	256	274	0	1025	0	0	0	
4750.000000	243	0	0	256	0	0	221	234	247	0	0	0	0	233	250	0	1020	0	0	0	
4760.000000	238	0	0	237	0	0	210	218	239	0	0	0	0	211	232	0	997	0	0	0	
4770.000000	225	0	0	227	0	0	209	207	224	0	0	0	0	210	223	0	1005	0	0	0	
4780.000000	225	0	0	229	0	0	206	198	221	0	0	0	0	208	218	0	1014	0	0	0	
4790.000000	220	0	0	227	0	0	216	197	228	0	0	0	0	207	208	0	1014	0	0	0	
4800.000000	226	0	0	234	0	0	219	212	237	0	0	0	0	212	214	0	995	0	0	0	
4810.000000	231	0	0	237	0	0	230	223	248	0	0	0	0	222	235	0	997	0	0	0	
4820.000000	247	0	0	253	0	0	249	245	251	0	1	0	0	240	246	0	1020	0	0	0	
4830.000000	252	0	0	272	0	0	258	265	278	0	0	0	0	261	259	0	1014	0	0	0	
4840.000000	278	0	0	297	0	0	289	288	302	0	0	0	0	273	282	0	1007	0	0	0	
4850.000000	284	0	0	305	0	0	313	309	320	0	0	0	0	299	300	0	1001	0	0	0	
4860.000000	305	0	0	330	0	0	349	338	371	0	0	0	0	326	321	0	991	0	0	0	
4870.000000	329	0	0	352	0	0	371	348	391	0	0	0	0	359	352	0	1012	0	0	0	
4880.000000	342	0	0	380	0	0	383	374	404	0	0	0	0	374	380	0	1011	0	0	0	
4890.000000	363	0	0	402	0	0	411	383	416	0	0	0	0	395	389	0	1000	0	0	0	
4900.000000	366	0	0	458	0	0	421	410	436	0	0	0	0	412	421	0	988	0	0	0	
4910.000000	389	0	0	460	0	0	444	425	456	0	0	0	0	437	431	0	984	0	0	0	
4920.000000	387	0	0	474	0	0	464	445	462	0	0	0	0	459	435	0	973	0	0	0	
4930.000000	388	0	0	473	0	0	472	452	463	0	0	0	0	465	435	0	970	0	0	0	
4940.000000	381	0	0	467	0	0	477	447	454	0	0	0	0	448	424	0	970	0	0	0	
4950.000000	383	0	0	462	0	0	469	440	453	0	0	0	0	443	415	0	968	0	0	0	
4960.000000	391	0	0	455	0	0	449	416	445	0	0	0	0	429	398	0	992	0	0	0	
4970.000000	375	0	0	433	0	0	431	409	424	0	0	0	0	401	384	0	977	0	0	0	
4980.000000	357	0	0	406	0	0	426	390	400	0	0	0	0	380	367	0	960	0	0	0	
4990.000000	335	0	0	379	0	0	404	377	381	0	0	0	0	358	355	0	971	0	0	0	
5000.000000	313	0	0	358	0	0	380	361	361	0	0	0	0	338	321	0	981	0	0	0	
5010.000000	286	0	0	331	0	0	357	332	328	0	0	0	0	313	292	0	996	0	0	0	
5020.000000	266	0	0	295	0	0	325	314	306	0	0	0	0	286	273	0	994	0	0	0	
5030.000000	243	0	0	275	0	0	297	288	283	0	0	0	0	260	258	0	986	0	0	0	
5040.000000	228	0	0	260	0	0	272	272	259	0	0	0	0	245	230	0	961	0	0	0	
5050.000000	211	0	0	241	0	0	253	246	236	0	0	0	0	225	217	0	973	0	0	0	
5060.000000	200	0	0	232	0	0	239	234	224	0	0	0	0	217	216	0	975	0	0	0	
5070.000000	201	0	0	219	0	0	227	220	217	0	0	0	0	208	204	0	960	0	0	0	
5080.000000	194	0	0	217	0	0	232	218	209	0	0	0	0	204	201	0	952	0	0	0	
5090.000000	197	0	0	214	0	0	233	224	218	0	0	0	0	213	198	0	948	0	0	0	
5100.000000	216	0	0	225	0	0	241	235	231	0	0	0	0	208	200	0	965	0	0	0	
5110.000000	225	0	0	248	0	0	250	240	237	0	0	0	0	240	215	0	960	0	0	0	
5120.000000	243	0	0	274	0	0	271	264	252	0	0	0	0	254	242	0	931	0	0	0	
5130.000000	246	0	0	300	0	0	280	286	258	0	0	0	0	282	262	0	933	0	0	0	
5140.000000	286	0	0	313	0	0	298	307	289	0	0	0	0	308	289	0	946	0	0	0	
5150.000000	306	0	0	340	0	0	335	335	313	0	0	0	0	341	320	0	933	0	0	0	
5160.000000	329	0	0	360	0	0	351	366	345	0	0	0	0	359	340	0	946	0	0	0	
5170.000000	371	0	0	381	0	0	400	395	369	0	0	0	0	393	363	0	947	0	0	0	
5180.000000	395	0	0	397	0	0	431	425	381	0	0	0	0	409	389	0	944	0	0	0	
5190.000000	433	0	0	427	0	0	428	448	402	0	0	0	0	414	409	0	952	0	0	0	
5200.000000	448	0	0	452	0	0	441	480	426	0	0	0	0	426	431	0	962	0	0	0	
5210.000000	458	0	0	473	0	0	451	480	449	0	0	0	0	441	441	0	959	0	0	0	
5220.000000	458	0	0	488	0	0	453	495	461	0	0	0	0	443	441	0	964	0	0	0	
5230.000000	473	0	0	507	0	0	455	488	480	0	0	0	0	448	429	0	965	0	0	0	
5240.000000	468	0	0	495	0	0	438	475	463	0	0	0	0	455	417	0	961	0	0	0	
5250.000000	467	0	0	492	0	0	438	468	452	0	0	0	0	439	413	0	972	0	0	0	
5260.000000	442	0	0	473	0	0	428	443	440	0	0	0	0	441	411	0	962	0	0	0	
5270.000000	438	0	0	459	0	0	421	423	425	0	0	0	0	423	390	0	994	0	0	0	
5280.000000	418	0	0	437	0	0	394	412	405	0	0	0	0	403	365	0	999	0	0	0	
5290.000000	371	0	0	414	0	0	366	385	378	0	0	0	0	371	351	0	997	0	0	0	
5300.000000	340	0	0	385	0	0	346	364	345	0	0	0	0	339	328	0	990	0	0	0	
5310.000000	316	0	0	356	0	0	327	339	318	0	0	0	0	315	304	0	992	0	0	0	
5320.000000	293	0	0	324	0	0	306	313	293	0	0	0	0	298	280	0	997	0	0	0	
5330.000000	265	0	0	303	0	0	288	283	270	0	0	0	0	280	254	0	987	0	0	0	
5340.000000	242	0	0	281	0	0	266	263	254	0	0	0	0	256	242	0	980	0	0	0	
5350.000000	229	0	0	259	0	0	250	239	241	0	0	0	0	236	224	0	997	0	0	0	
5360.000000	208	0	0	239	0	0	233	223	221	0	0	0	0	217	211	0	1000	0	0	0	
5370.000000	204	0	0	233	0	0	225	209	219	0	0	0	0	213	212	0	1019	0	0	0	
5380.000000	205	0	0	234	0	0	221	202	216	0	0	0	0	207	211	0	1015	0	0	0	
5390.000000	202	0	0	243	0	0	229	200	211	0	0	0	0	215	212	0	1007	0	0	0	
5400.000000	204	0	0	249	0	0	233	215	226	0	0	0	0	225	212	0	1009	0	0	0	
5410.000000	215	0	0	256	0	0	236	223	232	0	0	0	0	237	222	0	995	0	0	0	
5420.000000	233	0	0	265	0	0	250	238	246	0	0	0	0	254	241	0	996	0	0	0	
5430.000000	254	0	0	276	0	0	272	264	264	0	0	0	0	266	266	0	1003	0	0	0	
5440.000000	275	0	0	294	0	0	298	294	292	0	0	0	0	291	298	0	1031	0	0	0	
5450.000000	290	0	0	338	0	0	315	320	319	0	0	0	0	312	308	0	1017	0	0	0	
5460.000000	318	0	0	353	0	0	339	357	351	0	0	0	0	332	331	0	1020	0	0	0	
5470.000000	344	0	0	384	0	0	357	381	376	0	0	0	0	363	352	0	1025	0	0	0	
5480.000000	369	0	0	401	0	0	406	397	384	0	0	0	0	378	374	0	996	0	0	0	
5490.000000	393	0	0	424	0	0	420	424	394	0	0	0	0	411	389	0	1014	0	0	0	
5500.000000	420	0	0	445	0	0	446	458	410	0	0	0	0	431	403	0	989	0	0	0	
5510.000000	421	0	0	455	0	0	471	459	431	0	0	0	0	434	423	0	986	0	0	0	
5520.000000	434	0	0	481	0	0	475	477	437	0	0	0	0	453	429	0	984	0	0	0	
5530.000000	449	0	0	477	0	0	483	477	427	0	0	0	0	459	444	0	976	0	0	0	
5540.000000	446	0	0	487	0	0	480	480	443	0	0	0	0	445	442	0	985	0	0	0	
5550.000000	441	0	0	481	0	0	465	475	442	0	0	0	0	435	440	0	983	0	0	0	
5560.000000	428	0	0	465	0	0	445	457	415	0	0	0	0	419	431	0	975	0	0	0	
5570.000000	391	0	0	443	0	0	433	452	396	0	0	0	0	413	416	0	968	0	0	0	
5580.000000	368	0	0	417	0	0	410	423	386	0	0	0	0	402	390	0	958	0	0	0	
5590.000000	348	0	0	397	0	0	373	410	365	0	0	0	0	381	372	0	960	0	0	0	
5600.000000	341	0	0	376	0	0	335	383	346	0	0	0	0	352	338	0	959	0	0	0	
5610.000000	315	0	0	355	0	0	309	337	324	0	0	0	0	316	311	0	979	0	0	0	
5620.000000	287	0	0	331	0	0	287	313	300	0	0	0	0	290	280	0	968	0	0	0	
5630.000000	261	0	0	296	0	0	265	281	277	0	0	0	0	274	257	0	978	0	0	0	
5640.000000	240	0	0	271	0	0	247	258	254	0	0	0	0	244	228	0	984	0	0	0	
5650.000000	227	0	0	248	0	0	227	241	245	0	0	0	0	232	213	0	982	0	0	0	
5660.000000	222	0	0	227	0	0	216	228	235	0	0	0	0	217	197	0	996	0	0	0	
5670.000000	216	0	0	215	0	0	205	220	225	0	0	0	0	210	194	0	992	0	0	0	
5680.000000	214	0	0	219	0	0	209	215	219	0	0	0	0	214	202	0	999	0	0	0	
5690.000000	205	0	0	228	0	0	211	220	224	0	0	0	0	209	204	0	979	0	0	0	
5700.000000	221	0	0	231	0	0	239	235	223	0	0	0	0	202	212	0	962	0	0	0	
5710.000000	235	0	0	242	0	0	248	240	239	0	0	0	0	223	234	0	980	0	0	0	
5720.000000	246	0	0	251	0	0	276	263	242	0	0	0	0	237	239	0	968	0	0	0	
5730.000000	257	0	0	272	0	0	290	274	266	0	0	0	0	267	265	0	971	0	0	0	
5740.000000	280	0	0	304	0	0	296	298	282	0	0	0	0	295	292	0	957	0	0	0	
5750.000000	301	0	0	343	0	0	321	331	309	0	0	0	0	322	316	0	957	0	0	0	
5760.000000	323	0	0	379	0	0	347	356	344	0	0	0	0	349	354	0	946	0	0	0	
5770.000000	345	0	0	401	0	0	368	397	378	0	0	0	0	366	380	0	977	0	0	0	
5780.000000	373	0	0	411	0	0	393	423	388	0	0	0	0	384	394	0	988	0	0	0	
5790.000000	398	0	0	435	0	0	402	435	426	0	0	0	0	405	432	0	984	0	0	0	
5800.000000	419	0	0	459	0	0	409	453	463	0	0	0	0	424	456	0	974	0	0	0	
5810.000000	438	0	0	477	0	0	421	478	463	0	0	0	0	430	474	0	976	0	0	0	
5820.000000	431	0	0	472	0	0	441	482	477	0	0	0	0	456	475	0	978	0	0	0	
5830.000000	442	0	0	482	0	0	460	488	485	0	0	0	0	462	478	0	970	0	0	0	
5840.000000	432	0	0	472	0	0	465	479	475	0	0	0	0	444	482	0	971	0	0	0	
5850.000000	416	0	0	448	0	0	453	479	464	0	0	0	0	444	480	0	957	0	0	0	
5860.000000	414	0	0	439	0	0	442	463	450	0	0	0	0	422	467	0	944	0	0	0	
5870.000000	404	0	0	426	0	0	430	449	432	0	0	0	0	405	447	0	956	0	0	0	
5880.000000	390	0	0	411	0	0	413	429	409	0	0	0	0	387	418	0	938	0	0	0	
5890.000000	363	0	0	383	0	0	382	402	389	0	0	0	0	366	395	0	927	0	0	0	
5900.000000	334	0	0	360	0	0	348	379	357	0	0	0	0	340	358	0	937	0	0	0	
5910.000000	316	0	0	333	0	0	328	351	331	0	0	0	0	322	329	0	948	0	0	0	
5920.000000	280	0	0	306	0	0	301	329	304	0	0	0	0	298	304	0	936	0	0	0	
5930.000000	258	0	0	274	0	0	276	302	278	0	0	0	0	274	284	0	954	0	0	0	
5940.000000	235	0	0	249	0	0	254	268	257	0	0	0	0	250	263	0	949	0	0	0	
5950.000000	226	0	0	230	0	0	232	245	234	0	0	0	0	235	253	0	970	0	0	0	
5960.000000	218	0	0	206	0	0	224	233	220	0	0	0	0	222	245	0	973	0	0	0	
5970.000000	214	0	0	196	0	0	206	230	207	0	0	0	0	218	235	0	985	0	0	0	
5980.000000	210	0	0	195	0	0	210	232	199	0	0	0	0	216	221	0	1009	0	0	0	
5990.000000	207	0	0	190	0	0	211	235	200	0	0	0	0	211	224	0	1000	0	0	0	
6000.000000	213	0	0	209	0	0	222	226	213	0	0	0	0	207	240	0	1004	0	0	0	
6010.000000	219	0	0	228	0	0	237	243	232	0	0	0	0	211	241	0	971	0	0	0	
6020.000000	236	0	0	238	0	0	257	255	246	0	0	0	0	230	260	0	995	0	0	0	
6030.000000	257	0	0	257	0	0	283	271	274	0	0	0	0	255	287	0	994	0	0	0	
6040.000000	275	0	0	275	0	0	312	296	291	0	0	0	0	278	311	0	1013	0	0	0	
6050.000000	300	0	0	302	0	0	326	313	329	0	0	0	0	305	337	0	1019	0	0	0	
6060.000000	318	0	0	325	0	0	343	329	337	0	0	0	0	344	349	0	1021	0	0	0	
6070.000000	350	0	0	359	0	0	368	361	353	0	0	0	0	363	374	0	1042	0	0	0	
6080.000000	386	0	0	381	0	0	386	392	379	0	0	0	0	388	404	0	1042	0	0	0	
6090.000000	410	0	0	395	0	0	415	409	413	0	0	0	0	409	422	0	1020	0	0	0	
6100.000000	420	0	0	412	0	0	441	439	425	0	0	0	0	437	443	0	1014	0	0	0	
6110.000000	436	0	0	434	0	0	449	461	433	0	0	0	0	452	465	0	1020	0	0	0	
6120.000000	442	0	0	440	0	0	469	473	427	0	0	0	0	454	491	0	1031	0	0	0	
6130.000000	439	0	0	440	0	0	483	469	423	0	0	0	0	455	490	0	1011	0	0	0	
6140.000000	442	0	0	438	0	0	474	483	424	0	0	0	0	458	490	0	1007	0	0	0	
6150.000000	434	0	0	430	0	0	473	473	413	0	0	0	0	467	474	0	1021	0	0	0	
6160.000000	425	0	0	416	0	0	461	458	400	0	0	0	0	455	475	0	1029	0	0	0	
6170.000000	403	0	0	406	0	0	445	435	398	0	0	0	0	444	459	0	1002	0	0	0	
6180.000000	389	0	0	378	0	0	415	423	378	0	0	0	0	423	429	0	1006	0	0	0	
6190.000000	367	0	0	359	0	0	388	393	366	0	0	0	0	402	404	0	1011	0	0	0	
6200.000000	342	0	0	336	0	0	364	365	342	0	0	0	0	381	367	0	1008	0	0	0	
6210.000000	331	0	0	320	0	0	336	343	321	0	0	0	0	352	335	0	996	0	0	0	
6220.000000	304	0	0	301	0	0	307	327	295	0	0	0	0	321	306	0	983	0	0	0	
6230.000000	273	0	0	274	0	0	287	298	272	0	0	0	0	296	280	0	975	0	0	0	
6240.000000	242	0	0	245	0	0	268	278	257	0	0	0	0	274	259	0	974	0	0	0	
6250.000000	230	0	0	232	0	0	243	261	237	0	0	0	0	259	235	0	982	0	0	0	
6260.000000	213	0	0	217	0	0	228	247	222	0	0	0	0	247	225	0	977	0	0	0	
6270.000000	211	0	0	205	0	0	223	238	203	0	0	0	0	242	216	0	985	0	0	0	
6280.000000	201	0	0	208	0	0	217	237	207	0	0	0	0	230	216	0	973	0	0	0	
6290.000000	213	0	0	212	0	0	211	240	204	0	0	0	0	231	208	0	984	0	0	0	
6300.000000	215	0	0	213	0	0	216	248	198	0	0	0	0	240	207	0	968	0	0	0	
6310.000000	227	0	0	220	0	0	226	269	213	0	0	0	0	241	222	0	965	0	0	0	
6320.000000	245	0	0	232	0	0	242	283	231	0	0	0	0	266	244	0	975	0	0	0	
6330.000000	269	0	0	248	0	0	256	284	238	0	0	0	0	284	280	0	982	0	0	0	
6340.000000	297	0	0	271	0	0	280	311	264	0	0	0	0	305	292	0	981	0	0	0	
6350.000000	322	0	0	286	0	0	301	326	292	0	0	0	0	327	323	0	982	0	0	0	
6360.000000	341	0	0	312	0	0	318	360	320	0	0	0	0	349	345	0	985	0	0	0	
6370.000000	362	0	0	338	0	0	355	406	347	0	0	0	0	375	378	0	984	0	0	0	
6380.000000	382	0	0	358	0	0	377	421	388	0	0	0	0	402	402	0	993	0	0	0	
6390.000000	408	0	0	398	0	0	388	427	405	0	0	0	0	427	418	0	991	0	0	0	
6400.000000	436	0	0	420	0	0	402	443	422	0	0	0	0	452	436	0	1024	0	0	0	
6410.000000	463	0	0	428	0	0	418	458	455	0	0	0	0	468	455	0	1016	0	0	0	
6420.000000	497	0	0	432	0	0	433	476	468	0	0	0	0	472	466	0	1006	0	0	0	
6430.000000	487	0	0	420	0	0	444	468	473	0	0	0	0	469	479	0	1001	0	0	0	
6440.000000	495	0	0	421	0	0	432	470	467	0	0	0	0	457	477	0	1000	0	0	0	
6450.000000	481	0	0	424	0	0	420	473	462	0	0	0	0	446	473	0	984	0	0	0	
6460.000000	458	0	0	408	0	0	391	454	453	0	0	0	0	446	472	0	990	0	0	0	
6470.000000	425	0	0	385	0	0	379	439	424	0	0	0	0	419	460	0	1016	0	0	0	
6480.000000	400	0	0	373	0	0	363	421	408	0	0	0	0	399	434	0	1008	0	0	0	
6490.000000	388	0	0	361	0	0	344	402	390	0	0	0	0	384	406	0	1005	0	0	0	
6500.000000	365	0	0	326	0	0	316	375	362	0	0	0	0	357	384	0	990	0	0	0	
6510.000000	326	0	0	306	0	0	284	345	343	0	0	0	0	332	352	0	984	0	0	0	
6520.000000	313	0	0	285	0	0	262	314	306	0	0	0	0	313	333	0	992	0	0	0	
6530.000000	288	0	0	258	0	0	247	291	283	0	0	0	0	292	314	0	986	0	0	0	
6540.000000	264	0	0	235	0	0	228	276	257	0	0	0	0	271	288	0	970	0	0	0	
6550.000000	244	0	0	222	0	0	214	257	237	0	0	0	0	249	270	0	963	0	0	0	
6560.000000	228	0	0	214	0	0	194	246	222	0	0	0	0	239	245	0	951	0	0	0	
6570.000000	220	0	0	213	0	0	187	232	208	0	0	0	0	225	232	0	972	0	0	0	
6580.000000	216	0	0	214	0	0	182	227	198	0	0	0	0	212	238	0	974	0	0	0	
6590.000000	222	0	0	222	0	0	193	221	200	0	0	0	0	222	232	0	964	0	0	0	
6600.000000	231	0	0	231	0	0	196	231	204	0	0	0	0	225	241	0	982	0	0	0	
6610.000000	241	0	0	254	0	0	208	251	219	0	0	0	0	234	246	0	967	0	0	0	
6620.000000	255	0	0	266	0	0	227	268	250	0	0	0	0	251	269	0	940	0	0	0	
6630.000000	273	0	0	278	0	0	245	278	277	0	0	0	0	273	273	0	938	0	0	0	
6640.000000	293	0	0	297	0	0	268	294	310	0	0	0	0	308	299	0	958	0	0	0	
6650.000000	323	0	0	319	0	0	298	315	342	0	0	0	0	322	327	0	956	0	0	0	
6660.000000	341	0	0	354	0	0	334	350	376	0	0	0	0	349	336	0	952	0	0	0	
6670.000000	372	0	0	360	0	0	378	386	400	0	0	0	0	368	383	0	976	0	0	0	
6680.000000	399	0	0	401	0	0	404	412	412	0	0	0	0	393	403	0	997	0	0	0	
6690.000000	409	0	0	427	0	0	437	443	408	0	0	0	0	410	421	0	998	0	0	0	
6700.000000	448	0	0	448	0	0	450	470	426	0	0	0	0	431	440	0	1012	0	0	0	
6710.000000	455	0	0	453	0	0	470	472	439	0	0	0	0	439	454	0	991	0	0	0	
6720.000000	463	0	0	478	0	0	483	484	437	0	0	0	0	469	470	0	985	0	0	0	
6730.000000	475	0	0	483	0	0	482	465	434	0	0	0	0	473	465	0	984	0	0	0	
6740.000000	462	0	0	469	0	0	480	461	437	0	0	0	0	453	455	0	977	0	0	0	
6750.000000	446	0	0	458	0	0	465	442	424	0	0	0	0	457	444	0	964	0	0	0	
6760.000000	437	0	0	451	0	0	457	430	404	0	0	0	0	437	433	0	997	0	0	0	
6770.000000	423	0	0	425	0	0	450	408	393	0	0	0	0	410	425	0	997	0	0	0	
6780.000000	409	0	0	412	0	0	433	400	374	0	0	0	0	384	399	0	999	0	0	0	
6790.000000	388	0	0	389	0	0	402	383	351	0	0	0	0	369	373	0	995	0	0	0	
6800.000000	350	0	0	370	0	0	368	354	326	0	0	0	0	345	354	0	980	0	0	0	
6810.000000	330	0	0	345	0	0	339	322	305	0	0	0	0	323	323	0	972	0	0	0	
6820.000000	301	0	0	321	0	0	317	297	281	0	0	0	0	298	301	0	978	0	0	0	
6830.000000	278	0	0	297	0	0	289	275	263	0	0	0	0	277	274	0	974	0	0	0	
6840.000000	254	0	0	273	0	0	268	263	245	0	0	0	0	257	248	0	982	0	0	0	
6850.000000	236	0	0	261	0	0	244	237	239	0	0	0	0	242	231	0	961	0	0	0	
6860.000000	219	0	0	242	0	0	234	221	226	0	0	0	0	231	222	0	975	0	0	0	
6870.000000	208	0	0	236	0	0	226	220	213	0	0	0	0	219	214	0	963	0	0	0	
6880.000000	196	0	0	233	0	0	198	218	205	0	0	0	0	214	208	0	968	0	0	0	
6890.000000	199	0	0	229	0	0	203	217	195	0	0	0	0	227	208	0	970	0	0	0	
6900.000000	212	0	0	241	0	0	212	222	193	0	0	0	0	235	218	0	998	0	0	0	
6910.000000	219	0	0	248	0	0	223	236	221	0	0	0	0	247	231	0	992	0	0	0	
6920.000000	229	0	0	262	0	0	231	244	246	0	0	0	0	260	241	0	988	0	0	0	
6930.000000	252	0	0	274	0	0	249	268	249	0	0	0	0	269	269	0	988	0	0	0	
6940.000000	279	0	0	301	0	0	275	290	271	0	0	0	0	301	293	0	975	0	0	0	
6950.000000	295	0	0	322	0	0	288	312	289	0	0	0	0	319	326	0	969	0	0	0	
6960.000000	325	0	0	352	0	0	324	342	323	0	0	0	0	350	351	0	971	0	0	0	
6970.000000	364	0	0	380	0	0	348	375	356	0	0	0	0	375	372	0	968	0	0	0	
6980.000000	389	0	0	400	0	0	382	406	389	0	0	0	0	388	387	0	971	0	0	0	
6990.000000	417	0	0	440	0	0	406	405	424	0	0	0	0	410	413	0	980	0	0	0	
7000.000000	435	0	0	454	0	0	434	420	446	0	0	0	0	437	441	0	976	0	0	0	
7010.000000	436	0	0	469	0	0	444	438	468	0	0	0	0	451	448	0	987	0	0	0	
7020.000000	429	0	0	491	0	0	442	453	464	0	0	0	0	479	470	0	988	0	0	0	
7030.000000	435	0	0	482	0	0	465	480	474	0	0	0	0	494	460	0	998	0	0	0	
7040.000000	437	0	0	485	0	0	473	477	471	0	0	0	0	494	451	0	1002	0	0	0	
7050.000000	444	0	0	481	0	0	460	465	464	0	0	0	0	476	458	0	999	0	0	0	
7060.000000	428	0	0	475	0	0	434	437	441	0	0	0	0	471	426	0	987	0	0	0	
7070.000000	406	0	0	444	0	0	417	427	422	0	0	0	0	451	412	0	985	0	0	0	
7080.000000	380	0	0	421	0	0	396	398	396	0	0	0	0	422	400	0	1019	0	0	0	
7090.000000	357	0	0	394	0	0	373	379	380	0	0	0	0	402	370	0	1029	0	0	0	
7100.000000	325	0	0	364	0	0	354	359	357	0	0	0	0	375	350	0	1032	0	0	0	
7110.000000	309	0	0	336	0	0	328	338	334	0	0	0	0	353	331	0	1013	0	0	0	
7120.000000	286	0	0	313	0	0	301	316	302	0	0	0	0	327	304	0	1020	0	0	0	
7130.000000	259	0	0	290	0	0	285	290	283	0	0	0	0	304	275	0	1024	0	0	0	
7140.000000	247	0	0	266	0	0	260	266	262	0	0	0	0	278	252	0	1039	0	0	0	
7150.000000	230	0	0	248	0	0	238	253	243	0	0	0	0	258	236	0	1028	0	0	0	
7160.000000	222	0	0	242	0	0	221	238	224	0	0	0	0	252	220	0	1027	0	0	0	
7170.000000	207	0	0	234	0	0	208	222	212	0	0	0	0	239	209	0	1029	0	0	0	
7180.000000	204	0	0	224	0	0	203	221	200	0	0	0	0	226	210	0	1010	0	0	0	
7190.000000	197	0	0	215	0	0	217	233	203	0	0	0	0	224	211	0	986	0	0	0	
7200.000000	194	0	0	218	0	0	233	242	215	0	0	0	0	229	213	0	996	0	0	0	
7210.000000	219	0	0	226	0	0	255	246	226	0	0	0	0	244	228	0	1013	0	0	0	
7220.000000	233	0	0	239	0	0	263	266	243	0	0	0	0	263	255	0	1018	0	0	0	
7230.000000	258	0	0	258	0	0	302	289	271	0	0	0	0	280	274	0	984	0	0	0	
7240.000000	286	0	0	278	0	0	309	320	278	0	0	0	0	297	302	0	968	0	0	0	
7250.000000	316	0	0	287	0	0	337	331	316	0	0	0	0	326	311	0	950	0	0	0	
7260.000000	354	0	0	305	0	0	365	357	345	0	0	0	0	366	339	0	962	0	0	0	
7270.000000	367	0	0	333	0	0	395	386	389	0	0	0	0	383	367	0	970	0	0	0	
7280.000000	383	0	0	348	0	0	421	417	408	0	0	0	0	408	402	0	954	0	0	0	
7290.000000	411	0	0	370	0	0	435	438	418	0	0	0	0	437	433	0	945	0	0	0	
7300.000000	435	0	0	402	0	0	433	458	432	0	0	0	0	450	472	0	940	0	0	0	
7310.000000	457	0	0	423	0	0	455	470	453	0	0	0	0	447	479	0	940	0	0	0	
7320.000000	469	0	0	432	0	0	449	478	463	0	0	0	0	443	483	0	964	0	0	0	
7330.000000	465	0	0	440	0	0	440	475	460	0	1	0	0	456	493	0	942	0	0	0	
7340.000000	474	0	0	436	0	0	433	481	459	0	1	0	0	438	497	0	948	0	0	0	
7350.000000	460	0	0	431	0	0	430	477	445	0	1	0	0	432	491	0	959	0	0	0	
7360.000000	443	0	0	428	0	0	433	458	420	0	1	0	0	414	475	0	994	0	0	0	
7370.000000	414	0	0	413	0	0	409	429	395	0	1	0	0	402	462	0	983	0	0	0	
7380.000000	397	0	0	385	0	0	396	414	371	0	1	0	0	373	438	0	1003	0	0	0	
7390.000000	374	0	0	374	0	0	370	387	348	0	0	0	0	356	396	0	1006	0	0	0	
7400.000000	355	0	0	357	0	0	342	368	327	0	0	0	0	329	365	0	1006	0	0	0	
7410.000000	320	0	0	328	0	0	332	342	306	0	0	0	0	308	338	0	1003	0	0	0	
7420.000000	292	0	0	308	0	0	309	320	285	0	0	0	0	285	310	0	1020	0	0	0	
7430.000000	269	0	0	276	0	0	288	298	260	0	0	0	0	261	281	0	1010	0	0	0	
7440.000000	255	0	0	256	0	0	264	270	242	0	0	0	0	242	261	0	1020	0	0	0	
7450.000000	239	0	0	238	0	0	242	249	230	0	0	0	0	223	243	0	1024	0	0	0	
7460.000000	236	0	0	214	0	0	234	236	214	0	0	0	0	197	230	0	1019	0	0	0	
7470.000000	236	0	0	209	0	0	216	230	202	0	0	0	0	194	223	0	1028	0	0	0	
7480.000000	229	0	0	193	0	0	209	219	207	0	0	0	0	194	217	0	1009	0	0	0	
7490.000000	229	0	0	202	0	0	206	221	206	0	0	0	0	196	208	0	1024	0	0	0	
7500.000000	239	0	0	226	0	0	215	233	217	0	0	0	0	208	208	0	1007	0	0	0	
7510.000000	239	0	0	232	0	0	225	252	235	0	0	0	0	218	226	0	1001	0	0	0	
7520.000000	250	0	0	248	0	0	250	264	259	0	0	0	0	232	246	0	1017	0	0	0	
7530.000000	278	0	0	262	0	0	275	289	292	0	0	0	0	251	270	0	1014	0	0	0	
7540.000000	298	0	0	304	0	0	287	322	327	0	0	0	0	269	287	0	1032	0	0	0	
7550.000000	324	0	0	315	0	0	289	328	361	0	0	0	0	304	304	0	1006	0	0	0	
7560.000000	357	0	0	336	0	0	325	335	382	0	0	0	0	341	324	0	1018	0	0	0	
7570.000000	398	0	0	392	0	0	335	373	411	0	0	0	0	369	350	0	1018	0	0	0	
7580.000000	406	0	0	420	0	0	373	418	411	0	0	0	0	411	369	0	1017	0	0	0	
7590.000000	420	0	0	452	0	0	412	446	431	0	0	0	0	433	399	0	1036	0	0	0	
7600.000000	428	0	0	464	0	0	428	457	459	0	0	0	0	447	409	0	1037	0	0	0	
7610.000000	447	0	0	482	0	0	437	457	460	0	0	0	0	478	430	0	1032	0	0	0	
7620.000000	463	0	0	483	0	0	456	470	468	0	0	0	0	483	446	0	1052	0	0	0	
7630.000000	473	0	0	474	0	0	454	481	456	0	0	0	0	494	454	0	1039	0	0	0	
7640.000000	470	0	0	484	0	0	456	487	457	0	0	0	0	482	463	0	1037	0	0	0	
7650.000000	463	0	0	486	0	0	440	477	444	0	0	0	0	463	468	0	1030	0	0	0	
7660.000000	440	0	0	481	0	0	430	460	423	0	0	0	0	446	441	0	1020	0	0	0	
7670.000000	425	0	0	464	0	0	406	446	403	0	0	0	0	426	413	0	1007	0	0	0	
7680.000000	408	0	0	432	0	0	396	426	377	0	0	0	0	405	396	0	1007	0	0	0	
7690.000000	383	0	0	417	0	0	376	412	347	0	0	0	0	381	368	0	1011	0	0	0	
7700.000000	352	0	0	391	0	0	353	379	332	0	0	0	0	365	351	0	1020	0	0	0	
7710.000000	321	0	0	364	0	0	330	346	314	0	0	0	0	343	323	0	1007	0	0	0	
7720.000000	289	0	0	340	0	0	302	323	298	0	0	0	0	317	307	0	1024	0	0	0	
7730.000000	265	0	0	316	0	0	276	296	278	0	0	0	0	287	280	0	1004	0	0	0	
7740.000000	243	0	0	297	0	0	248	274	256	0	0	0	0	261	259	0	1005	0	0	0	
7750.000000	231	0	0	274	0	0	233	264	237	0	0	0	0	246	241	0	1001	0	0	0	
7760.000000	221	0	0	262	0	0	224	241	225	0	0	0	0	228	230	0	998	0	0	0	
7770.000000	208	0	0	253	0	0	217	230	207	0	0	0	0	220	220	0	1010	0	0	0	
7780.000000	202	0	0	248	0	0	209	221	206	0	0	0	0	214	219	0	1003	0	0	0	
7790.000000	211	0	0	254	0	0	212	221	203	0	0	0	0	214	220	0	1007	0	0	0	
7800.000000	209	0	0	265	0	0	214	230	209	0	0	0	0	231	221	0	1021	0	0	0	
7810.000000	219	0	0	274	0	0	223	240	235	0	0	0	0	248	234	0	1009	0	0	0	
7820.000000	242	0	0	286	0	0	251	263	241	0	0	0	0	252	248	0	1032	0	0	0	
7830.000000	256	0	0	296	0	0	270	294	259	0	0	0	0	267	269	0	1016	0	0	0	
7840.000000	279	0	0	328	0	0	317	311	282	0	0	0	0	290	292	0	1036	0	0	0	
7850.000000	307	0	0	341	0	0	348	328	288	0	0	0	0	311	319	0	1015	0	0	0	
7860.000000	341	0	0	382	0	0	379	369	318	0	0	0	0	328	348	0	999	0	0	0	
7870.000000	376	0	0	416	0	0	410	375	343	0	0	0	0	342	363	0	1009	0	0	0	
7880.000000	396	0	0	443	0	0	461	385	372	0	0	0	0	365	392	0	1021	0	0	0	
7890.000000	428	0	0	453	0	0	473	396	397	0	0	0	0	403	408	0	1011	0	0	0	
7900.000000	436	0	0	452	0	0	476	438	428	0	0	0	0	430	432	0	1000	0	0	0	
7910.000000	443	0	0	460	0	0	516	471	440	0	0	0	0	446	448	0	969	0	0	0	
7920.000000	452	0	0	474	0	0	506	473	449	0	0	0	0	454	454	0	964	0	0	0	
7930.000000	446	0	0	482	0	0	502	462	433	0	0	0	0	455	452	0	976	0	0	0	
7940.000000	437	0	0	481	0	0	482	451	432	0	0	0	0	459	455	0	974	0	0	0	
7950.000000	432	0	0	463	0	0	467	449	434	0	0	0	0	438	438	0	965	0	0	0	
7960.000000	420	0	0	450	0	0	465	437	424	0	0	0	0	426	419	0	969	0	0	0	
7970.000000	407	0	0	431	0	0	439	412	415	0	0	0	0	401	403	0	967	0	0	0	
7980.000000	394	0	0	425	0	0	413	392	388	0	0	0	0	398	385	0	974	0	0	0	
7990.000000	380	0	0	404	0	0	386	366	358	0	0	0	0	386	360	0	958	0	0	0	
8000.000000	355	0	0	375	0	0	363	341	332	0	0	0	0	370	340	0	954	0	0	0	
8010.000000	330	0	0	353	0	0	336	316	314	0	0	0	0	354	317	0	972	0	0	0	
8020.000000	295	0	0	321	0	0	307	300	288	0	0	0	0	313	290	0	990	0	0	0	
8030.000000	273	0	0	297	0	0	288	278	259	0	0	0	0	287	265	0	998	0	0	0	
8040.000000	248	0	0	273	0	0	271	259	238	0	0	0	0	269	247	0	1008	0	0	0	
8050.000000	229	0	0	261	0	0	250	238	225	0	0	0	0	247	233	0	1007	0	0	0	
8060.000000	213	0	0	246	0	0	236	220	219	0	0	0	0	229	221	0	1009	0	0	0	
8070.000000	209	0	0	229	0	0	222	208	211	0	0	0	0	230	215	0	1019	0	0	0	
8080.000000	205	0	0	227	0	0	205	209	214	0	0	0	0	219	217	0	1018	0	0	0	
8090.000000	201	0	0	223	0	0	205	212	219	0	0	0	0	216	219	0	1023	0	0	0	
8100.000000	208	0	0	224	0	0	216	218	234	0	0	0	0	213	230	0	1010	0	0	0	
8110.000000	215	0	0	249	0	0	216	228	236	0	0	0	0	226	234	0	996	0	0	0	
8120.000000	221	0	0	264	0	0	221	249	259	0	0	0	0	250	264	0	998	0	0	0	
8130.000000	241	0	0	289	0	0	241	269	286	0	1	0	0	266	297	0	997	0	0	0	
8140.000000	271	0	0	306	0	0	263	293	307	0	1	0	0	295	323	0	987	0	0	0	
8150.000000	284	0	0	341	0	0	293	321	337	0	1	0	0	315	342	0	980	0	0	0	
8160.000000	316	0	0	351	0	0	324	346	366	0	1	0	0	335	392	0	977	0	0	0	
8170.000000	358	0	0	375	0	0	349	365	399	0	1	0	0	362	415	0	987	0	0	0	
8180.000000	396	0	0	391	0	0	372	383	412	0	1	0	0	386	433	0	997	0	0	0	
8190.000000	422	0	0	408	0	0	383	408	420	0	1	0	0	422	449	0	1013	0	0	0	
8200.000000	425	0	0	432	0	0	404	429	454	0	1	0	0	444	470	0	999	0	0	0	
8210.000000	437	0	0	444	0	0	422	448	455	0	1	0	0	470	488	0	1001	0	0	0	
8220.000000	453	0	0	455	0	0	438	460	453	0	1	0	0	473	500	0	995	0	0	0	
8230.000000	456	0	0	468	0	0	449	448	447	0	1	0	0	467	494	0	1003	0	0	0	
8240.000000	456	0	0	468	0	0	444	436	440	0	1	0	0	460	477	0	1004	0	0	0	
8250.000000	452	0	0	457	0	0	420	434	442	0	1	0	0	451	471	0	984	0	0	0	
8260.000000	439	0	0	444	0	0	417	425	425	0	1	0	0	445	454	0	1008	0	0	0	
8270.000000	424	0	0	446	0	0	394	413	411	0	1	0	0	421	437	0	1011	0	0	0	
8280.000000	399	0	0	421	0	0	379	394	386	0	1	0	0	392	408	0	1029	0	0	0	
8290.000000	377	0	0	399	0	0	367	367	366	0	1	0	0	369	396	0	1036	0	0	0	
8300.000000	358	0	0	380	0	0	343	327	330	0	1	0	0	347	362	0	1042	0	0	0	
8310.000000	334	0	0	360	0	0	323	298	303	0	1	0	0	320	333	0	1046	0	0	0	
8320.000000	304	0	0	336	0	0	285	282	278	0	1	0	0	298	296	0	1026	0	0	0	
8330.000000	280	0	0	311	0	0	267	255	253	0	1	0	0	279	273	0	1047	0	0	0	
8340.000000	260	0	0	278	0	0	249	245	235	0	1	0	0	251	253	0	1042	0	0	0	
8350.000000	248	0	0	254	0	0	229	232	220	0	1	0	0	230	237	0	1050	0	0	0	
8360.000000	234	0	0	247	0	0	215	217	209	0	0	0	0	220	221	0	1039	0	0	0	
8370.000000	228	0	0	234	0	0	209	209	202	0	0	0	0	215	210	0	1038	0	0	0	
8380.000000	227	0	0	229	0	0	205	207	197	0	1	0	0	211	198	0	1041	0	0	0	
8390.000000	230	0	0	227	0	0	206	211	214	0	1	0	0	210	191	0	1008	0	0	0	
8400.000000	233	0	0	231	0	0	210	232	224	0	1	0	0	216	191	0	1020	0	0	0	
8410.000000	233	0	0	237	0	0	224	236	235	0	1	0	0	219	194	0	1028	0	0	0	
8420.000000	245	0	0	244	0	0	248	252	255	0	1	0	0	239	204	0	1022	0	0	0	
8430.000000	267	0	0	265	0	0	265	267	277	0	1	0	0	262	227	0	1027	0	0	0	
8440.000000	282	0	0	298	0	0	281	290	296	0	1	0	0	286	241	0	1030	0	0	0	
8450.000000	305	0	0	312	0	0	304	327	331	0	1	0	0	315	284	0	1037	0	0	0	
8460.000000	331	0	0	335	0	0	329	370	356	0	1	0	0	351	320	0	994	0	0	0	
8470.000000	373	0	0	349	0	0	354	405	376	0	1	0	0	371	347	0	977	0	0	0	
8480.000000	393	0	0	378	0	0	371	438	396	0	1	0	0	404	362	0	974	0	0	0	
8490.000000	409	0	0	393	0	0	395	464	429	0	1	0	0	426	378	0	972	0	0	0	
8500.000000	426	0	0	406	0	0	422	488	464	0	1	0	0	446	388	0	988	0	0	0	
8510.000000	445	0	0	438	0	0	440	487	472	0	1	0	0	453	399	0	1009	0	0	0	
8520.000000	446	0	0	455	0	0	443	494	480	0	1	0	0	479	410	0	999	0	0	0	
8530.000000	438	0	0	457	0	0	457	509	466	0	0	0	0	469	441	0	1008	0	0	0	
8540.000000	441	0	0	463	0	0	449	512	473	0	0	0	0	463	452	0	1042	0	0	0	
8550.000000	437	0	0	453	0	0	443	496	471	0	0	0	0	450	442	0	1024	0	0	0	
8560.000000	430	0	0	451	0	0	453	483	458	0	0	0	0	441	433	0	1009	0	0	0	
8570.000000	408	0	0	430	0	0	440	467	433	0	0	0	0	427	420	0	1007	0	0	0	
8580.000000	401	0	0	408	0	0	417	441	408	0	0	0	0	408	403	0	1007	0	0	0	
8590.000000	378	0	0	380	0	0	399	412	380	0	0	0	0	389	381	0	1027	0	0	0	
8600.000000	353	0	0	348	0	0	369	387	360	0	0	0	0	365	359	0	1032	0	0	0	
8610.000000	323	0	0	333	0	0	351	363	329	0	0	0	0	337	332	0	1015	0	0	0	
8620.000000	304	0	0	305	0	0	322	336	308	0	0	0	0	315	301	0	1004	0	0	0	
8630.000000	278	0	0	285	0	0	300	315	289	0	0	0	0	284	275	0	1019	0	0	0	
8640.000000	245	0	0	265	0	0	277	285	257	0	0	0	0	262	256	0	1026	0	0	0	
8650.000000	238	0	0	254	0	0	258	266	236	0	0	0	0	244	234	0	1045	0	0	0	
8660.000000	230	0	0	235	0	0	242	246	220	0	0	0	0	237	216	0	1045	0	0	0	
8670.000000	225	0	0	223	0	0	236	244	215	0	0	0	0	216	201	0	1041	0	0	0	
8680.000000	221	0	0	222	0	0	240	234	221	0	0	0	0	215	204	0	1042	0	0	0	
8690.000000	224	0	0	222	0	0	250	230	219	0	0	0	0	223	203	0	1019	0	0	0	
8700.000000	233	0	0	224	0	0	260	242	223	0	0	0	0	226	213	0	1026	0	0	0	
8710.000000	246	0	0	243	0	0	261	250	243	0	0	0	0	236	221	0	1038	0	0	0	
8720.000000	262	0	0	255	0	0	269	267	257	0	0	0	0	241	230	0	1016	0	0	0	
8730.000000	287	0	0	274	0	0	295	278	268	0	0	0	0	273	244	0	1012	0	0	0	
8740.000000	307	0	0	311	0	0	314	311	298	0	1	0	0	289	271	0	1015	0	0	0	
8750.000000	338	0	0	339	0	0	331	329	336	0	1	0	0	321	297	0	992	0	0	0	
8760.000000	382	0	0	354	0	0	353	348	380	0	0	0	0	365	321	0	994	0	0	0	
8770.000000	417	0	0	376	0	0	374	352	392	0	0	0	0	361	343	0	988	0	0	0	
8780.000000	439	0	0	395	0	0	392	377	423	0	0	0	0	388	358	0	997	0	0	0	
8790.000000	436	0	0	429	0	0	419	396	415	0	0	0	0	424	389	0	991	0	0	0	
8800.000000	453	0	0	443	0	0	437	422	437	0	0	0	0	430	409	0	966	0	0	0	
8810.000000	458	0	0	471	0	0	458	436	478	0	0	0	0	452	427	0	969	0	0	0	
8820.000000	477	0	0	474	0	0	460	448	483	0	0	0	0	467	430	0	957	0	0	0	
8830.000000	478	0	0	471	0	0	457	458	464	0	0	0	0	462	438	0	960	0	0	0	
8840.000000	468	0	0	476	0	0	456	459	454	0	0	0	0	469	440	0	952	0	0	0	
8850.000000	467	0	0	474	0	0	438	465	431	0	0	0	0	458	438	0	956	0	0	0	
8860.000000	458	0	0	468	0	0	426	458	414	0	0	0	0	451	429	0	965	0	0	0	
8870.000000	446	0	0	448	0	0	408	446	397	0	0	0	0	433	403	0	963	0	0	0	
8880.000000	426	0	0	432	0	0	379	432	383	0	0	0	0	422	381	0	970	0	0	0	
8890.000000	397	0	0	413	0	0	360	411	375	0	0	0	0	397	359	0	1005	0	0	0	
8900.000000	375	0	0	390	0	0	333	385	357	0	0	0	0	366	334	0	994	0	0	0	
8910.000000	348	0	0	357	0	0	305	358	325	0	0	0	0	336	309	0	989	0	0	0	
8920.000000	322	0	0	326	0	0	289	329	293	0	0	0	0	310	289	0	990	0	0	0	
8930.000000	286	0	0	298	0	0	272	307	263	0	0	0	0	288	256	0	1002	0	0	0	
8940.000000	275	0	0	272	0	0	253	290	245	0	0	0	0	266	230	0	1026	0	0	0	
8950.000000	254	0	0	252	0	0	236	270	227	0	0	0	0	240	215	0	1008	0	0	0	
8960.000000	241	0	0	240	0	0	228	255	222	0	0	0	0	225	208	0	981	0	0	0	
8970.000000	236	0	0	226	0	0	213	244	203	0	0	0	0	216	190	0	1006	0	0	0	
8980.000000	234	0	0	223	0	0	203	234	201	0	1	0	0	217	186	0	1010	0	0	0	
8990.000000	238	0	0	224	0	0	214	241	205	0	1	0	0	222	183	0	1021	0	0	0	
9000.000000	241	0	0	222	0	0	217	251	207	0	0	0	0	230	185	0	1011	0	0	0	
9010.000000	250	0	0	242	0	0	241	270	226	0	0	0	0	239	201	0	996	0	0	0	
9020.000000	276	0	0	252	0	0	248	280	236	0	0	0	0	264	215	0	995	0	0	0	
9030.000000	280	0	0	274	0	0	257	305	253	0	0	0	0	286	240	0	1002	0	0	0	
9040.000000	297	0	0	299	0	0	277	342	275	0	1	0	0	316	255	0	1000	0	0	0	
9050.000000	321	0	0	316	0	0	301	364	292	0	1	0	0	346	286	0	989	0	0	0	
9060.000000	345	0	0	362	0	0	336	390	318	0	0	0	0	351	311	0	980	0	0	0	
9070.000000	383	0	0	397	0	0	366	407	344	0	0	0	0	387	328	0	969	0	0	0	
9080.000000	411	0	0	429	0	0	387	431	379	0	0	0	0	404	355	0	964	0	0	0	
9090.000000	425	0	0	452	0	0	410	446	418	0	0	0	0	429	377	0	931	0	0	0	
9100.000000	436	0	0	455	0	0	431	466	445	0	0	0	0	439	384	0	912	0	0	0	
9110.000000	425	0	0	457	0	0	450	473	462	0	0	0	0	463	402	0	911	0	0	0	
9120.000000	438	0	0	464	0	0	447	474	467	0	0	0	0	469	410	0	917	0	0	0	
9130.000000	428	0	0	462	0	0	453	470	466	0	0	0	0	464	410	0	915	0	0	0	
9140.000000	430	0	0	455	0	0	447	470	468	0	0	0	0	459	400	0	898	0	0	0	
9150.000000	436	0	0	443	0	0	440	452	462	0	0	0	0	461	394	0	909	0	0	0	
9160.000000	410	0	0	428	0	0	424	436	442	0	0	0	0	439	394	0	930	0	0	0	
9170.000000	398	0	0	411	0	0	405	423	417	0	1	0	0	425	369	0	928	0	0	0	
9180.000000	379	0	0	387	0	0	389	389	407	0	1	0	0	398	346	0	954	0	0	0	
9190.000000	367	0	0	373	0	0	379	358	384	0	1	0	0	369	319	0	978	0	0	0	
9200.000000	352	0	0	352	0	0	360	334	362	0	1	0	0	347	299	0	957	0	0	0	
9210.000000	313	0	0	331	0	0	337	322	340	0	1	0	0	324	271	0	963	0	0	0	
9220.000000	299	0	0	301	0	0	308	287	315	0	1	0	0	302	258	0	996	0	0	0	
9230.000000	266	0	0	280	0	0	287	270	286	0	1	0	0	274	238	0	1004	0	0	0	
9240.000000	242	0	0	252	0	0	263	243	268	0	1	0	0	261	213	0	1004	0	0	0	
9250.000000	222	0	0	236	0	0	246	229	247	0	1	0	0	243	201	0	1029	0	0	0	
9260.000000	213	0	0	220	0	0	237	219	242	0	1	0	0	221	191	0	1036	0	0	0	
9270.000000	208	0	0	211	0	0	231	212	233	0	1	0	0	216	185	0	1047	0	0	0	
9280.000000	196	0	0	210	0	0	229	200	232	0	1	0	0	221	184	0	1033	0	0	0	
9290.000000	205	0	0	207	0	0	227	207	228	0	1	0	0	209	186	0	1040	0	0	0	
9300.000000	216	0	0	210	0	0	234	215	233	0	1	0	0	223	201	0	1039	0	0	0	
9310.000000	235	0	0	221	0	0	246	230	249	0	1	0	0	243	220	0	1032	0	0	0	
9320.000000	257	0	0	245	0	0	269	252	265	0	1	0	0	252	237	0	1033	0	0	0	
9330.000000	290	0	0	266	0	0	268	285	292	0	1	0	0	278	244	0	1024	0	0	0	
9340.000000	309	0	0	302	0	0	296	309	322	0	1	0	0	300	267	0	1028	0	0	0	
9350.000000	322	0	0	330	0	0	341	342	339	0	1	0	0	325	297	0	1021	0	0	0	
9360.000000	340	0	0	353	0	0	360	362	364	0	1	0	0	340	335	0	1021	0	0	0	
9370.000000	379	0	0	381	0	0	388	382	409	0	1	0	0	372	375	0	1000	0	0	0	
9380.000000	403	0	0	402	0	0	414	390	433	0	1	0	0	397	401	0	998	0	0	0	
9390.000000	440	0	0	423	0	0	459	436	451	0	0	0	0	427	410	0	1002	0	0	0	
9400.000000	452	0	0	442	0	0	472	452	468	0	0	0	0	430	439	0	1011	0	0	0	
9410.000000	462	0	0	453	0	0	488	473	475	0	0	0	0	444	457	0	1022	0	0	0	
9420.000000	494	0	0	464	0	0	483	494	483	0	0	0	0	448	462	0	1014	0	0	0	
9430.000000	503	0	0	470	0	0	476	493	479	0	0	0	0	459	462	0	986	0	0	0	
9440.000000	519	0	0	462	0	0	463	497	464	0	0	0	0	452	454	0	986	0	0	0	
9450.000000	495	0	0	442	0	0	451	485	468	0	0	0	0	438	450	0	981	0	0	0	
9460.000000	472	0	0	443	0	0	451	477	462	0	0	0	0	413	432	0	987	0	0	0	
9470.000000	453	0	0	422	0	0	443	447	443	0	0	0	0	401	412	0	999	0	0	0	
9480.000000	437	0	0	405	0	0	417	431	420	0	0	0	0	397	402	0	984	0	0	0	
9490.000000	408	0	0	368	0	0	397	401	392	0	0	0	0	374	375	0	986	0	0	0	
9500.000000	386	0	0	345	0	0	370	372	366	0	0	0	0	350	345	0	980	0	0	0	
9510.000000	354	0	0	315	0	0	351	346	330	0	0	0	0	319	323	0	967	0	0	0	
9520.000000	336	0	0	292	0	0	321	319	312	0	0	0	0	289	297	0	963	0	0	0	
9530.000000	305	0	0	269	0	0	305	300	288	0	0	0	0	262	274	0	960	0	0	0	
9540.000000	285	0	0	253	0	0	284	276	267	0	0	0	0	240	249	0	980	0	0	0	
9550.000000	268	0	0	241	0	0	271	259	248	0	0	0	0	226	225	0	981	0	0	0	
9560.000000	255	0	0	225	0	0	254	242	247	0	0	0	0	212	211	0	977	0	0	0	
9570.000000	244	0	0	219	0	0	253	224	236	0	0	0	0	207	200	0	978	0	0	0	
9580.000000	233	0	0	220	0	0	242	217	230	0	0	0	0	197	199	0	983	0	0	0	
9590.000000	241	0	0	225	0	0	243	209	237	0	1	0	0	198	199	0	985	0	0	0	
9600.000000	253	0	0	226	0	0	237	204	237	0	1	0	0	199	213	0	945	0	0	0	
9610.000000	272	0	0	228	0	0	256	218	239	0	0	0	0	208	224	0	955	0	0	0	
9620.000000	295	0	0	233	0	0	273	233	256	0	0	0	0	225	236	0	974	0	0	0	
9630.000000	295	0	0	267	0	0	280	258	257	0	0	0	0	247	248	0	960	0	0	0	
9640.000000	317	0	0	286	0	0	307	279	280	0	0	0	0	300	280	0	956	0	0	0	
9650.000000	349	0	0	305	0	0	331	311	313	0	0	0	0	328	305	0	965	0	0	0	
9660.000000	373	0	0	327	0	0	350	337	337	0	0	0	0	355	340	0	944	0	0	0	
9670.000000	394	0	0	364	0	0	381	375	379	0	0	0	0	390	369	0	936	0	0	0	
9680.000000	402	0	0	391	0	0	406	401	410	0	0	0	0	399	394	0	937	0	0	0	
9690.000000	427	0	0	404	0	0	437	427	416	0	0	0	0	427	422	0	929	0	0	0	
9700.000000	444	0	0	415	0	0	449	441	447	0	0	0	0	426	425	0	935	0	0	0	
9710.000000	478	0	0	432	0	0	453	459	459	0	0	0	0	432	454	0	931	0	0	0	
9720.000000	482	0	0	451	0	0	476	456	469	0	0	0	0	447	470	0	909	0	0	0	
9730.000000	495	0	0	448	0	0	488	451	469	0	0	0	0	443	461	0	919	0	0	0	
9740.000000	488	0	0	438	0	0	475	454	457	0	0	0	0	455	444	0	913	0	0	0	
9750.000000	476	0	0	421	0	0	470	462	442	0	0	0	0	442	439	0	897	0	0	0	
9760.000000	454	0	0	411	0	0	456	457	418	0	0	0	0	412	430	0	913	0	0	0	
9770.000000	430	0	0	399	0	0	428	437	406	0	0	0	0	397	411	0	911	0	0	0	
9780.000000	406	0	0	391	0	0	407	407	379	0	0	0	0	384	391	0	924	0	0	0	
9790.000000	374	0	0	368	0	0	388	383	336	0	0	0	0	363	373	0	914	0	0	0	
9800.000000	346	0	0	342	0	0	364	355	302	0	0	0	0	338	350	0	931	0	0	0	
9810.000000	330	0	0	315	0	0	337	327	274	0	0	0	0	311	314	0	934	0	0	0	
9820.000000	300	0	0	291	0	0	307	293	256	0	0	0	0	286	284	0	929	0	0	0	
9830.000000	275	0	0	271	0	0	285	271	239	0	0	0	0	255	267	0	939	0	0	0	
9840.000000	251	0	0	251	0	0	267	257	222	0	0	0	0	232	253	0	963	0	0	0	
9850.000000	234	0	0	235	0	0	252	243	210	0	0	0	0	219	232	0	950	0	0	0	
9860.000000	220	0	0	219	0	0	230	236	199	0	0	0	0	204	209	0	966	0	0	0	
9870.000000	209	0	0	208	0	0	211	232	190	0	0	0	0	199	205	0	968	0	0	0	
9880.000000	203	0	0	203	0	0	212	224	188	0	0	0	0	196	198	0	975	0	0	0	
9890.000000	217	0	0	202	0	0	210	236	188	0	0	0	0	214	196	0	964	0	0	0	
9900.000000	229	0	0	212	0	0	208	247	203	0	0	0	0	229	211	0	938	0	0	0	
9910.000000	258	0	0	218	0	0	216	275	216	0	1	0	0	242	220	0	962	0	0	0	
9920.000000	260	0	0	238	0	0	236	281	242	0	2	0	0	259	238	0	963	0	0	0	
9930.000000	290	0	0	271	0	0	268	301	266	0	2	0	0	275	249	0	976	0	0	0	
9940.000000	318	0	0	307	0	0	291	332	283	0	2	0	0	291	285	0	958	0	0	0	
9950.000000	345	0	0	318	0	0	316	356	307	0	1	0	0	324	313	0	972	0	0	0	
9960.000000	397	0	0	351	0	0	342	386	344	0	2	0	0	345	333	0	971	0	0	0	
9970.000000	429	0	0	389	0	0	372	398	363	0	1	0	0	379	358	0	985	0	0	0	
9980.000000	435	0	0	418	0	0	402	415	404	0	1	0	0	408	388	0	977	0	0	0	
9990.000000	436	0	0	442	0	0	426	428	424	0	1	0	0	424	413	0	987	0	0	0	
10000.000000	431	0	0	472	0	0	446	445	435	0	1	0	0	435	438	0	1003	0	0	0	
