0.000000	10	10	10	10	10	10	0	0	0	0	0	0	0	0	0	0	0	0	0	0	
0.000000	10	10	10	10	10	10	0	0	0	0	0	0	0	0	0	0	0	0	1	0	
10.000000	84	46	22	18	78	42	0	0	23	0	59	0	0	37	59	66	0	0	54	0	
20.000000	139	119	86	64	97	37	0	0	74	0	89	0	4	85	94	90	0	0	69	0	
30.000000	129	185	156	135	119	34	0	0	120	0	109	0	12	136	107	107	0	0	86	0	
40.000000	126	237	238	196	127	34	0	0	173	0	118	0	21	179	119	112	0	0	107	0	
50.000000	110	287	308	241	121	32	0	0	220	0	118	0	26	235	120	115	0	0	113	0	
60.000000	100	331	366	294	126	30	0	0	281	0	125	0	32	276	126	118	0	0	113	0	
70.000000	92	370	405	353	124	28	0	0	346	0	132	0	35	310	127	121	0	0	115	0	
80.000000	86	410	452	415	127	25	0	0	397	0	140	0	41	354	129	124	0	0	119	0	
90.000000	81	446	495	471	129	25	0	0	451	0	148	0	39	390	125	120	0	0	124	0	
100.000000	73	459	524	533	132	24	0	0	470	0	140	0	41	443	121	121	0	0	120	0	
110.000000	66	486	574	569	129	20	0	0	499	0	134	0	43	474	133	126	0	0	122	0	
120.000000	62	502	622	602	131	17	0	0	524	0	129	0	40	513	139	129	0	0	120	0	
130.000000	56	504	671	659	131	15	0	0	565	0	123	0	41	567	136	134	0	0	125	0	
140.000000	49	504	705	681	135	15	0	0	586	0	122	0	39	595	133	136	0	0	129	0	
150.000000	41	503	722	692	135	13	0	0	584	0	116	0	35	618	132	129	0	0	131	0	
160.000000	37	494	732	729	136	12	0	0	616	0	123	0	39	662	122	130	0	0	128	0	
170.000000	32	501	745	743	134	11	0	0	620	0	120	0	42	685	124	120	0	0	140	0	
180.000000	28	489	767	750	136	10	0	0	667	0	120	0	42	698	128	114	0	0	139	0	
190.000000	26	477	789	770	139	10	0	0	693	0	112	0	44	703	121	119	0	0	142	0	
200.000000	21	450	801	785	141	9	0	0	709	0	109	0	48	706	125	122	0	0	138	0	
210.000000	20	422	816	787	141	8	0	0	726	0	105	0	53	720	125	125	0	0	137	0	
220.000000	15	390	816	839	148	7	0	0	747	0	102	0	49	731	129	122	0	0	140	0	
230.000000	14	362	837	843	151	7	0	0	779	0	103	0	50	746	127	118	0	0	134	0	
240.000000	14	339	845	860	157	5	0	0	773	0	102	0	54	766	131	125	0	0	135	0	
250.000000	13	308	846	866	157	4	0	0	808	0	112	0	53	783	134	125	0	0	140	0	
260.000000	11	283	853	866	151	3	0	0	828	0	118	0	45	780	137	125	0	0	132	0	
270.000000	9	256	892	890	145	3	0	0	836	0	120	0	44	799	149	128	0	0	130	0	
280.000000	8	234	886	902	147	3	0	0	841	0	120	0	43	817	152	126	0	0	137	0	
290.000000	8	218	890	919	159	3	0	0	856	0	131	0	44	826	142	130	0	0	139	0	
300.000000	7	204	888	924	155	3	0	0	875	0	126	0	47	833	144	132	0	0	135	0	
310.000000	7	190	903	940	151	3	0	0	891	0	128	0	48	833	145	129	0	0	132	0	
320.000000	6	184	905	920	152	3	0	0	877	0	112	0	50	835	142	127	0	0	132	0	
330.000000	5	171	887	930	142	2	0	0	869	0	111	0	49	840	144	120	0	0	131	0	
340.000000	4	156	877	941	146	2	0	0	875	0	114	0	46	857	142	126	0	0	127	0	
350.000000	2	138	897	936	146	1	0	0	869	0	114	0	49	872	134	116	0	0	129	0	
360.000000	1	130	885	952	140	1	0	0	850	0	117	0	49	879	129	114	0	0	133	0	
370.000000	0	121	881	961	144	1	0	0	842	0	120	0	50	894	117	116	0	0	136	0	
380.000000	0	110	881	969	140	1	0	0	848	0	125	0	53	888	117	119	0	0	135	0	
390.000000	0	103	861	958	152	1	0	0	851	0	126	0	58	877	124	112	0	0	130	0	
400.000000	0	92	853	940	145	0	0	0	844	0	131	0	55	878	127	116	0	0	129	0	
410.000000	0	82	840	923	143	0	0	0	851	0	135	0	55	863	123	112	0	0	130	0	
420.000000	0	81	841	935	144	0	0	0	848	0	145	0	57	852	121	121	0	0	131	0	
430.000000	0	68	846	940	147	0	0	0	846	0	133	0	52	863	126	128	0	0	137	0	
440.000000	0	64	829	949	140	0	0	0	859	0	130	0	54	873	124	125	0	0	139	0	
450.000000	0	58	800	958	138	0	0	0	857	0	128	0	54	881	123	124	0	0	140	0	
460.000000	0	50	782	955	134	0	0	0	844	0	122	0	49	910	123	126	0	0	140	0	
470.000000	0	44	751	960	127	0	0	0	848	0	129	0	47	903	122	121	0	0	139	0	
480.000000	0	40	731	957	129	0	0	0	865	0	132	0	48	897	122	121	0	0	131	0	
490.000000	0	36	700	989	131	0	0	0	898	0	123	0	51	900	115	125	0	0	135	0	
500.000000	0	28	663	992	131	0	0	0	890	0	122	0	52	914	113	129	0	0	127	0	
510.000000	0	26	625	992	126	0	0	0	898	0	118	0	54	932	109	128	0	0	135	0	
520.000000	0	24	586	1009	117	0	0	0	888	0	122	0	55	916	111	122	0	0	134	0	
530.000000	0	20	556	1007	120	0	0	0	879	0	121	0	54	906	116	125	0	0	129	0	
540.000000	0	18	551	996	123	0	0	0	885	0	122	0	55	910	120	126	0	0	133	0	
550.000000	0	18	520	998	126	0	0	0	890	0	120	0	54	905	130	128	0	0	134	0	
560.000000	0	16	486	978	128	0	0	0	871	0	128	0	55	916	129	122	0	0	127	0	
570.000000	0	16	460	1005	121	0	0	0	869	0	124	0	53	903	124	124	0	0	122	0	
580.000000	0	16	434	1038	118	0	0	0	853	0	123	0	48	886	124	121	0	0	121	0	
590.000000	0	16	401	1047	124	0	0	0	874	0	128	0	44	852	123	115	0	0	126	0	
600.000000	0	14	371	1016	124	0	0	0	859	0	123	0	45	838	117	115	0	0	125	0	
610.000000	0	12	340	1008	125	0	0	0	858	0	122	0	45	845	120	118	0	0	126	0	
620.000000	0	11	316	1002	118	0	0	0	852	0	129	0	45	843	123	118	0	0	133	0	
630.000000	0	10	297	1008	116	0	0	0	838	0	139	0	45	844	127	124	0	0	139	0	
640.000000	0	8	271	1002	117	0	0	0	836	0	138	0	46	837	130	112	0	0	137	0	
650.000000	0	8	257	988	107	0	0	0	815	0	128	0	46	840	132	109	0	0	138	0	
660.000000	0	7	238	957	113	0	0	0	829	0	129	0	43	838	129	105	0	0	141	0	
670.000000	0	7	226	947	116	0	0	0	843	0	126	0	38	862	124	102	0	0	140	0	
680.000000	0	5	203	954	113	0	0	0	849	0	126	0	41	854	114	107	0	0	137	0	
690.000000	0	5	186	963	115	0	0	0	855	0	128	0	42	848	117	106	0	0	135	0	
700.000000	0	4	164	951	123	0	0	0	857	0	126	0	46	863	116	110	0	0	136	0	
710.000000	0	4	148	944	122	0	0	0	865	0	127	0	46	872	117	108	0	0	134	0	
720.000000	0	3	144	938	126	0	0	0	872	0	132	0	44	889	113	109	0	0	131	0	
730.000000	0	2	137	927	123	0	0	0	871	0	141	0	46	907	112	109	0	0	128	0	
740.000000	0	2	127	898	126	0	0	0	877	0	136	0	48	897	116	111	0	0	137	0	
750.000000	0	2	114	894	129	0	0	0	890	0	122	0	51	884	121	117	0	0	132	0	
760.000000	0	2	109	881	123	0	0	0	876	0	119	0	51	878	129	123	0	0	132	0	
770.000000	0	1	99	881	124	0	0	0	857	0	120	0	49	893	125	124	0	0	130	0	
780.000000	0	1	91	882	125	0	0	0	846	0	120	0	54	869	125	123	0	0	129	0	
790.000000	0	0	83	868	132	0	0	0	863	0	117	0	53	868	125	121	0	0	134	0	
800.000000	0	0	72	854	129	0	0	0	847	0	118	0	56	875	122	118	0	0	141	0	
810.000000	0	0	65	846	132	0	0	0	867	0	116	0	56	875	124	122	0	0	144	0	
820.000000	0	0	60	823	125	0	0	0	880	0	113	0	54	888	121	115	0	0	143	0	
830.000000	0	0	58	807	124	0	0	0	881	0	114	0	54	900	118	107	0	0	138	0	
840.000000	0	0	53	787	119	0	0	0	878	0	113	0	48	930	105	101	0	0	134	0	
850.000000	0	0	45	763	117	0	0	0	882	0	117	0	50	930	106	109	0	0	131	0	
860.000000	0	0	44	754	115	0	0	0	879	0	118	0	50	945	108	116	0	0	128	0	
870.000000	0	0	42	745	111	0	0	0	875	0	117	0	55	928	112	120	0	0	123	0	
880.000000	0	0	40	720	117	0	0	0	859	0	121	0	50	917	112	124	0	0	120	0	
890.000000	0	0	35	698	124	0	0	0	866	0	121	0	49	916	116	125	0	0	118	0	
900.000000	0	0	34	656	127	0	0	0	848	0	123	0	47	900	120	126	0	0	111	0	
910.000000	0	0	32	625	134	0	0	0	838	0	125	0	52	908	123	130	0	0	110	0	
920.000000	0	0	32	596	140	0	0	0	846	0	128	0	55	902	127	140	0	0	116	0	
930.000000	0	0	31	566	139	0	0	0	837	0	124	0	51	885	139	144	0	0	119	0	
940.000000	0	0	29	532	130	0	0	0	833	0	120	0	52	887	131	148	0	0	120	0	
950.000000	0	0	24	514	130	0	0	0	840	0	118	0	54	892	142	143	0	0	122	0	
960.000000	0	0	22	484	131	0	0	0	856	0	118	0	53	902	140	146	0	0	125	0	
970.000000	0	0	20	457	121	0	0	0	863	0	122	0	51	880	136	141	0	0	124	0	
980.000000	0	0	19	435	120	0	0	0	873	0	128	0	51	866	132	138	0	0	126	0	
990.000000	0	0	17	395	121	0	0	0	883	0	125	0	49	847	133	132	0	0	128	0	
1000.000000	0	0	16	366	124	0	0	0	865	0	126	0	50	833	126	131	0	0	124	0	
1010.000000	0	0	15	343	121	0	0	0	855	0	129	0	50	853	130	134	0	0	121	0	
1020.000000	0	0	13	327	119	0	0	0	867	0	133	0	54	841	130	131	0	0	126	0	
1030.000000	0	0	11	312	117	0	0	0	863	0	132	0	50	831	138	123	0	0	124	0	
1040.000000	0	0	10	287	123	0	0	0	857	0	130	0	51	817	142	131	0	0	123	0	
1050.000000	0	0	8	271	126	0	0	0	857	0	128	0	53	804	141	126	0	0	136	0	
1060.000000	0	0	8	254	122	0	0	0	846	0	129	0	54	799	137	123	0	0	128	0	
1070.000000	0	0	7	247	123	0	0	0	846	0	127	0	49	804	141	122	0	0	128	0	
1080.000000	0	0	7	232	123	0	0	0	885	0	129	0	46	835	141	122	0	0	128	0	
1090.000000	0	0	7	208	125	0	0	0	869	0	130	0	49	848	144	116	0	0	128	0	
1100.000000	0	0	6	194	128	0	0	0	870	0	130	0	44	859	145	124	0	0	131	0	
1110.000000	0	0	5	173	137	0	0	0	861	0	129	0	41	855	146	130	0	0	130	0	
1120.000000	0	0	5	161	128	0	0	0	859	0	131	0	41	844	142	133	0	0	130	0	
1130.000000	0	0	5	153	125	0	0	0	866	0	126	0	46	850	137	136	0	0	125	0	
1140.000000	0	0	5	139	124	0	0	0	870	0	126	0	46	870	132	140	0	0	133	0	
1150.000000	0	0	4	131	120	0	0	0	852	0	126	0	49	867	130	137	0	0	133	0	
1160.000000	0	0	3	125	114	0	0	0	858	0	122	0	47	857	131	145	0	0	141	0	
1170.000000	0	0	3	117	113	0	0	0	862	0	126	0	47	859	136	144	0	0	135	0	
1180.000000	0	0	2	112	119	0	0	0	876	0	122	0	41	864	130	144	0	0	133	0	
1190.000000	1	0	2	106	116	0	0	0	879	0	124	0	46	860	131	140	0	0	132	0	
1200.000000	1	0	2	96	117	0	0	0	872	0	121	0	47	866	138	142	0	0	128	0	
1210.000000	2	0	2	86	118	0	0	0	873	0	122	0	43	895	140	142	0	0	131	0	
1220.000000	3	1	2	80	122	0	0	0	880	0	117	0	40	898	135	135	0	0	132	0	
1230.000000	3	2	2	73	118	0	0	0	874	0	120	0	41	871	137	131	0	0	133	0	
1240.000000	7	2	2	67	119	0	0	0	879	0	121	0	41	868	131	135	0	0	131	0	
1250.000000	9	5	2	63	128	0	0	0	878	0	123	0	40	867	134	128	0	0	137	0	
1260.000000	18	9	4	56	126	0	0	0	880	0	120	0	43	881	137	123	0	0	134	0	
1270.000000	41	29	23	55	129	0	0	0	864	0	118	0	39	900	137	133	0	0	127	0	
1280.000000	41	63	59	77	132	0	0	0	869	0	116	0	38	902	135	136	0	0	127	0	
1290.000000	36	84	109	124	131	0	0	0	864	0	120	0	40	890	139	132	0	0	123	0	
1300.000000	32	109	161	186	133	0	0	0	853	0	133	0	40	887	132	137	0	0	121	0	
1310.000000	26	118	237	252	131	0	0	0	859	0	130	0	42	874	135	135	0	0	120	0	
1320.000000	25	127	286	313	132	0	0	0	863	0	130	0	44	854	145	143	0	0	122	0	
1330.000000	24	133	332	382	137	0	0	0	840	0	130	0	46	830	162	146	0	0	126	0	
1340.000000	22	127	380	431	137	0	0	0	834	0	129	0	47	828	162	151	0	0	121	0	
1350.000000	20	133	437	475	136	0	0	0	829	0	129	0	47	824	159	152	0	0	124	0	
1360.000000	19	128	475	513	138	0	0	0	839	0	123	0	44	824	156	152	0	0	137	0	
1370.000000	19	125	494	549	142	0	0	0	849	0	126	0	43	842	153	149	0	0	133	0	
1380.000000	18	118	518	568	141	0	0	0	855	0	125	0	46	845	148	148	0	0	133	0	
1390.000000	16	111	554	595	149	0	0	0	863	0	118	0	48	840	150	158	0	0	132	0	
1400.000000	15	104	582	649	150	0	0	0	868	0	128	0	45	831	145	155	0	0	133	0	
1410.000000	13	99	592	694	146	0	0	0	855	0	129	0	48	820	135	151	0	0	127	0	
1420.000000	13	100	595	720	144	0	0	0	846	0	125	0	46	833	135	143	0	0	125	0	
1430.000000	13	93	584	743	141	0	0	0	832	0	122	0	47	848	140	141	0	0	129	0	
1440.000000	12	96	589	792	135	0	0	0	821	0	127	0	53	861	137	131	0	0	131	0	
1450.000000	10	79	602	803	141	0	0	0	802	0	126	0	50	867	128	134	0	0	134	0	
1460.000000	8	75	602	822	146	0	0	0	824	0	129	0	45	844	128	134	0	0	130	0	
1470.000000	7	69	600	826	140	0	0	0	824	0	133	0	47	859	136	132	0	0	137	0	
1480.000000	6	66	598	856	141	0	0	0	819	0	131	0	45	854	133	130	0	0	141	0	
1490.000000	5	62	581	875	140	0	0	0	834	0	126	0	47	847	131	122	0	0	144	0	
1500.000000	5	54	579	900	144	0	0	0	858	0	116	0	48	867	128	125	0	0	139	0	
1510.000000	5	53	578	911	140	0	0	0	879	0	119	0	51	890	132	125	0	0	133	0	
1520.000000	4	47	580	901	135	0	0	0	886	0	121	0	51	875	132	128	0	0	140	0	
1530.000000	4	47	582	914	130	0	0	0	879	0	121	0	53	871	137	120	0	0	137	0	
1540.000000	4	43	565	929	135	0	0	0	889	0	125	0	51	861	135	125	0	0	139	0	
1550.000000	3	41	548	949	131	0	0	0	915	0	127	0	48	841	130	122	0	0	132	0	
1560.000000	3	39	529	940	137	0	0	0	906	0	124	0	55	834	128	121	0	0	132	0	
1570.000000	3	35	511	926	139	0	0	0	904	0	121	0	54	845	132	125	0	0	127	0	
1580.000000	3	30	479	918	140	0	0	0	889	0	124	0	55	862	131	131	0	0	125	0	
1590.000000	3	30	462	908	136	0	0	0	892	0	129	0	52	869	124	135	0	0	120	0	
1600.000000	3	29	451	928	141	0	0	0	914	0	135	0	51	868	120	136	0	0	116	0	
1610.000000	3	28	433	938	141	0	0	0	916	0	139	0	49	837	125	136	0	0	114	0	
1620.000000	3	27	413	949	137	0	0	0	917	0	138	0	46	825	125	144	0	0	124	0	
1630.000000	3	24	390	936	136	0	0	0	900	0	139	0	48	819	130	149	0	0	128	0	
1640.000000	3	26	371	956	145	0	0	0	900	0	139	0	47	816	128	145	0	0	128	0	
1650.000000	3	23	361	967	147	0	0	0	903	0	143	0	50	827	135	148	0	0	127	0	
1660.000000	3	20	349	984	146	0	0	0	901	0	142	0	48	829	141	139	0	0	130	0	
1670.000000	2	20	333	966	148	0	0	0	912	0	148	0	47	822	146	140	0	0	125	0	
1680.000000	2	18	326	960	155	0	0	0	901	0	156	0	48	836	139	146	0	0	128	0	
1690.000000	2	16	305	963	156	0	0	0	901	0	157	0	50	814	135	146	0	0	128	0	
1700.000000	2	14	286	961	156	0	0	0	889	0	155	0	52	816	134	155	0	0	126	0	
1710.000000	2	11	264	965	152	0	0	0	898	0	156	0	60	811	133	152	0	0	135	0	
1720.000000	2	11	243	973	159	0	0	0	864	0	153	0	57	811	131	153	0	0	140	0	
1730.000000	2	11	221	971	158	0	0	0	865	0	141	0	59	818	133	147	0	0	141	0	
1740.000000	2	10	212	979	144	0	0	0	876	0	134	0	61	826	134	146	0	0	142	0	
1750.000000	2	9	193	972	134	0	0	0	868	0	130	0	58	835	131	143	0	0	145	0	
1760.000000	2	9	175	937	138	0	0	0	885	0	127	0	57	858	125	138	0	0	143	0	
1770.000000	2	9	171	947	138	0	0	0	878	0	132	0	62	875	131	129	0	0	138	0	
1780.000000	2	9	164	925	133	0	0	0	871	0	137	0	64	863	125	127	0	0	132	0	
1790.000000	1	8	155	904	135	0	0	0	856	0	140	0	61	871	128	128	0	0	134	0	
1800.000000	1	8	146	881	130	0	0	0	865	0	139	0	62	884	131	135	0	0	131	0	
1810.000000	1	8	134	884	127	0	0	0	873	0	136	0	60	890	132	127	0	0	128	0	
1820.000000	1	7	123	872	128	0	0	0	875	0	134	0	58	914	129	124	0	0	132	0	
1830.000000	1	7	112	872	123	0	0	0	881	0	127	0	56	919	128	125	0	0	135	0	
1840.000000	1	6	108	866	118	0	0	0	902	0	116	0	50	907	125	126	0	0	134	0	
1850.000000	1	6	100	873	114	0	0	0	887	0	120	0	47	900	122	126	0	0	130	0	
1860.000000	1	6	92	866	113	0	0	0	897	0	120	0	43	889	117	125	0	0	127	0	
1870.000000	1	6	90	861	112	0	0	0	900	0	113	0	43	874	113	127	0	0	135	0	
1880.000000	1	6	85	842	105	0	0	0	880	0	114	0	44	880	114	130	0	0	135	0	
1890.000000	1	6	79	849	106	0	0	0	885	0	115	0	47	908	120	132	0	0	134	0	
1900.000000	1	6	76	832	113	0	0	0	914	0	113	0	51	892	121	133	0	0	130	0	
1910.000000	1	5	72	814	108	0	0	0	911	0	112	0	49	903	117	133	0	0	134	0	
1920.000000	1	4	71	813	111	0	0	0	896	0	110	0	55	900	120	135	0	0	134	0	
1930.000000	1	3	63	782	113	0	0	0	902	0	110	0	57	902	116	132	0	0	133	0	
1940.000000	1	2	61	762	117	0	0	0	911	0	123	0	54	889	116	130	0	0	138	0	
1950.000000	1	2	55	767	116	0	0	0	908	0	120	0	50	922	124	134	0	0	145	0	
1960.000000	1	2	49	725	121	0	0	0	926	0	118	0	52	893	118	137	0	0	138	0	
1970.000000	1	2	47	688	119	0	0	0	923	0	120	0	54	896	118	133	0	0	138	0	
1980.000000	1	2	46	657	117	0	0	0	900	0	118	0	54	890	123	130	0	0	142	0	
1990.000000	1	2	43	618	120	0	0	0	910	0	119	0	53	885	119	127	0	0	144	0	
2000.000000	1	2	39	611	122	0	0	0	920	0	122	0	53	880	117	122	0	0	144	0	
2010.000000	1	2	32	588	117	0	0	0	918	0	122	0	52	886	112	121	0	0	142	0	
2020.000000	1	2	31	559	120	0	0	0	932	0	116	0	54	882	114	132	0	0	141	0	
2030.000000	1	2	27	530	120	0	0	0	956	0	117	0	52	889	111	132	0	0	142	0	
2040.000000	1	2	25	499	118	0	0	0	946	0	118	0	53	872	105	129	0	0	142	0	
2050.000000	1	3	24	468	114	0	0	0	947	0	120	0	53	857	107	137	0	0	134	0	
2060.000000	1	3	24	444	105	0	0	0	946	0	116	0	52	873	106	140	0	0	136	0	
2070.000000	1	3	24	421	104	0	0	0	940	0	115	0	51	858	106	132	0	0	137	0	
2080.000000	1	3	25	408	105	0	0	0	909	0	113	0	52	867	104	134	0	0	134	0	
2090.000000	1	3	25	388	109	0	0	0	905	0	117	0	50	871	105	132	0	0	140	0	
2100.000000	1	3	25	385	110	0	0	0	922	0	115	0	51	875	112	134	0	0	126	0	
2110.000000	1	3	23	361	117	0	0	0	882	0	117	0	52	874	109	142	0	0	122	0	
2120.000000	1	2	20	337	120	0	0	0	883	0	116	0	51	902	111	138	0	0	131	0	
2130.000000	1	2	19	308	121	0	0	0	891	0	115	0	50	902	113	135	0	0	128	0	
2140.000000	1	2	18	286	125	0	0	0	884	0	127	0	52	901	111	135	0	0	128	0	
2150.000000	1	2	17	278	128	0	0	0	889	0	133	0	56	910	113	131	0	0	127	0	
2160.000000	0	2	15	265	119	0	0	0	882	0	139	0	53	902	122	128	0	0	133	0	
2170.000000	0	2	14	258	121	0	0	0	885	0	146	0	51	896	111	127	0	0	132	0	
2180.000000	0	2	11	247	119	0	0	0	877	0	142	0	50	883	109	132	0	0	135	0	
2190.000000	0	2	9	232	115	0	0	0	882	0	142	0	54	885	110	125	0	0	135	0	
2200.000000	0	2	8	211	115	0	0	0	897	0	139	0	55	884	111	126	0	0	139	0	
2210.000000	0	2	7	191	115	0	0	0	908	0	139	0	54	892	115	126	0	0	133	0	
2220.000000	0	2	7	175	102	0	0	0	914	0	135	0	56	888	113	124	0	0	132	0	
2230.000000	0	2	7	164	101	0	0	0	898	0	137	0	59	878	114	124	0	0	130	0	
2240.000000	0	2	7	156	111	0	0	0	903	0	145	0	56	875	118	129	0	0	130	0	
2250.000000	0	2	8	147	113	0	0	0	881	0	153	0	53	869	116	130	0	0	125	0	
2260.000000	0	2	7	133	109	0	0	0	874	0	154	0	54	866	115	130	0	0	131	0	
2270.000000	0	2	7	126	107	0	0	0	879	0	148	0	55	872	114	131	0	0	129	0	
2280.000000	0	2	7	118	106	0	0	0	873	0	149	0	52	878	113	131	0	0	122	0	
2290.000000	0	2	6	106	111	0	0	0	880	0	141	0	54	898	113	137	0	0	122	0	
2300.000000	0	2	6	101	113	0	0	0	872	0	134	0	55	895	120	145	0	0	127	0	
2310.000000	0	1	6	96	116	0	0	0	877	0	136	0	56	909	123	151	0	0	127	0	
2320.000000	0	1	6	89	114	0	0	0	865	0	138	0	52	903	121	153	0	0	131	0	
2330.000000	0	1	6	84	117	0	0	0	852	0	137	0	50	895	129	157	0	0	137	0	
2340.000000	1	1	5	78	113	0	0	0	851	0	134	0	46	884	131	155	0	0	135	0	
2350.000000	4	1	5	70	114	0	0	0	831	0	127	0	50	881	127	155	0	0	134	0	
2360.000000	5	2	4	65	117	0	0	0	853	0	120	0	53	872	127	151	0	0	134	0	
2370.000000	10	3	4	60	119	0	0	0	837	0	126	0	54	871	121	155	0	0	133	0	
2380.000000	20	11	9	55	126	0	0	0	838	0	130	0	53	882	120	155	0	0	134	0	
2390.000000	41	36	16	55	126	0	0	0	851	0	128	0	56	880	113	142	0	0	132	0	
2400.000000	49	71	43	77	125	0	0	0	846	0	129	0	55	889	116	138	0	0	130	0	
2410.000000	43	115	94	118	121	0	0	0	852	0	130	0	57	907	116	138	0	0	124	0	
2420.000000	40	140	148	182	118	0	0	0	851	0	127	0	57	922	124	135	0	0	129	0	
2430.000000	36	160	210	247	120	0	0	0	863	0	127	0	58	918	121	138	0	0	130	0	
2440.000000	35	169	266	285	113	0	0	0	852	0	131	0	61	890	123	131	0	0	125	0	
2450.000000	34	182	295	335	109	0	0	0	851	0	135	0	61	889	117	135	0	0	121	0	
2460.000000	33	190	356	395	104	0	0	0	854	0	142	0	64	887	123	134	0	0	128	0	
2470.000000	30	199	389	444	103	0	0	0	864	0	138	0	63	892	121	129	0	0	130	0	
2480.000000	29	200	421	475	110	0	0	0	855	0	135	0	62	892	115	127	0	0	130	0	
2490.000000	27	204	460	531	111	0	0	0	859	0	125	0	59	870	116	130	0	0	125	0	
2500.000000	25	220	515	558	108	0	0	0	863	0	121	0	62	864	118	136	0	0	126	0	
2510.000000	24	213	533	603	111	0	0	0	873	0	121	0	62	840	121	133	0	0	127	0	
2520.000000	23	204	570	636	118	0	0	0	867	0	127	0	59	863	124	135	0	0	131	0	
2530.000000	21	202	597	679	117	0	0	0	857	0	121	0	53	877	117	128	0	0	130	0	
2540.000000	19	187	615	717	119	0	0	0	858	0	125	0	53	862	112	123	0	0	129	0	
2550.000000	19	173	643	755	122	0	0	0	850	0	124	0	60	870	115	133	0	0	127	0	
2560.000000	17	167	664	753	113	0	0	0	842	0	115	0	57	853	115	132	0	0	135	0	
2570.000000	16	162	677	778	122	0	0	0	849	0	105	0	56	863	119	127	0	0	132	0	
2580.000000	16	159	681	784	123	0	0	0	857	0	106	0	53	864	112	123	0	0	130	0	
2590.000000	16	157	695	810	121	0	0	0	842	0	102	0	53	880	112	129	0	0	132	0	
2600.000000	14	148	743	834	118	0	0	0	842	0	104	0	55	889	116	128	0	0	131	0	
2610.000000	13	141	751	830	121	0	0	0	840	0	98	0	49	880	118	133	0	0	128	0	
2620.000000	11	128	765	827	126	0	0	0	854	0	106	0	49	891	115	137	0	0	124	0	
2630.000000	11	120	777	832	130	0	0	0	858	0	118	0	48	895	117	142	0	0	115	0	
2640.000000	11	112	785	828	130	0	0	0	857	0	121	0	51	898	125	150	0	0	123	0	
2650.000000	11	108	783	843	135	0	0	0	850	0	123	0	50	885	133	153	0	0	117	0	
2660.000000	11	100	791	874	142	0	0	0	859	0	124	0	48	884	133	150	0	0	125	0	
2670.000000	11	93	779	888	136	0	0	0	851	0	132	0	45	856	142	148	0	0	123	0	
2680.000000	10	88	781	900	133	0	0	0	850	0	141	0	50	856	133	140	0	0	124	0	
2690.000000	10	85	778	902	132	0	0	0	844	0	138	0	49	855	139	148	0	0	127	0	
2700.000000	9	79	775	912	127	0	0	0	834	0	134	0	49	876	144	150	0	0	126	0	
2710.000000	8	75	771	910	125	0	0	0	853	0	135	0	47	882	151	152	0	0	123	0	
2720.000000	7	72	763	922	119	0	0	0	845	0	139	0	47	895	159	146	0	0	126	0	
2730.000000	6	67	760	913	122	0	0	0	840	0	138	0	45	889	149	149	0	0	129	0	
2740.000000	6	62	737	943	120	0	0	0	831	0	133	0	44	885	151	146	0	0	128	0	
2750.000000	6	59	728	964	129	0	0	0	848	0	128	0	45	898	152	142	0	0	134	0	
2760.000000	5	51	706	978	118	0	0	0	851	0	122	0	46	911	150	141	0	0	133	0	
2770.000000	4	49	680	998	119	0	0	0	852	0	120	0	43	925	148	146	0	0	135	0	
2780.000000	4	46	658	1015	121	0	0	0	879	0	125	0	47	931	142	142	0	0	133	0	
2790.000000	4	44	636	1017	123	0	0	0	883	0	125	0	45	901	143	135	0	0	133	0	
2800.000000	4	40	623	995	118	0	0	0	878	0	126	0	47	919	142	137	0	0	129	0	
2810.000000	3	35	596	992	121	0	0	0	867	0	128	0	44	907	144	133	0	0	123	0	
2820.000000	3	32	585	981	123	0	0	0	872	0	126	0	45	910	137	126	0	0	129	0	
2830.000000	2	28	552	983	133	0	0	0	871	0	129	0	48	905	140	128	0	0	128	0	
2840.000000	2	26	521	999	131	0	0	0	844	0	130	0	48	888	144	125	0	0	124	0	
2850.000000	2	26	468	986	132	0	0	0	833	0	132	0	41	898	142	120	0	0	130	0	
2860.000000	2	24	437	1004	136	0	0	0	840	0	135	0	47	893	128	113	0	0	124	0	
2870.000000	2	22	413	994	134	0	0	0	838	0	120	0	47	894	132	117	0	0	125	0	
2880.000000	2	21	396	991	145	0	0	0	849	0	121	0	50	857	134	120	0	0	121	0	
2890.000000	2	20	385	964	155	0	0	0	857	0	128	0	48	859	135	126	0	0	121	0	
2900.000000	2	18	362	966	155	0	0	0	859	0	134	0	48	860	140	132	0	0	122	0	
2910.000000	2	17	347	969	153	0	0	0	854	0	129	0	46	858	140	133	0	0	123	0	
2920.000000	2	17	332	976	154	0	0	0	846	0	133	0	45	860	148	130	0	0	127	0	
2930.000000	2	17	314	988	159	0	0	0	841	0	138	0	41	891	155	128	0	0	128	0	
2940.000000	1	16	295	969	154	0	0	0	842	0	141	0	38	892	157	128	0	0	123	0	
2950.000000	1	16	282	978	147	0	0	0	858	0	146	0	40	880	162	129	0	0	122	0	
2960.000000	1	15	266	977	149	0	0	0	850	0	148	0	38	876	161	131	0	0	118	0	
2970.000000	1	15	256	962	148	0	0	0	869	0	148	0	38	882	165	137	0	0	119	0	
2980.000000	0	15	246	951	154	0	0	0	872	0	150	0	43	868	171	131	0	0	122	0	
2990.000000	0	14	226	953	159	0	0	0	861	0	147	0	44	853	175	136	0	0	128	0	
3000.000000	0	14	209	967	159	0	0	0	844	0	150	0	45	873	162	139	0	0	132	0	
3010.000000	0	13	197	957	157	0	0	0	845	0	147	0	45	869	163	139	0	0	136	0	
3020.000000	0	13	188	951	148	0	0	0	863	0	144	0	43	871	155	147	0	0	136	0	
3030.000000	0	13	181	945	148	0	0	0	847	0	135	0	42	868	156	152	0	0	132	0	
3040.000000	0	13	171	970	140	0	0	0	856	0	125	0	37	879	158	142	0	0	135	0	
3050.000000	0	12	162	992	135	0	0	0	861	0	123	0	43	877	150	138	0	0	139	0	
3060.000000	0	11	156	979	137	0	0	0	865	0	116	0	45	878	153	141	0	0	131	0	
3070.000000	0	10	143	941	137	0	0	0	857	0	120	0	46	883	155	146	0	0	132	0	
3080.000000	0	9	138	908	136	0	0	0	855	0	123	0	50	893	158	145	0	0	133	0	
3090.000000	0	9	130	921	136	0	0	0	866	0	125	0	50	894	149	146	0	0	138	0	
3100.000000	0	8	118	913	137	0	0	0	859	0	123	0	52	877	141	148	0	0	135	0	
3110.000000	0	6	106	897	140	0	0	0	870	0	117	0	54	875	132	142	0	0	135	0	
3120.000000	0	6	97	898	131	0	0	0	879	0	119	0	52	886	137	147	0	0	139	0	
3130.000000	0	6	94	883	137	0	0	0	871	0	118	0	50	891	137	144	0	0	134	0	
3140.000000	0	5	89	863	140	0	0	0	870	0	117	0	49	895	131	149	0	0	136	0	
3150.000000	0	4	82	851	138	0	0	0	881	0	124	0	49	914	135	140	0	0	137	0	
3160.000000	0	4	72	834	141	0	0	0	875	0	122	0	49	913	135	143	0	0	130	0	
3170.000000	0	3	70	822	142	0	0	0	869	0	121	0	49	906	144	143	0	0	131	0	
3180.000000	0	2	65	799	144	0	0	0	865	0	128	0	48	904	145	141	0	0	133	0	
3190.000000	0	2	55	778	138	0	0	0	873	0	137	0	49	913	145	144	0	0	131	0	
3200.000000	0	2	50	769	135	0	0	0	866	0	138	0	46	888	146	143	0	0	135	0	
3210.000000	0	2	43	728	139	0	0	0	856	0	135	0	48	863	143	148	0	0	132	0	
3220.000000	0	2	38	706	144	0	0	0	874	0	137	0	48	870	147	148	0	0	133	0	
3230.000000	0	2	36	668	146	0	0	0	873	0	136	0	46	854	151	147	0	0	129	0	
3240.000000	0	2	34	648	134	0	0	0	897	0	134	0	46	850	152	141	0	0	130	0	
3250.000000	0	2	34	620	131	0	0	0	919	0	138	0	45	829	152	146	0	0	126	0	
3260.000000	0	2	32	589	130	0	0	0	930	0	141	0	41	834	155	138	0	0	129	0	
3270.000000	0	2	31	567	139	0	0	0	925	0	141	0	44	831	162	140	0	0	120	0	
3280.000000	0	2	30	546	136	0	0	0	913	0	139	0	45	820	157	146	0	0	122	0	
3290.000000	0	2	27	518	133	0	0	0	907	0	137	0	45	835	163	145	0	0	117	0	
3300.000000	0	2	25	495	135	0	0	0	929	0	147	0	46	832	160	154	0	0	120	0	
3310.000000	0	2	25	464	132	0	0	0	919	0	149	0	48	834	158	158	0	0	118	0	
3320.000000	0	2	22	440	146	0	0	0	904	0	152	0	46	839	159	154	0	0	121	0	
3330.000000	0	2	22	412	143	0	0	0	904	0	156	0	45	841	174	153	0	0	122	0	
3340.000000	0	2	21	389	141	0	0	0	892	0	149	0	44	829	161	147	0	0	123	0	
3350.000000	0	2	18	376	149	0	0	0	904	0	159	0	41	826	167	147	0	0	123	0	
3360.000000	0	1	18	360	149	0	0	0	875	0	160	0	39	828	163	147	0	0	122	0	
3370.000000	0	1	16	343	148	0	0	0	883	0	157	0	36	839	169	148	0	0	126	0	
3380.000000	0	0	14	318	154	0	0	0	909	0	157	0	34	841	172	142	0	0	132	0	
3390.000000	0	0	12	304	160	0	0	0	895	0	166	0	34	862	162	140	0	0	129	0	
3400.000000	0	0	12	283	163	0	0	0	900	0	161	0	39	851	161	138	0	0	140	0	
3410.000000	0	0	11	258	155	0	0	0	896	0	159	0	39	842	157	131	0	0	130	0	
3420.000000	0	0	11	250	157	0	0	0	896	0	158	0	36	857	152	134	0	0	130	0	
3430.000000	0	0	10	230	157	0	0	0	901	0	160	0	38	858	152	136	0	0	130	0	
3440.000000	0	0	9	212	154	0	0	0	904	0	158	0	41	868	145	139	0	0	130	0	
3450.000000	0	0	8	196	153	0	0	0	906	0	152	0	39	881	145	131	0	0	131	0	
3460.000000	0	0	7	180	150	0	0	0	887	0	152	0	38	884	140	130	0	0	129	0	
3470.000000	0	0	6	168	143	0	0	0	901	0	153	0	38	904	140	128	0	0	133	0	
3480.000000	0	0	6	157	140	0	0	0	886	0	150	0	39	900	140	139	0	0	129	0	
3490.000000	0	0	6	139	140	0	0	0	886	0	152	0	40	895	137	141	0	0	124	0	
3500.000000	0	0	6	132	133	0	0	0	910	0	157	0	43	883	140	144	0	0	125	0	
3510.000000	0	0	6	129	135	0	0	0	907	0	157	0	44	874	137	142	0	0	126	0	
3520.000000	0	0	6	118	138	0	0	0	908	0	159	0	41	850	138	144	0	0	133	0	
3530.000000	0	0	6	110	138	0	0	0	897	0	157	0	45	857	144	140	0	0	139	0	
3540.000000	0	0	4	103	139	0	0	0	900	0	145	0	46	867	140	138	0	0	136	0	
3550.000000	0	0	3	98	140	0	0	0	899	0	155	0	44	885	133	140	0	0	133	0	
3560.000000	0	0	3	92	138	0	0	0	886	0	155	0	37	878	131	136	0	0	131	0	
3570.000000	1	0	3	85	139	0	0	0	864	0	151	0	39	874	129	136	0	0	129	0	
3580.000000	4	0	2	79	143	0	0	0	853	0	155	0	38	881	123	141	0	0	129	0	
3590.000000	4	0	2	73	140	0	0	0	838	0	158	0	47	897	115	139	0	0	128	0	
3600.000000	9	2	2	63	142	0	0	0	821	0	161	0	51	919	124	131	0	0	129	0	
3610.000000	18	8	5	59	140	0	0	0	823	0	152	0	49	902	123	130	0	0	126	0	
3620.000000	37	27	16	60	136	0	0	0	813	0	153	0	51	905	126	127	0	0	131	0	
3630.000000	39	59	49	73	136	0	0	0	828	0	148	0	55	917	127	136	0	0	132	0	
3640.000000	37	87	101	129	143	0	0	0	836	0	150	0	53	900	127	135	0	0	132	0	
3650.000000	29	112	168	195	140	0	0	0	847	0	156	0	52	894	122	137	0	0	132	0	
3660.000000	23	122	215	264	135	0	0	0	856	0	150	0	46	877	127	131	0	0	132	0	
3670.000000	21	123	278	312	132	0	0	0	869	0	149	0	48	892	125	128	0	0	134	0	
3680.000000	20	122	300	364	133	0	0	0	887	0	147	0	50	875	125	123	0	0	135	0	
3690.000000	20	129	343	402	132	0	0	0	864	0	140	0	52	859	128	121	0	0	127	0	
3700.000000	19	134	371	448	133	0	0	0	867	0	133	0	54	836	135	122	0	0	125	0	
3710.000000	19	121	416	524	132	0	0	0	853	0	138	0	56	867	134	123	0	0	123	0	
3720.000000	19	118	453	559	128	0	0	0	853	0	149	0	57	866	147	125	0	0	125	0	
3730.000000	14	119	489	592	129	0	0	0	849	0	151	0	57	866	155	132	0	0	129	0	
3740.000000	12	119	511	603	126	0	0	0	852	0	160	0	58	847	157	141	0	0	128	0	
3750.000000	10	114	531	653	125	0	0	0	870	0	161	0	57	832	163	143	0	0	119	0	
3760.000000	10	107	572	698	125	0	0	0	873	0	158	0	52	831	154	148	0	0	126	0	
3770.000000	9	106	599	712	121	0	0	0	850	0	157	0	49	826	149	139	0	0	138	0	
3780.000000	9	100	607	763	123	0	0	0	852	0	149	0	48	858	143	144	0	0	141	0	
3790.000000	9	96	608	780	121	0	0	0	859	0	142	0	47	845	140	142	0	0	130	0	
3800.000000	9	88	619	803	123	0	0	0	848	0	146	0	47	847	134	153	0	0	130	0	
3810.000000	9	82	628	800	121	0	0	0	857	0	147	0	44	843	137	148	0	0	122	0	
3820.000000	5	77	636	809	123	0	0	0	867	0	142	0	47	836	130	153	0	0	122	0	
3830.000000	4	78	635	827	130	0	0	0	876	0	144	0	45	849	129	155	0	0	123	0	
3840.000000	3	77	621	830	134	0	0	0	880	0	140	0	42	836	136	147	0	0	122	0	
3850.000000	2	70	624	857	129	0	0	0	844	0	142	0	43	842	141	149	0	0	123	0	
3860.000000	2	66	637	869	138	0	0	0	842	0	139	0	42	843	146	152	0	0	117	0	
3870.000000	2	59	626	877	136	0	0	0	844	0	137	0	43	844	146	150	0	0	118	0	
3880.000000	2	56	624	892	139	0	0	0	843	0	140	0	44	843	148	154	0	0	121	0	
3890.000000	2	52	608	923	138	0	0	0	823	0	139	0	39	866	150	150	0	0	124	0	
3900.000000	1	49	610	925	144	0	0	0	825	0	139	0	37	867	150	152	0	0	125	0	
3910.000000	0	45	596	919	145	0	0	0	833	0	141	0	38	860	143	150	0	0	127	0	
3920.000000	0	42	580	947	142	0	0	0	833	0	140	0	38	861	138	152	0	0	127	0	
3930.000000	0	37	554	953	138	0	0	0	844	0	139	0	40	857	137	144	0	0	130	0	
3940.000000	0	32	553	956	129	0	0	0	858	0	126	0	41	853	137	154	0	0	131	0	
3950.000000	0	32	527	965	135	0	0	0	863	0	127	0	43	868	132	156	0	0	136	0	
3960.000000	0	27	500	964	135	0	0	0	848	0	130	0	47	853	136	145	0	0	131	0	
3970.000000	0	25	474	977	135	0	0	0	847	0	131	0	47	847	131	146	0	0	126	0	
3980.000000	0	23	447	996	134	0	0	0	859	0	131	0	52	843	127	147	0	0	127	0	
3990.000000	0	20	432	1012	130	0	0	0	855	0	130	0	47	867	119	147	0	0	131	0	
4000.000000	0	18	405	1024	134	0	0	0	861	0	131	0	53	867	118	149	0	0	131	0	
4010.000000	0	16	379	1023	128	0	0	0	870	0	131	0	53	887	128	147	0	0	134	0	
4020.000000	0	15	360	998	124	0	0	0	852	0	127	0	52	890	123	136	0	0	130	0	
4030.000000	0	12	337	987	129	0	0	0	871	0	120	0	53	902	132	144	0	0	135	0	
4040.000000	0	12	310	991	127	0	0	0	874	0	123	0	46	896	135	140	0	0	130	0	
4050.000000	0	10	288	969	121	0	0	0	869	0	118	0	43	884	140	138	0	0	132	0	
4060.000000	0	9	272	950	124	0	0	0	906	0	109	0	49	873	140	137	0	0	131	0	
4070.000000	0	8	247	970	123	0	0	0	885	0	114	0	48	863	143	135	0	0	133	0	
4080.000000	0	7	230	964	123	0	0	0	910	0	114	0	47	858	140	141	0	0	133	0	
4090.000000	0	6	211	970	116	0	0	0	915	0	113	0	43	886	148	138	0	0	133	0	
4100.000000	0	5	194	974	115	0	0	0	914	0	117	0	40	879	141	131	0	0	125	0	
4110.000000	0	5	183	986	118	0	0	0	897	0	124	0	42	859	141	137	0	0	115	0	
4120.000000	0	5	163	968	129	0	0	0	894	0	127	0	46	851	143	135	0	0	125	0	
4130.000000	0	5	152	956	140	0	0	0	888	0	134	0	44	875	145	134	0	0	124	0	
4140.000000	0	5	141	929	135	0	0	0	895	0	136	0	48	858	148	134	0	0	122	0	
4150.000000	0	4	129	938	142	0	0	0	889	0	137	0	52	861	150	136	0	0	125	0	
4160.000000	0	4	114	935	146	0	0	0	900	0	134	0	51	851	150	130	0	0	118	0	
4170.000000	0	3	104	925	149	0	0	0	893	0	140	0	49	830	147	131	0	0	120	0	
4180.000000	0	3	92	921	154	0	0	0	882	0	147	0	45	833	152	129	0	0	115	0	
4190.000000	0	3	83	903	159	0	0	0	884	0	146	0	42	837	144	127	0	0	119	0	
4200.000000	0	3	73	904	154	0	0	0	868	0	149	0	39	817	144	132	0	0	118	0	
4210.000000	0	3	68	872	151	0	0	0	863	0	146	0	39	828	145	126	0	0	119	0	
4220.000000	0	3	61	848	146	0	0	0	861	0	150	0	41	827	155	127	0	0	116	0	
4230.000000	0	2	55	853	141	0	0	0	869	0	146	0	44	820	150	135	0	0	118	0	
4240.000000	0	2	52	825	138	0	0	0	868	0	141	0	43	821	148	143	0	0	118	0	
4250.000000	0	2	47	808	137	0	0	0	852	0	141	0	44	823	153	141	0	0	126	0	
4260.000000	0	2	41	769	137	0	0	0	845	0	142	0	41	826	153	135	0	0	124	0	
4270.000000	0	1	38	733	133	0	0	0	844	0	142	0	39	834	153	134	0	0	126	0	
4280.000000	0	1	36	712	144	0	0	0	840	0	139	0	37	830	158	123	0	0	126	0	
4290.000000	0	1	35	666	150	0	0	0	842	0	133	0	33	857	159	124	0	0	130	0	
4300.000000	0	1	32	629	149	0	0	0	849	0	133	0	33	881	158	130	0	0	129	0	
4310.000000	0	1	25	596	146	0	0	0	863	0	130	0	37	881	156	126	0	0	137	0	
4320.000000	0	1	22	570	144	0	0	0	864	0	132	0	40	883	152	132	0	0	134	0	
4330.000000	0	1	21	541	139	0	0	0	856	0	131	0	44	877	148	129	0	0	127	0	
4340.000000	0	1	19	507	138	0	0	0	867	0	136	0	43	876	143	122	0	0	134	0	
4350.000000	0	1	18	479	140	0	0	0	850	0	142	0	41	874	145	122	0	0	133	0	
4360.000000	0	1	18	459	138	0	0	0	845	0	136	0	37	864	141	118	0	0	130	0	
4370.000000	0	1	17	429	142	0	0	0	853	0	134	0	36	876	140	119	0	0	134	0	
4380.000000	0	1	16	388	139	0	0	0	845	0	137	0	39	862	140	112	0	0	131	0	
4390.000000	0	1	16	363	138	0	0	0	872	0	141	0	41	865	142	119	0	0	130	0	
4400.000000	0	1	14	343	139	0	0	0	866	0	135	0	48	842	142	119	0	0	126	0	
4410.000000	0	1	14	319	144	0	0	0	868	0	138	0	44	838	144	120	0	0	125	0	
4420.000000	0	1	13	300	147	0	0	0	841	0	143	0	43	874	148	125	0	0	117	0	
4430.000000	0	0	13	281	147	0	0	0	849	0	146	0	46	871	162	128	0	0	115	0	
4440.000000	0	0	13	271	146	0	0	0	849	0	151	0	47	870	163	123	0	0	120	0	
4450.000000	0	0	12	256	144	0	0	0	840	0	152	0	46	875	159	125	0	0	128	0	
4460.000000	0	0	11	241	140	0	0	0	834	0	160	0	46	878	155	138	0	0	134	0	
4470.000000	0	0	10	229	140	0	0	0	827	0	160	0	50	881	157	127	0	0	136	0	
4480.000000	0	0	9	214	137	0	0	0	816	0	153	0	46	864	159	131	0	0	130	0	
4490.000000	0	0	9	195	128	0	0	0	810	0	150	0	45	855	164	137	0	0	123	0	
4500.000000	0	0	8	181	129	0	0	0	824	0	147	0	45	849	164	132	0	0	124	0	
4510.000000	0	0	8	163	128	0	0	0	834	0	143	0	45	880	161	134	0	0	122	0	
4520.000000	0	0	8	156	138	0	0	0	839	0	138	0	44	898	155	125	0	0	123	0	
4530.000000	0	0	7	151	141	0	0	0	825	0	139	0	43	884	150	124	0	0	122	0	
4540.000000	0	0	6	142	127	0	0	0	820	0	148	0	40	875	143	126	0	0	125	0	
4550.000000	0	0	6	133	129	0	0	0	819	0	149	0	44	868	144	118	0	0	131	0	
4560.000000	0	0	5	120	132	0	0	0	826	0	143	0	46	880	149	123	0	0	125	0	
4570.000000	0	0	4	113	144	0	0	0	837	0	142	0	45	878	143	126	0	0	124	0	
4580.000000	0	0	4	106	150	0	0	0	821	0	139	0	49	867	147	121	0	0	122	0	
4590.000000	0	0	4	101	150	0	0	0	822	0	137	0	46	864	154	127	0	0	115	0	
4600.000000	0	0	3	95	153	0	0	0	833	0	135	0	45	845	160	133	0	0	119	0	
4610.000000	0	0	3	84	150	0	0	0	831	0	135	0	45	853	160	141	0	0	120	0	
4620.000000	0	0	3	79	151	0	0	0	840	0	134	0	48	859	158	145	0	0	125	0	
4630.000000	1	0	3	70	162	0	0	0	839	0	133	0	52	845	158	145	0	0	122	0	
4640.000000	4	0	2	63	158	0	0	0	846	0	134	0	51	854	154	140	0	0	133	0	
4650.000000	12	0	1	58	160	0	0	0	851	0	134	0	51	882	144	131	0	0	132	0	
4660.000000	43	25	4	48	159	0	0	0	846	0	139	0	50	868	141	131	0	0	121	0	
4670.000000	84	71	37	54	163	0	0	0	864	0	139	0	49	878	139	131	0	0	121	0	
4680.000000	84	117	97	108	162	0	0	0	872	0	138	0	50	856	143	130	0	0	125	0	
4690.000000	75	172	165	164	165	0	0	0	855	0	137	0	50	849	134	130	0	0	130	0	
4700.000000	66	228	226	222	164	0	0	0	873	0	138	0	46	889	138	125	0	0	131	0	
4710.000000	59	271	307	279	160	0	0	0	856	0	137	0	43	883	134	130	0	0	130	0	
4720.000000	48	302	362	358	155	0	0	0	850	0	142	0	46	885	122	124	0	0	124	0	
4730.000000	40	315	423	384	152	0	0	0	845	0	139	0	44	871	128	129	0	0	128	0	
4740.000000	35	312	457	444	153	0	0	0	845	0	143	0	45	871	123	123	0	0	129	0	
4750.000000	33	321	480	511	161	0	0	0	835	0	145	0	45	876	128	127	0	0	130	0	
4760.000000	29	318	537	579	156	0	0	0	859	0	146	0	47	869	128	121	0	0	131	0	
4770.000000	26	320	566	615	162	0	0	0	857	0	143	0	48	865	128	129	0	0	132	0	
4780.000000	26	318	579	660	165	0	0	0	856	0	141	0	47	861	123	125	0	0	131	0	
4790.000000	24	304	598	691	158	0	0	0	864	0	145	0	42	867	115	124	0	0	132	0	
4800.000000	19	284	641	707	149	0	0	0	866	0	144	0	45	868	118	131	0	0	132	0	
4810.000000	19	271	688	737	147	0	0	0	867	0	150	0	43	856	120	132	0	0	134	0	
4820.000000	16	249	728	762	148	0	0	0	862	0	146	0	44	851	114	126	0	0	130	0	
4830.000000	15	239	735	801	138	0	0	0	858	0	153	0	46	851	103	125	0	0	131	0	
4840.000000	13	230	755	813	147	0	0	0	862	0	151	0	53	871	106	130	0	0	128	0	
4850.000000	13	212	762	843	144	0	0	0	879	0	155	0	55	883	101	132	0	0	129	0	
4860.000000	13	200	767	841	143	0	0	0	896	0	156	0	55	886	97	139	0	0	122	0	
4870.000000	12	188	775	860	137	0	0	0	872	0	161	0	61	893	99	131	0	0	132	0	
4880.000000	12	179	777	883	137	0	0	0	870	0	164	0	63	868	103	137	0	0	125	0	
4890.000000	12	169	787	874	136	0	0	0	879	0	162	0	59	875	111	133	0	0	129	0	
4900.000000	11	159	808	893	135	0	0	0	868	0	162	0	63	864	110	127	0	0	131	0	
4910.000000	7	153	815	871	139	0	0	0	857	0	156	0	51	868	115	127	0	0	132	0	
4920.000000	7	137	807	881	132	0	0	0	857	0	161	0	59	862	116	129	0	0	137	0	
4930.000000	6	124	823	887	129	0	0	0	870	0	163	0	61	847	110	123	0	0	132	0	
4940.000000	5	119	824	909	127	0	0	0	872	0	163	0	59	821	112	121	0	0	131	0	
4950.000000	4	108	834	917	126	0	0	0	856	0	165	0	59	811	104	116	0	0	127	0	
4960.000000	3	100	828	916	131	0	0	0	847	0	161	0	63	819	100	116	0	0	130	0	
4970.000000	2	94	829	918	129	0	0	0	833	0	154	0	61	803	106	111	0	0	129	0	
4980.000000	2	83	824	915	133	0	0	0	835	0	154	0	63	803	110	115	0	0	126	0	
4990.000000	2	75	833	920	131	0	0	0	844	0	152	0	66	799	108	113	0	0	125	0	
5000.000000	1	70	839	931	123	0	0	0	843	0	149	0	68	799	110	124	0	0	129	0	
5010.000000	1	64	803	924	127	0	0	0	852	0	154	0	62	792	105	128	0	0	131	0	
5020.000000	1	59	792	938	131	0	0	0	852	0	153	0	59	804	111	133	0	0	136	0	
5030.000000	0	56	779	944	125	0	0	0	867	0	144	0	57	798	105	126	0	0	136	0	
5040.000000	0	52	770	941	124	0	0	0	881	0	148	0	52	801	113	128	0	0	127	0	
5050.000000	0	48	752	951	121	0	0	0	872	0	150	0	54	817	116	127	0	0	128	0	
5060.000000	0	43	723	932	119	0	0	0	874	0	157	0	56	826	120	128	0	0	132	0	
5070.000000	0	39	701	927	117	0	0	0	881	0	152	0	50	834	125	127	0	0	132	0	
5080.000000	0	35	675	936	111	0	0	0	855	0	152	0	48	855	123	130	0	0	128	0	
5090.000000	0	32	624	944	116	0	0	0	856	0	153	0	48	853	124	129	0	0	128	0	
5100.000000	0	31	595	966	110	0	0	0	854	0	153	0	52	874	117	133	0	0	137	0	
5110.000000	0	26	575	951	106	0	0	0	851	0	144	0	52	878	116	135	0	0	139	0	
5120.000000	0	22	539	953	101	0	0	0	848	0	144	0	53	879	116	128	0	0	141	0	
5130.000000	0	22	512	945	102	0	0	0	858	0	151	0	45	871	116	122	0	0	139	0	
5140.000000	0	19	480	973	99	0	0	0	857	0	147	0	49	889	118	123	0	0	140	0	
5150.000000	0	14	458	1005	104	0	0	0	855	0	150	0	50	894	115	126	0	0	145	0	
5160.000000	0	14	422	1009	105	0	0	0	875	0	139	0	54	893	118	130	0	0	140	0	
5170.000000	0	14	397	1018	104	0	0	0	889	0	138	0	55	898	113	138	0	0	131	0	
5180.000000	0	14	377	993	101	0	0	0	887	0	134	0	52	901	112	135	0	0	136	0	
5190.000000	0	14	348	992	107	0	0	0	899	0	132	0	55	887	116	136	0	0	138	0	
5200.000000	0	13	324	996	105	0	0	0	910	0	136	0	54	888	116	128	0	0	132	0	
5210.000000	0	11	302	986	108	0	0	0	915	0	132	0	54	903	119	135	0	0	130	0	
5220.000000	0	10	282	982	110	0	0	0	917	0	123	0	54	907	114	133	0	0	132	0	
5230.000000	0	9	263	987	111	0	0	0	912	0	121	0	52	906	114	130	0	0	134	0	
5240.000000	0	8	244	994	115	0	0	0	916	0	128	0	47	912	121	139	0	0	130	0	
5250.000000	0	8	223	983	114	0	0	0	906	0	132	0	50	898	123	142	0	0	124	0	
5260.000000	0	7	204	971	105	0	0	0	912	0	141	0	49	896	126	141	0	0	127	0	
5270.000000	0	6	193	955	106	0	0	0	903	0	140	0	45	901	122	135	0	0	131	0	
5280.000000	0	6	180	951	107	0	0	0	906	0	144	0	46	900	124	135	0	0	137	0	
5290.000000	0	6	169	943	107	0	0	0	894	0	139	0	43	915	120	140	0	0	142	0	
5300.000000	0	6	157	937	105	0	0	0	891	0	136	0	51	915	120	139	0	0	141	0	
5310.000000	0	4	152	940	103	0	0	0	889	0	135	0	48	911	114	136	0	0	137	0	
5320.000000	0	4	134	935	98	0	0	0	879	0	131	0	48	924	121	136	0	0	136	0	
5330.000000	0	4	120	934	108	0	0	0	895	0	125	0	45	926	118	133	0	0	137	0	
5340.000000	0	4	116	918	117	0	0	0	928	0	131	0	48	940	118	133	0	0	133	0	
5350.000000	0	4	110	916	109	0	0	0	918	0	126	0	50	908	113	124	0	0	138	0	
5360.000000	0	4	103	925	110	0	0	0	913	0	122	0	48	890	111	129	0	0	136	0	
5370.000000	0	4	88	939	115	0	0	0	939	0	120	0	48	910	125	133	0	0	126	0	
5380.000000	0	4	87	911	115	0	0	0	932	0	120	0	51	914	125	130	0	0	128	0	
5390.000000	0	4	85	905	120	0	0	0	914	0	123	0	48	914	119	135	0	0	121	0	
5400.000000	0	4	79	870	110	0	0	0	915	0	122	0	51	900	132	134	0	0	120	0	
5410.000000	0	3	71	872	122	0	0	0	919	0	123	0	55	896	128	140	0	0	123	0	
5420.000000	0	2	65	833	121	0	0	0	928	0	123	0	58	889	125	132	0	0	131	0	
5430.000000	0	2	65	790	126	0	0	0	928	0	118	0	56	856	127	132	0	0	126	0	
5440.000000	0	1	58	779	119	0	0	0	916	0	123	0	53	864	125	131	0	0	121	0	
5450.000000	0	1	56	758	117	0	0	0	940	0	119	0	50	860	126	139	0	0	129	0	
5460.000000	0	1	49	734	114	0	0	0	921	0	120	0	52	849	128	139	0	0	127	0	
5470.000000	0	1	46	711	124	0	0	0	927	0	120	0	52	846	127	139	0	0	125	0	
5480.000000	0	1	38	690	115	0	0	0	930	0	123	0	49	845	126	140	0	0	134	0	
5490.000000	0	1	34	661	124	0	0	0	911	0	126	0	48	872	116	136	0	0	140	0	
5500.000000	0	1	28	631	117	0	0	0	919	0	134	0	49	856	113	146	0	0	136	0	
5510.000000	0	1	25	596	115	0	0	0	908	0	130	0	49	874	123	136	0	0	128	0	
5520.000000	0	1	24	574	116	0	0	0	885	0	127	0	50	872	123	133	0	0	126	0	
5530.000000	0	1	23	540	120	0	0	0	888	0	124	0	48	876	131	135	0	0	122	0	
5540.000000	0	1	20	505	123	0	0	0	900	0	125	0	48	868	127	138	0	0	117	0	
5550.000000	0	1	19	476	128	0	0	0	904	0	133	0	46	885	129	139	0	0	115	0	
5560.000000	0	1	18	444	125	0	0	0	899	0	132	0	47	878	130	146	0	0	115	0	
5570.000000	0	1	18	423	127	0	0	0	896	0	132	0	39	879	131	151	0	0	113	0	
5580.000000	0	1	17	392	122	0	0	0	891	0	131	0	36	889	128	150	0	0	118	0	
5590.000000	0	1	17	377	118	0	0	0	898	0	126	0	40	876	133	147	0	0	113	0	
5600.000000	0	1	17	352	126	0	0	0	903	0	129	0	37	888	134	141	0	0	120	0	
5610.000000	0	1	15	334	135	0	0	0	893	0	133	0	41	886	129	142	0	0	118	0	
5620.000000	0	1	15	315	129	0	0	0	886	0	130	0	41	870	129	143	0	0	125	0	
5630.000000	0	1	15	297	135	0	0	0	866	0	133	0	41	871	121	144	0	0	127	0	
5640.000000	0	1	14	286	135	0	0	0	860	0	132	0	45	862	134	147	0	0	121	0	
5650.000000	0	1	14	262	135	0	0	0	843	0	136	0	43	869	131	144	0	0	132	0	
5660.000000	0	1	14	239	132	0	0	0	850	0	141	0	41	877	124	145	0	0	135	0	
5670.000000	0	1	11	223	125	0	0	0	836	0	141	0	40	880	116	147	0	0	144	0	
5680.000000	0	1	9	206	120	0	0	0	835	0	130	0	38	892	112	142	0	0	140	0	
5690.000000	0	1	9	197	117	0	0	0	836	0	137	0	41	931	111	143	0	0	139	0	
5700.000000	0	1	9	196	116	0	0	0	813	0	132	0	43	944	112	147	0	0	140	0	
5710.000000	0	0	8	184	112	0	0	0	827	0	123	0	43	950	111	137	0	0	137	0	
5720.000000	0	0	8	175	107	0	0	0	850	0	118	0	46	946	112	136	0	0	140	0	
5730.000000	0	0	7	165	106	0	0	0	861	0	115	0	45	965	111	131	0	0	141	0	
5740.000000	0	0	7	153	106	0	0	0	851	0	115	0	47	964	113	133	0	0	135	0	
5750.000000	0	0	7	146	111	0	0	0	850	0	113	0	52	948	116	125	0	0	130	0	
5760.000000	0	0	7	130	118	0	0	0	844	0	114	0	53	960	118	129	0	0	132	0	
5770.000000	0	0	6	127	115	0	0	0	851	0	117	0	51	943	116	130	0	0	125	0	
5780.000000	0	0	5	118	110	0	0	0	862	0	119	0	52	938	120	130	0	0	125	0	
5790.000000	1	0	5	110	114	0	0	0	874	0	122	0	57	931	117	132	0	0	122	0	
5800.000000	1	0	5	104	118	0	0	0	879	0	122	0	56	934	121	130	0	0	125	0	
5810.000000	1	0	5	99	118	0	0	0	873	0	128	0	58	926	124	124	0	0	124	0	
5820.000000	1	0	5	93	116	0	0	0	866	0	128	0	56	920	123	128	0	0	122	0	
5830.000000	1	0	4	87	116	0	0	0	870	0	129	0	54	931	117	121	0	0	120	0	
5840.000000	1	0	4	77	116	0	0	0	851	0	128	0	58	927	122	120	0	0	121	0	
5850.000000	2	0	3	69	126	0	0	0	872	0	131	0	57	909	128	116	0	0	121	0	
5860.000000	4	0	3	66	131	0	0	0	866	0	129	0	56	925	125	114	0	0	129	0	
5870.000000	12	0	3	61	126	0	0	0	884	0	131	0	57	938	117	114	0	0	126	0	
5880.000000	24	10	3	59	122	0	0	0	889	0	130	0	61	928	117	117	0	0	129	0	
5890.000000	41	32	10	52	124	0	0	0	876	0	133	0	60	933	119	121	0	0	134	0	
5900.000000	59	77	53	70	120	0	0	0	879	0	131	0	60	920	121	124	0	0	137	0	
5910.000000	55	132	119	144	115	0	0	0	879	0	140	0	60	908	121	129	0	0	133	0	
5920.000000	53	160	182	211	122	0	0	0	860	0	137	0	61	905	120	131	0	0	125	0	
5930.000000	49	190	264	267	123	0	0	0	858	0	140	0	64	878	126	134	0	0	123	0	
5940.000000	43	208	316	337	129	0	0	0	838	0	144	0	60	873	129	137	0	0	129	0	
5950.000000	38	212	380	398	125	0	0	0	835	0	138	0	57	866	132	134	0	0	131	0	
5960.000000	36	220	434	443	131	0	0	0	840	0	141	0	56	861	131	134	0	0	131	0	
5970.000000	34	237	460	476	119	0	0	0	832	0	144	0	57	863	128	133	0	0	127	0	
5980.000000	30	237	524	503	121	0	0	0	820	0	135	0	56	863	129	132	0	0	124	0	
5990.000000	27	234	569	534	123	0	0	0	821	0	136	0	54	870	134	130	0	0	122	0	
6000.000000	26	234	597	579	123	0	0	0	826	0	143	0	57	862	134	130	0	0	123	0	
6010.000000	24	236	623	622	123	0	0	0	835	0	144	0	55	852	130	137	0	0	126	0	
6020.000000	23	230	663	661	125	0	0	0	845	0	151	0	52	870	133	142	0	0	124	0	
6030.000000	23	219	699	691	132	0	0	0	841	0	147	0	49	859	132	137	0	0	126	0	
6040.000000	21	213	712	708	129	0	0	0	860	0	138	0	49	847	136	140	0	0	133	0	
6050.000000	20	200	730	736	129	0	0	0	886	0	141	0	51	849	140	139	0	0	133	0	
6060.000000	19	195	742	769	133	0	0	0	892	0	144	0	47	846	136	141	0	0	135	0	
6070.000000	19	197	767	765	132	0	0	0	890	0	140	0	43	859	138	140	0	0	127	0	
6080.000000	18	192	773	803	146	0	0	0	888	0	139	0	47	847	138	138	0	0	118	0	
6090.000000	17	178	777	808	144	0	0	0	872	0	136	0	50	837	135	136	0	0	116	0	
6100.000000	17	176	776	825	142	0	0	0	876	0	137	0	50	842	133	138	0	0	117	0	
6110.000000	15	162	790	850	148	0	0	0	894	0	134	0	45	842	141	134	0	0	122	0	
6120.000000	13	161	802	844	150	0	0	0	885	0	134	0	45	859	138	132	0	0	119	0	
6130.000000	12	148	792	830	145	0	0	0	873	0	135	0	44	859	145	134	0	0	128	0	
6140.000000	12	141	795	855	138	0	0	0	888	0	131	0	42	856	143	131	0	0	124	0	
6150.000000	11	130	825	857	137	0	0	0	890	0	137	0	40	854	146	140	0	0	121	0	
6160.000000	10	124	820	860	141	0	0	0	872	0	137	0	42	839	151	132	0	0	121	0	
6170.000000	9	117	816	882	140	0	0	0	860	0	133	0	41	834	150	134	0	0	125	0	
6180.000000	9	108	822	880	138	0	0	0	840	0	128	0	40	827	144	131	0	0	126	0	
6190.000000	7	102	819	887	140	0	0	0	858	0	128	0	38	839	140	136	0	0	126	0	
6200.000000	6	89	824	915	141	0	0	0	846	0	128	0	38	834	147	142	0	0	120	0	
6210.000000	6	85	820	938	147	0	0	0	856	0	128	0	40	848	142	138	0	0	121	0	
6220.000000	6	79	828	929	152	0	0	0	847	0	133	0	41	855	143	131	0	0	126	0	
6230.000000	5	70	813	955	156	0	0	0	858	0	133	0	38	862	144	126	0	0	125	0	
6240.000000	5	62	789	949	145	0	0	0	845	0	140	0	43	859	135	125	0	0	127	0	
6250.000000	5	57	772	951	153	0	0	0	830	0	135	0	37	869	129	129	0	0	131	0	
6260.000000	5	54	745	957	154	0	0	0	846	0	131	0	41	862	123	128	0	0	137	0	
6270.000000	5	48	731	963	159	0	0	0	837	0	127	0	41	878	124	129	0	0	141	0	
6280.000000	5	42	694	966	154	0	0	0	819	0	132	0	45	865	122	128	0	0	138	0	
6290.000000	5	38	665	967	149	0	0	0	804	0	126	0	43	869	122	130	0	0	138	0	
6300.000000	5	35	647	963	148	0	0	0	808	0	129	0	46	889	128	132	0	0	136	0	
6310.000000	5	33	623	960	153	0	0	0	817	0	126	0	44	877	129	137	0	0	133	0	
6320.000000	3	26	593	968	144	0	0	0	812	0	128	0	42	896	122	136	0	0	127	0	
6330.000000	3	25	555	965	141	0	0	0	802	0	137	0	50	876	127	133	0	0	132	0	
6340.000000	3	24	524	979	137	0	0	0	805	0	141	0	57	860	130	132	0	0	138	0	
6350.000000	3	24	486	998	134	0	0	0	815	0	136	0	55	843	127	127	0	0	134	0	
6360.000000	2	20	469	994	127	0	0	0	799	0	130	0	55	856	125	125	0	0	134	0	
6370.000000	2	18	437	1003	123	0	0	0	795	0	126	0	59	862	129	120	0	0	134	0	
6380.000000	2	17	411	1004	116	0	0	0	819	0	121	0	59	865	129	123	0	0	136	0	
6390.000000	2	15	392	1018	115	0	0	0	815	0	126	0	60	845	126	122	0	0	133	0	
6400.000000	2	15	371	1016	112	0	0	0	811	0	125	0	60	846	126	121	0	0	136	0	
6410.000000	2	14	358	987	118	0	0	0	821	0	123	0	61	856	126	123	0	0	132	0	
6420.000000	2	14	333	995	112	0	0	0	822	0	122	0	58	858	122	124	0	0	132	0	
6430.000000	2	13	306	989	116	0	0	0	841	0	120	0	54	860	121	125	0	0	133	0	
6440.000000	1	13	286	968	113	0	0	0	846	0	123	0	55	887	119	116	0	0	134	0	
6450.000000	1	12	266	970	110	0	0	0	860	0	117	0	54	899	127	114	0	0	138	0	
6460.000000	1	12	244	974	110	0	0	0	871	0	117	0	60	889	124	113	0	0	133	0	
6470.000000	1	11	230	984	109	0	0	0	871	0	121	0	56	885	128	108	0	0	132	0	
6480.000000	1	10	218	952	105	0	0	0	904	0	122	0	52	899	132	106	0	0	128	0	
6490.000000	1	9	205	952	108	0	0	0	890	0	129	0	51	914	135	101	0	0	124	0	
6500.000000	1	8	193	959	116	0	0	0	890	0	139	0	51	909	139	102	0	0	123	0	
6510.000000	1	7	171	956	119	0	0	0	879	0	136	0	51	902	134	111	0	0	121	0	
6520.000000	1	7	156	930	121	0	0	0	877	0	137	0	51	890	138	120	0	0	124	0	
6530.000000	1	7	148	911	115	0	0	0	878	0	138	0	52	890	137	124	0	0	122	0	
6540.000000	1	7	133	894	117	0	0	0	876	0	133	0	51	898	139	129	0	0	128	0	
6550.000000	0	7	126	890	112	0	0	0	876	0	136	0	52	917	133	120	0	0	132	0	
6560.000000	0	6	120	895	109	0	0	0	863	0	127	0	50	902	134	120	0	0	134	0	
6570.000000	0	6	118	893	105	0	0	0	877	0	127	0	47	904	136	116	0	0	126	0	
6580.000000	0	5	107	895	101	0	0	0	898	0	123	0	48	876	136	109	0	0	130	0	
6590.000000	0	5	100	911	109	0	0	0	896	0	126	0	48	879	137	104	0	0	132	0	
6600.000000	0	5	93	904	107	0	0	0	881	0	125	0	48	883	138	103	0	0	123	0	
6610.000000	0	5	86	892	109	0	0	0	860	0	128	0	50	880	141	101	0	0	136	0	
6620.000000	0	4	82	891	105	0	0	0	860	0	128	0	50	857	136	108	0	0	133	0	
6630.000000	0	4	78	871	106	0	0	0	851	0	125	0	46	850	128	103	0	0	129	0	
6640.000000	0	4	69	863	116	0	0	0	853	0	124	0	46	864	138	110	0	0	132	0	
6650.000000	0	4	64	842	110	0	0	0	874	0	123	0	47	885	131	118	0	0	132	0	
6660.000000	0	4	55	832	110	0	0	0	890	0	118	0	52	868	128	108	0	0	133	0	
6670.000000	0	4	47	796	112	0	0	0	877	0	117	0	51	871	135	110	0	0	133	0	
6680.000000	0	4	43	773	116	0	0	0	870	0	115	0	47	856	140	109	0	0	135	0	
6690.000000	0	4	39	734	118	0	0	0	874	0	113	0	52	865	138	107	0	0	132	0	
6700.000000	0	4	37	693	119	0	0	0	878	0	117	0	50	854	137	110	0	0	134	0	
6710.000000	0	3	34	647	125	0	0	0	884	0	116	0	46	837	143	120	0	0	136	0	
6720.000000	0	2	32	616	121	0	0	0	889	0	119	0	44	832	145	120	0	0	138	0	
6730.000000	0	2	30	599	122	0	0	0	893	0	123	0	44	856	144	121	0	0	130	0	
6740.000000	0	2	28	572	127	0	0	0	883	0	125	0	41	849	146	120	0	0	134	0	
6750.000000	0	2	27	548	125	0	0	0	899	0	122	0	41	850	143	118	0	0	135	0	
6760.000000	0	2	24	507	128	0	0	0	875	0	125	0	39	858	148	122	0	0	139	0	
6770.000000	0	1	21	481	130	0	0	0	866	0	130	0	43	847	139	124	0	0	144	0	
6780.000000	0	1	18	435	124	0	0	0	884	0	122	0	45	843	137	119	0	0	142	0	
6790.000000	0	1	16	405	124	0	0	0	893	0	112	0	46	841	136	114	0	0	139	0	
6800.000000	0	1	15	384	125	0	0	0	880	0	109	0	42	855	134	113	0	0	138	0	
6810.000000	0	0	14	364	125	0	0	0	860	0	104	0	46	851	125	111	0	0	140	0	
6820.000000	0	0	12	343	129	0	0	0	856	0	105	0	50	848	125	111	0	0	141	0	
6830.000000	0	0	10	314	124	0	0	0	862	0	108	0	47	844	127	107	0	0	139	0	
6840.000000	0	0	10	292	120	0	0	0	874	0	109	0	49	866	136	103	0	0	126	0	
6850.000000	0	0	10	272	127	0	0	0	886	0	100	0	49	889	135	108	0	0	128	0	
6860.000000	0	0	9	255	122	0	0	0	875	0	114	0	52	893	129	114	0	0	128	0	
6870.000000	0	0	8	233	122	0	0	0	874	0	112	0	53	917	134	109	0	0	123	0	
6880.000000	0	0	8	209	120	0	0	0	885	0	105	0	51	913	139	112	0	0	129	0	
6890.000000	0	0	8	201	111	0	0	0	877	0	110	0	50	893	146	118	0	0	129	0	
6900.000000	0	0	8	187	117	0	0	0	878	0	108	0	49	888	144	126	0	0	128	0	
6910.000000	0	0	6	179	125	0	0	0	903	0	104	0	50	876	141	130	0	0	128	0	
6920.000000	0	0	6	169	125	0	0	0	918	0	105	0	46	861	147	137	0	0	122	0	
6930.000000	0	0	4	160	129	0	0	0	923	0	108	0	50	870	147	126	0	0	123	0	
6940.000000	0	0	4	149	122	0	0	0	904	0	106	0	48	860	145	124	0	0	124	0	
6950.000000	0	0	4	141	119	0	0	0	899	0	110	0	47	848	144	122	0	0	133	0	
6960.000000	0	0	4	128	122	0	0	0	886	0	109	0	46	837	143	121	0	0	136	0	
6970.000000	0	0	3	122	124	0	0	0	885	0	107	0	47	831	146	119	0	0	136	0	
6980.000000	0	0	3	116	119	0	0	0	863	0	110	0	47	823	142	114	0	0	131	0	
6990.000000	0	0	3	109	118	0	0	0	859	0	100	0	47	817	136	111	0	0	133	0	
7000.000000	0	0	3	102	115	0	0	0	888	0	99	0	48	835	134	104	0	0	131	0	
7010.000000	0	0	3	94	114	0	0	0	893	0	100	0	47	842	130	101	0	0	134	0	
7020.000000	0	0	2	85	112	0	0	0	900	0	101	0	45	843	128	106	0	0	129	0	
7030.000000	0	0	2	76	113	0	0	0	890	0	101	0	43	838	140	112	0	0	123	0	
7040.000000	5	1	2	66	115	0	0	0	884	0	106	0	45	823	133	117	0	0	118	0	
7050.000000	10	1	2	63	116	0	0	0	873	0	113	0	47	816	130	121	0	0	117	0	
7060.000000	22	7	2	59	125	0	0	0	852	0	108	0	48	819	128	128	0	0	112	0	
7070.000000	36	30	11	56	134	0	0	0	855	0	114	0	51	821	124	132	0	0	120	0	
7080.000000	49	72	45	65	136	0	0	0	876	0	115	0	53	817	113	135	0	0	122	0	
7090.000000	47	99	106	93	135	0	0	0	878	0	115	0	56	830	122	142	0	0	126	0	
7100.000000	43	129	161	148	132	0	0	0	875	0	122	0	58	830	122	139	0	0	123	0	
7110.000000	39	153	219	212	137	0	0	0	896	0	130	0	58	841	121	145	0	0	118	0	
7120.000000	37	176	290	283	139	0	0	0	918	0	129	0	56	852	119	150	0	0	121	0	
7130.000000	34	196	345	346	141	0	0	0	906	0	129	0	55	872	123	151	0	0	130	0	
7140.000000	34	215	383	414	144	0	0	0	909	0	126	0	55	862	118	146	0	0	129	0	
7150.000000	31	216	422	464	148	0	0	0	905	0	126	0	52	852	125	147	0	0	129	0	
7160.000000	31	220	466	500	146	0	0	0	897	0	129	0	50	865	132	143	0	0	125	0	
7170.000000	26	232	502	535	139	0	0	0	888	0	134	0	51	873	124	144	0	0	121	0	
7180.000000	25	228	540	588	147	0	0	0	884	0	132	0	48	884	114	153	0	0	128	0	
7190.000000	24	233	562	644	152	0	0	0	870	0	140	0	56	877	116	160	0	0	130	0	
7200.000000	19	225	588	669	145	0	0	0	867	0	138	0	52	869	122	161	0	0	132	0	
7210.000000	16	214	610	674	143	0	0	0	867	0	130	0	54	871	124	157	0	0	135	0	
7220.000000	16	195	634	687	135	0	0	0	862	0	127	0	52	862	126	155	0	0	136	0	
7230.000000	15	182	669	708	140	0	0	0	856	0	119	0	48	852	131	158	0	0	123	0	
7240.000000	11	177	686	731	140	0	0	0	850	0	119	0	51	861	126	167	0	0	130	0	
7250.000000	11	166	693	771	135	0	0	0	849	0	126	0	48	846	124	164	0	0	131	0	
7260.000000	11	164	715	798	137	0	0	0	848	0	127	0	45	838	121	152	0	0	140	0	
7270.000000	11	157	739	797	143	0	0	0	835	0	121	0	45	825	120	151	0	0	142	0	
7280.000000	10	150	743	815	143	0	0	0	830	0	114	0	46	816	119	147	0	0	141	0	
7290.000000	6	137	755	824	142	0	0	0	821	0	112	0	48	834	122	145	0	0	137	0	
7300.000000	6	123	779	850	146	0	0	0	826	0	107	0	50	837	118	136	0	0	135	0	
7310.000000	6	111	800	866	148	0	0	0	839	0	105	0	53	843	117	135	0	0	134	0	
7320.000000	6	105	790	876	143	0	0	0	841	0	114	0	53	866	113	133	0	0	128	0	
7330.000000	5	97	797	882	142	0	0	0	831	0	110	0	54	846	110	139	0	0	125	0	
7340.000000	5	88	781	902	137	0	0	0	819	0	112	0	56	851	114	137	0	0	129	0	
7350.000000	5	82	764	887	133	0	0	0	826	0	116	0	58	853	105	143	0	0	130	0	
7360.000000	5	70	757	900	138	0	0	0	830	0	117	0	60	853	109	143	0	0	133	0	
7370.000000	5	66	742	904	134	0	0	0	842	0	115	0	55	843	113	138	0	0	132	0	
7380.000000	4	61	737	906	132	0	0	0	862	0	120	0	56	857	111	137	0	0	127	0	
7390.000000	3	55	711	881	132	0	0	0	852	0	118	0	55	852	118	137	0	0	124	0	
7400.000000	2	51	718	878	130	0	0	0	862	0	123	0	55	848	120	134	0	0	130	0	
7410.000000	2	45	700	890	132	0	0	0	863	0	121	0	63	861	117	146	0	0	133	0	
7420.000000	2	40	675	889	130	0	0	0	862	0	125	0	63	857	117	142	0	0	129	0	
7430.000000	2	37	657	891	121	0	0	0	864	0	129	0	56	864	119	140	0	0	127	0	
7440.000000	2	34	634	908	116	0	0	0	866	0	129	0	56	849	117	142	0	0	127	0	
7450.000000	1	27	601	917	123	0	0	0	880	0	138	0	52	852	108	141	0	0	123	0	
7460.000000	1	26	577	923	129	0	0	0	896	0	138	0	52	851	117	141	0	0	123	0	
7470.000000	1	21	530	926	129	0	0	0	902	0	143	0	50	857	126	132	0	0	130	0	
7480.000000	1	20	501	928	133	0	0	0	907	0	149	0	49	869	126	127	0	0	128	0	
7490.000000	1	18	473	940	127	0	0	0	909	0	158	0	46	883	130	129	0	0	125	0	
7500.000000	1	17	439	961	127	0	0	0	899	0	158	0	47	861	135	134	0	0	121	0	
7510.000000	1	15	412	965	127	0	0	0	888	0	157	0	48	858	135	136	0	0	127	0	
7520.000000	1	14	396	972	128	0	0	0	894	0	165	0	46	866	135	142	0	0	120	0	
7530.000000	1	13	358	982	131	0	0	0	910	0	161	0	47	855	138	139	0	0	118	0	
7540.000000	1	11	330	956	130	0	0	0	879	0	156	0	46	845	136	136	0	0	124	0	
7550.000000	1	11	307	975	139	0	0	0	878	0	155	0	48	850	139	128	0	0	123	0	
7560.000000	1	10	286	990	136	0	0	0	886	0	156	0	46	830	134	129	0	0	119	0	
7570.000000	1	10	266	1008	134	0	0	0	885	0	158	0	47	831	140	128	0	0	116	0	
7580.000000	1	9	241	993	123	0	0	0	885	0	155	0	43	833	145	137	0	0	115	0	
7590.000000	1	7	225	977	123	0	0	0	906	0	162	0	44	840	150	131	0	0	112	0	
7600.000000	1	7	209	980	125	0	0	0	910	0	164	0	41	837	148	134	0	0	123	0	
7610.000000	1	6	193	964	117	0	0	0	895	0	161	0	46	852	153	132	0	0	118	0	
7620.000000	1	4	173	944	121	0	0	0	895	0	161	0	44	852	150	140	0	0	122	0	
7630.000000	1	3	162	919	122	0	0	0	889	0	159	0	44	858	154	144	0	0	128	0	
7640.000000	1	3	148	904	124	0	0	0	884	0	156	0	40	845	149	134	0	0	127	0	
7650.000000	1	3	137	914	130	0	0	0	908	0	151	0	39	842	147	133	0	0	134	0	
7660.000000	1	3	126	906	126	0	0	0	917	0	148	0	36	844	145	139	0	0	129	0	
7670.000000	1	3	115	900	127	0	0	0	932	0	137	0	35	835	145	138	0	0	136	0	
7680.000000	1	3	109	902	128	0	0	0	948	0	143	0	45	859	145	142	0	0	137	0	
7690.000000	1	3	101	916	131	0	0	0	977	0	138	0	45	883	142	136	0	0	139	0	
7700.000000	1	3	93	900	128	0	0	0	958	0	138	0	45	897	138	133	0	0	136	0	
7710.000000	1	3	87	878	132	0	0	0	952	0	135	0	44	902	134	123	0	0	139	0	
7720.000000	1	2	76	867	129	0	0	0	936	0	135	0	47	894	122	128	0	0	135	0	
7730.000000	1	2	69	847	132	0	0	0	937	0	130	0	47	901	128	124	0	0	129	0	
7740.000000	1	2	65	818	131	0	0	0	919	0	122	0	47	897	123	122	0	0	142	0	
7750.000000	1	2	56	791	127	0	0	0	920	0	122	0	48	913	121	119	0	0	138	0	
7760.000000	1	2	49	767	134	0	0	0	907	0	125	0	50	920	119	111	0	0	135	0	
7770.000000	1	2	45	749	127	0	0	0	928	0	126	0	50	926	118	109	0	0	133	0	
7780.000000	1	2	41	744	130	0	0	0	927	0	129	0	53	926	117	108	0	0	134	0	
7790.000000	1	2	39	727	130	0	0	0	932	0	120	0	53	910	115	115	0	0	139	0	
7800.000000	1	1	32	689	127	0	0	0	934	0	118	0	53	912	115	109	0	0	137	0	
7810.000000	1	1	28	652	123	0	0	0	920	0	129	0	50	899	115	108	0	0	135	0	
7820.000000	1	1	26	618	137	0	0	0	940	0	132	0	52	903	117	106	0	0	136	0	
7830.000000	1	1	25	583	150	0	0	0	943	0	136	0	52	890	121	105	0	0	131	0	
7840.000000	1	1	24	545	150	0	0	0	918	0	126	0	54	882	125	108	0	0	128	0	
7850.000000	1	1	24	512	141	0	0	0	912	0	126	0	51	893	121	106	0	0	136	0	
7860.000000	1	1	22	490	149	0	0	0	899	0	117	0	48	871	118	108	0	0	132	0	
7870.000000	1	1	20	468	150	0	0	0	883	0	110	0	49	875	114	109	0	0	128	0	
7880.000000	1	1	19	448	150	0	0	0	880	0	110	0	50	863	106	106	0	0	122	0	
7890.000000	1	1	16	419	145	0	0	0	864	0	109	0	51	867	109	118	0	0	125	0	
7900.000000	1	1	15	396	138	0	0	0	855	0	107	0	49	871	106	115	0	0	127	0	
7910.000000	1	1	13	363	148	0	0	0	826	0	113	0	54	842	111	117	0	0	130	0	
7920.000000	1	1	13	337	146	0	0	0	848	0	105	0	55	828	115	115	0	0	129	0	
7930.000000	1	1	12	311	146	0	0	0	848	0	102	0	55	815	117	110	0	0	126	0	
7940.000000	1	1	12	296	144	0	0	0	850	0	101	0	58	825	114	102	0	0	129	0	
7950.000000	1	1	12	270	142	0	0	0	844	0	99	0	58	829	115	101	0	0	129	0	
7960.000000	1	2	11	258	138	0	0	0	838	0	105	0	59	827	118	104	0	0	130	0	
7970.000000	1	2	11	247	150	0	0	0	831	0	107	0	56	847	117	113	0	0	124	0	
7980.000000	1	2	11	229	145	0	0	0	819	0	97	0	54	860	118	108	0	0	126	0	
7990.000000	1	2	11	214	145	0	0	0	814	0	98	0	51	837	116	112	0	0	129	0	
8000.000000	1	2	10	200	142	0	0	0	827	0	102	0	48	854	110	114	0	0	131	0	
8010.000000	0	2	10	185	143	0	0	0	816	0	105	0	51	859	109	110	0	0	131	0	
8020.000000	0	1	7	166	137	0	0	0	819	0	103	0	53	865	109	110	0	0	130	0	
8030.000000	0	1	7	149	136	0	0	0	820	0	100	0	52	862	114	116	0	0	130	0	
8040.000000	0	1	7	131	132	0	0	0	809	0	96	0	57	866	108	123	0	0	125	0	
8050.000000	0	1	6	123	139	0	0	0	808	0	102	0	58	868	115	123	0	0	124	0	
8060.000000	0	1	6	117	142	0	0	0	811	0	109	0	57	868	117	134	0	0	131	0	
8070.000000	0	1	5	107	142	0	0	0	794	0	110	0	59	871	111	133	0	0	136	0	
8080.000000	0	1	5	99	140	0	0	0	808	0	117	0	59	869	113	132	0	0	136	0	
8090.000000	1	2	5	90	141	0	0	0	800	0	119	0	58	854	110	128	0	0	138	0	
8100.000000	1	2	5	80	142	0	0	0	789	0	111	0	65	860	107	136	0	0	136	0	
8110.000000	4	2	5	68	142	0	0	0	791	0	107	0	72	877	103	131	0	0	134	0	
8120.000000	7	1	4	60	142	0	0	0	788	0	107	0	68	880	107	125	0	0	136	0	
8130.000000	26	10	4	51	139	0	0	0	792	0	106	0	67	885	102	127	0	0	133	0	
8140.000000	63	49	21	47	142	0	0	0	825	0	105	0	66	880	103	131	0	0	136	0	
8150.000000	86	115	73	86	138	0	0	0	836	0	114	0	72	869	100	135	0	0	132	0	
8160.000000	77	161	147	143	133	0	0	0	841	0	110	0	68	861	98	135	0	0	128	0	
8170.000000	73	203	192	210	137	0	0	0	850	0	101	0	68	857	98	137	0	0	121	0	
8180.000000	68	236	250	278	145	0	0	0	871	0	108	0	65	863	102	142	0	0	123	0	
8190.000000	62	265	308	331	134	0	0	0	878	0	109	0	64	851	107	145	0	0	120	0	
8200.000000	59	295	366	386	144	0	0	0	866	0	113	0	60	857	113	139	0	0	114	0	
8210.000000	57	334	421	413	157	0	0	0	866	0	120	0	59	857	117	147	0	0	110	0	
8220.000000	54	352	486	458	155	0	0	0	840	0	126	0	52	865	133	153	0	0	111	0	
8230.000000	49	371	529	508	155	0	0	0	836	0	122	0	55	848	142	162	0	0	122	0	
8240.000000	43	380	563	563	159	0	0	0	855	0	130	0	53	858	138	157	0	0	118	0	
8250.000000	41	386	592	602	152	0	0	0	851	0	137	0	54	870	130	152	0	0	125	0	
8260.000000	41	389	621	650	150	0	0	0	856	0	139	0	49	861	135	145	0	0	120	0	
8270.000000	38	390	640	670	152	0	0	0	873	0	139	0	50	869	132	140	0	0	128	0	
8280.000000	35	373	681	690	156	0	0	0	859	0	138	0	45	871	132	137	0	0	127	0	
8290.000000	31	379	711	733	156	0	0	0	844	0	145	0	47	859	130	130	0	0	126	0	
8300.000000	29	375	715	744	150	0	0	0	840	0	141	0	52	865	127	131	0	0	138	0	
8310.000000	27	365	733	764	144	0	0	0	816	0	137	0	49	852	122	126	0	0	138	0	
8320.000000	25	358	746	765	142	0	0	0	791	0	131	0	52	858	127	121	0	0	141	0	
8330.000000	25	335	762	781	132	0	0	0	781	0	124	0	54	877	123	124	0	0	133	0	
8340.000000	23	328	799	824	137	0	0	0	769	0	124	0	59	881	128	127	0	0	138	0	
8350.000000	20	310	807	836	131	0	0	0	760	0	123	0	62	865	131	128	0	0	145	0	
8360.000000	19	290	840	847	130	0	0	0	771	0	122	0	60	856	127	126	0	0	143	0	
8370.000000	16	275	835	849	131	0	0	0	773	0	124	0	56	852	129	122	0	0	143	0	
8380.000000	16	260	849	857	132	0	0	0	792	0	120	0	56	855	135	120	0	0	136	0	
8390.000000	12	248	847	861	127	0	0	0	799	0	122	0	54	845	139	109	0	0	137	0	
8400.000000	12	239	849	876	128	0	0	0	800	0	121	0	49	833	133	105	0	0	137	0	
8410.000000	11	227	851	899	124	0	0	0	800	0	115	0	46	809	128	107	0	0	140	0	
8420.000000	11	220	852	895	126	0	0	0	812	0	114	0	48	828	128	104	0	0	132	0	
8430.000000	10	206	860	906	120	0	0	0	830	0	116	0	48	834	126	110	0	0	124	0	
8440.000000	10	190	853	896	123	0	0	0	843	0	116	0	47	846	127	110	0	0	123	0	
8450.000000	9	177	849	900	127	0	0	0	861	0	113	0	46	828	120	110	0	0	120	0	
8460.000000	7	164	842	894	140	0	0	0	878	0	110	0	47	814	125	115	0	0	119	0	
8470.000000	6	155	850	884	152	0	0	0	878	0	112	0	43	825	135	122	0	0	114	0	
8480.000000	6	142	861	891	155	0	0	0	855	0	114	0	40	826	136	123	0	0	118	0	
8490.000000	6	119	872	911	156	0	0	0	870	0	125	0	42	829	137	130	0	0	122	0	
8500.000000	6	113	850	941	158	0	0	0	868	0	124	0	40	839	137	142	0	0	118	0	
8510.000000	5	109	846	950	152	0	0	0	861	0	126	0	46	826	138	140	0	0	123	0	
8520.000000	5	103	825	961	143	0	0	0	869	0	128	0	47	825	144	135	0	0	129	0	
8530.000000	5	94	809	942	141	0	0	0	871	0	133	0	50	815	138	135	0	0	131	0	
8540.000000	4	90	796	950	144	0	0	0	877	0	126	0	49	829	130	132	0	0	129	0	
8550.000000	4	82	806	952	144	0	0	0	898	0	120	0	52	809	129	137	0	0	134	0	
8560.000000	4	78	810	967	143	0	0	0	894	0	116	0	55	836	118	133	0	0	131	0	
8570.000000	3	72	801	978	146	0	0	0	899	0	117	0	50	828	114	139	0	0	135	0	
8580.000000	3	67	788	996	141	0	0	0	866	0	112	0	51	831	118	135	0	0	136	0	
8590.000000	2	61	787	975	136	0	0	0	866	0	107	0	49	851	114	136	0	0	136	0	
8600.000000	1	55	782	977	132	0	0	0	868	0	110	0	53	847	118	144	0	0	132	0	
8610.000000	1	48	778	950	131	0	0	0	878	0	114	0	57	844	124	144	0	0	127	0	
8620.000000	1	46	753	952	130	0	0	0	866	0	119	0	52	843	131	146	0	0	124	0	
8630.000000	1	40	718	969	128	0	0	0	864	0	112	0	51	833	128	144	0	0	125	0	
8640.000000	1	35	686	983	121	0	0	0	856	0	113	0	51	842	130	146	0	0	129	0	
8650.000000	0	31	635	986	118	0	0	0	864	0	111	0	51	849	129	155	0	0	129	0	
8660.000000	0	30	610	996	120	0	0	0	857	0	115	0	51	873	127	163	0	0	130	0	
8670.000000	0	26	568	980	123	0	0	0	879	0	123	0	52	873	126	157	0	0	124	0	
8680.000000	0	24	541	985	115	0	0	0	879	0	124	0	48	876	135	151	0	0	119	0	
8690.000000	0	20	519	988	121	0	0	0	896	0	127	0	47	888	127	149	0	0	134	0	
8700.000000	0	20	489	985	121	0	0	0	872	0	125	0	47	887	127	153	0	0	133	0	
8710.000000	0	20	465	1006	117	0	0	0	870	0	125	0	49	884	125	146	0	0	129	0	
8720.000000	0	20	458	1007	113	0	0	0	869	0	129	0	47	889	122	146	0	0	133	0	
8730.000000	0	20	424	982	113	0	0	0	858	0	134	0	48	872	118	141	0	0	132	0	
8740.000000	0	19	406	978	108	0	0	0	877	0	127	0	49	882	117	140	0	0	131	0	
8750.000000	0	16	378	976	112	0	0	0	874	0	126	0	48	894	120	140	0	0	140	0	
8760.000000	0	14	350	967	117	0	0	0	884	0	123	0	49	884	116	139	0	0	140	0	
8770.000000	0	12	330	978	119	0	0	0	899	0	124	0	53	887	111	133	0	0	139	0	
8780.000000	0	12	300	986	121	0	0	0	910	0	117	0	54	890	107	125	0	0	133	0	
8790.000000	0	9	277	964	116	0	0	0	907	0	122	0	58	903	105	132	0	0	132	0	
8800.000000	0	7	255	969	117	0	0	0	930	0	124	0	62	888	111	136	0	0	128	0	
8810.000000	0	7	234	967	125	0	0	0	930	0	127	0	58	905	112	130	0	0	127	0	
8820.000000	0	7	213	970	129	0	0	0	923	0	127	0	59	905	113	133	0	0	127	0	
8830.000000	0	7	201	954	123	0	0	0	940	0	132	0	57	895	112	139	0	0	132	0	
8840.000000	0	7	186	959	118	0	0	0	941	0	140	0	60	896	114	136	0	0	127	0	
8850.000000	0	6	169	942	121	0	0	0	947	0	140	0	60	897	123	139	0	0	128	0	
8860.000000	0	6	156	942	118	0	0	0	947	0	143	0	59	904	118	139	0	0	137	0	
8870.000000	0	5	146	928	123	0	0	0	943	0	145	0	61	910	114	137	0	0	138	0	
8880.000000	0	4	134	939	117	0	0	0	943	0	148	0	60	897	113	135	0	0	137	0	
8890.000000	0	4	123	934	115	0	0	0	914	0	145	0	58	908	117	127	0	0	138	0	
8900.000000	0	4	117	931	112	0	0	0	910	0	150	0	54	927	121	125	0	0	134	0	
8910.000000	0	4	103	927	104	0	0	0	898	0	140	0	55	937	111	121	0	0	125	0	
8920.000000	0	4	94	905	114	0	0	0	896	0	149	0	54	947	116	132	0	0	124	0	
8930.000000	0	4	89	898	117	0	0	0	887	0	145	0	55	943	128	129	0	0	121	0	
8940.000000	0	4	75	894	120	0	0	0	881	0	149	0	59	947	125	132	0	0	123	0	
8950.000000	0	4	73	885	131	0	0	0	886	0	150	0	54	950	125	130	0	0	127	0	
8960.000000	0	4	73	903	121	0	0	0	888	0	152	0	52	949	123	130	0	0	124	0	
8970.000000	0	4	64	881	130	0	0	0	880	0	157	0	53	939	122	128	0	0	124	0	
8980.000000	0	4	58	854	125	0	0	0	881	0	154	0	58	933	126	133	0	0	126	0	
8990.000000	0	3	53	829	128	0	0	0	884	0	153	0	57	936	130	134	0	0	127	0	
9000.000000	0	3	52	811	135	0	0	0	909	0	157	0	53	940	133	138	0	0	122	0	
9010.000000	0	3	47	776	141	0	0	0	907	0	159	0	55	942	126	140	0	0	125	0	
9020.000000	0	2	46	747	143	0	0	0	886	0	164	0	57	956	126	145	0	0	123	0	
9030.000000	0	2	42	730	144	0	0	0	889	0	158	0	53	972	128	146	0	0	130	0	
9040.000000	0	2	40	708	142	0	0	0	890	0	151	0	50	948	127	147	0	0	124	0	
9050.000000	0	2	34	670	150	0	0	0	899	0	145	0	46	944	123	148	0	0	128	0	
9060.000000	0	2	30	655	151	0	0	0	887	0	142	0	49	938	128	145	0	0	124	0	
9070.000000	0	1	28	625	144	0	0	0	897	0	142	0	47	959	126	145	0	0	130	0	
9080.000000	0	1	26	586	133	0	0	0	885	0	138	0	44	971	123	144	0	0	130	0	
9090.000000	0	1	22	554	138	0	0	0	895	0	138	0	44	966	131	133	0	0	126	0	
9100.000000	0	1	22	531	131	0	0	0	881	0	136	0	44	952	135	135	0	0	130	0	
9110.000000	0	1	19	501	133	0	0	0	882	0	132	0	48	958	136	132	0	0	126	0	
9120.000000	0	1	18	472	139	0	0	0	903	0	139	0	50	956	134	131	0	0	122	0	
9130.000000	0	1	13	444	143	0	0	0	908	0	136	0	50	927	126	141	0	0	125	0	
9140.000000	0	1	11	416	148	0	0	0	893	0	133	0	48	917	133	146	0	0	124	0	
9150.000000	0	1	10	392	158	0	0	0	923	0	136	0	49	939	127	141	0	0	125	0	
9160.000000	0	1	9	359	155	0	0	0	895	0	138	0	45	931	130	144	0	0	116	0	
9170.000000	0	1	9	334	157	0	0	0	882	0	142	0	40	929	125	144	0	0	112	0	
9180.000000	0	1	8	313	156	0	0	0	886	0	140	0	39	920	129	142	0	0	117	0	
9190.000000	0	1	7	295	152	0	0	0	877	0	148	0	41	932	127	142	0	0	122	0	
9200.000000	0	1	7	279	149	0	0	0	868	0	153	0	43	921	126	148	0	0	126	0	
9210.000000	0	1	6	259	142	0	0	0	875	0	145	0	46	919	121	145	0	0	126	0	
9220.000000	0	0	6	243	135	0	0	0	873	0	148	0	45	922	129	138	0	0	122	0	
9230.000000	0	0	5	219	133	0	0	0	883	0	146	0	49	924	130	140	0	0	120	0	
9240.000000	0	0	5	199	134	0	0	0	884	0	148	0	51	895	127	134	0	0	120	0	
9250.000000	0	0	5	184	135	0	0	0	887	0	143	0	47	896	139	131	0	0	118	0	
9260.000000	0	0	4	174	138	0	0	0	891	0	138	0	48	906	139	129	0	0	119	0	
9270.000000	0	0	4	164	136	0	0	0	891	0	137	0	49	912	137	128	0	0	131	0	
9280.000000	0	0	4	155	134	0	0	0	870	0	140	0	48	894	139	123	0	0	130	0	
9290.000000	0	0	4	146	131	0	0	0	888	0	138	0	47	896	139	122	0	0	122	0	
9300.000000	0	0	4	127	139	0	0	0	887	0	143	0	49	890	142	128	0	0	118	0	
9310.000000	0	0	3	122	135	0	0	0	869	0	134	0	48	883	154	129	0	0	120	0	
9320.000000	0	0	2	112	132	0	0	0	864	0	131	0	47	906	149	138	0	0	120	0	
9330.000000	0	0	2	101	135	0	0	0	872	0	135	0	46	890	157	142	0	0	117	0	
9340.000000	0	0	1	95	136	0	0	0	870	0	138	0	46	901	166	153	0	0	126	0	
9350.000000	0	0	1	88	145	0	0	0	863	0	143	0	48	908	158	149	0	0	124	0	
9360.000000	0	0	1	83	150	0	0	0	851	0	143	0	48	900	158	141	0	0	130	0	
9370.000000	1	0	1	76	142	0	0	0	833	0	142	0	45	894	156	137	0	0	128	0	
9380.000000	2	0	1	70	146	0	0	0	844	0	144	0	48	905	149	142	0	0	127	0	
9390.000000	7	0	0	65	144	0	0	0	834	0	142	0	45	886	150	141	0	0	120	0	
9400.000000	11	3	0	61	149	0	0	0	833	0	145	0	46	882	154	144	0	0	119	0	
9410.000000	32	18	8	51	154	0	0	0	831	0	151	0	45	877	148	143	0	0	124	0	
9420.000000	70	58	35	57	158	0	0	0	811	0	141	0	47	863	151	143	0	0	128	0	
9430.000000	66	116	94	105	152	0	0	0	832	0	149	0	44	864	145	140	0	0	123	0	
9440.000000	60	153	166	160	148	0	0	0	848	0	142	0	43	862	153	139	0	0	124	0	
9450.000000	55	188	228	238	148	0	0	0	842	0	134	0	47	860	137	139	0	0	125	0	
9460.000000	43	210	272	287	145	0	0	0	855	0	136	0	47	854	139	135	0	0	124	0	
9470.000000	39	228	328	364	145	0	0	0	837	0	139	0	48	872	139	132	0	0	125	0	
9480.000000	38	235	406	427	153	0	0	0	847	0	138	0	47	877	147	136	0	0	128	0	
9490.000000	35	245	467	454	155	0	0	0	838	0	137	0	49	879	146	131	0	0	127	0	
9500.000000	33	251	521	485	154	0	0	0	833	0	134	0	43	872	151	133	0	0	135	0	
9510.000000	31	238	565	522	162	0	0	0	825	0	125	0	42	883	146	137	0	0	131	0	
9520.000000	27	240	619	560	163	0	0	0	822	0	121	0	47	881	152	131	0	0	131	0	
9530.000000	24	252	652	598	160	0	0	0	812	0	121	0	44	878	144	134	0	0	126	0	
9540.000000	22	239	692	618	163	0	0	0	810	0	121	0	41	892	141	131	0	0	130	0	
9550.000000	20	226	713	645	161	0	0	0	813	0	118	0	44	875	138	135	0	0	137	0	
9560.000000	19	201	754	668	153	0	0	0	818	0	123	0	45	890	138	134	0	0	135	0	
9570.000000	18	194	773	709	148	0	0	0	824	0	120	0	45	891	135	140	0	0	131	0	
9580.000000	18	197	778	731	144	0	0	0	822	0	124	0	40	908	137	138	0	0	133	0	
9590.000000	17	200	787	748	142	0	0	0	821	0	122	0	38	908	136	132	0	0	130	0	
9600.000000	13	196	810	760	144	0	0	0	827	0	120	0	44	903	142	144	0	0	132	0	
9610.000000	12	188	828	797	145	0	0	0	845	0	122	0	46	909	133	144	0	0	135	0	
9620.000000	11	176	834	821	142	0	0	0	848	0	122	0	42	911	133	137	0	0	128	0	
9630.000000	10	165	834	844	141	0	0	0	876	0	117	0	48	910	127	137	0	0	131	0	
9640.000000	10	152	860	849	139	0	0	0	893	0	124	0	47	910	127	134	0	0	137	0	
9650.000000	9	145	880	882	128	0	0	0	884	0	124	0	49	913	130	130	0	0	139	0	
9660.000000	8	140	863	912	132	0	0	0	901	0	122	0	48	900	130	134	0	0	133	0	
9670.000000	8	134	850	919	124	0	0	0	921	0	120	0	47	905	136	134	0	0	133	0	
9680.000000	8	121	846	926	120	0	0	0	923	0	116	0	50	919	124	133	0	0	129	0	
9690.000000	7	109	858	951	124	0	0	0	926	0	107	0	46	907	122	134	0	0	130	0	
9700.000000	6	103	838	936	126	0	0	0	922	0	107	0	43	922	128	134	0	0	133	0	
9710.000000	6	93	828	941	125	0	0	0	911	0	107	0	41	917	130	129	0	0	131	0	
9720.000000	6	87	809	945	135	0	0	0	911	0	108	0	46	928	119	132	0	0	131	0	
9730.000000	5	79	791	929	126	0	0	0	898	0	107	0	49	925	119	141	0	0	135	0	
9740.000000	5	72	785	959	115	0	0	0	880	0	103	0	48	922	122	144	0	0	127	0	
9750.000000	3	68	774	950	121	0	0	0	887	0	98	0	47	892	121	149	0	0	138	0	
9760.000000	3	63	759	932	121	0	0	0	889	0	94	0	43	882	129	148	0	0	137	0	
9770.000000	2	57	755	956	127	0	0	0	878	0	93	0	46	888	125	143	0	0	136	0	
9780.000000	2	51	730	955	125	0	0	0	873	0	94	0	49	871	124	136	0	0	135	0	
9790.000000	2	46	729	973	121	0	0	0	891	0	88	0	52	861	126	131	0	0	139	0	
9800.000000	2	42	713	984	123	0	0	0	915	0	91	0	53	862	122	137	0	0	131	0	
9810.000000	2	41	672	1000	126	0	0	0	937	0	97	0	50	856	126	136	0	0	132	0	
9820.000000	2	37	655	985	132	0	0	0	935	0	92	0	49	867	129	132	0	0	131	0	
9830.000000	2	33	633	963	134	0	0	0	934	0	95	0	43	871	132	126	0	0	132	0	
9840.000000	2	32	605	977	128	0	0	0	940	0	100	0	46	856	130	125	0	0	131	0	
9850.000000	2	29	562	1005	126	0	0	0	936	0	95	0	48	863	131	120	0	0	131	0	
9860.000000	2	26	536	1013	118	0	0	0	934	0	96	0	51	863	136	118	0	0	134	0	
9870.000000	1	24	510	1038	115	0	0	0	902	0	95	0	48	862	128	126	0	0	140	0	
9880.000000	1	22	497	1045	121	0	0	0	915	0	96	0	52	878	125	130	0	0	135	0	
9890.000000	1	20	472	1038	121	0	0	0	918	0	100	0	49	880	125	128	0	0	143	0	
9900.000000	1	19	434	1015	115	0	0	0	912	0	102	0	50	863	123	126	0	0	138	0	
9910.000000	1	15	413	1022	115	0	0	0	920	0	104	0	51	839	128	128	0	0	146	0	
9920.000000	0	14	372	1018	118	0	0	0	909	0	99	0	50	845	129	125	0	0	147	0	
9930.000000	0	13	353	1023	117	0	0	0	907	0	99	0	51	844	132	124	0	0	136	0	
9940.000000	0	12	327	1036	118	0	0	0	905	0	104	0	53	832	133	126	0	0	132	0	
9950.000000	0	11	305	1025	118	0	0	0	908	0	104	0	54	835	133	119	0	0	135	0	
9960.000000	0	9	283	1006	130	0	0	0	910	0	109	0	57	822	128	121	0	0	129	0	
9970.000000	0	9	260	1020	132	0	0	0	918	0	108	0	55	832	126	119	0	0	125	0	
9980.000000	0	9	238	1002	133	0	0	0	919	0	110	0	52	835	128	120	0	0	130	0	
9990.000000	0	9	227	997	142	0	0	0	907	0	112	0	45	836	118	112	0	0	124	0	
10000.000000	0	9	213	977	141	0	0	0	915	0	113	0	45	827	112	114	0	0	134	0	
