0.000000	10	10	10	10	10	10	0	0	0	0	0	0	0	0	0	0	0	0	0	0	
0.000000	11	10	10	10	10	10	0	0	0	0	0	0	0	0	0	0	0	0	0	0	
10.000000	78	46	30	19	39	10	52	68	26	0	5	0	46	0	4	71	12	11	0	77	
20.000000	129	118	99	59	101	61	67	91	102	0	36	0	52	0	28	152	50	58	0	146	
30.000000	117	183	167	133	161	117	64	86	179	0	98	0	56	0	39	208	78	135	0	201	
40.000000	109	234	221	194	241	162	67	76	241	0	153	0	55	0	44	273	112	199	0	258	
50.000000	103	283	286	253	292	197	63	68	297	0	235	0	54	0	43	347	138	263	0	280	
60.000000	95	335	356	311	331	236	62	63	347	0	303	0	54	0	43	418	161	323	0	301	
70.000000	88	380	417	365	383	260	57	55	368	0	347	0	48	0	35	474	180	398	0	317	
80.000000	78	424	466	404	442	281	53	51	402	0	404	0	42	0	32	502	188	468	0	351	
90.000000	72	443	516	471	496	289	49	49	424	0	454	0	38	0	30	531	185	518	0	383	
100.000000	70	464	548	512	558	303	44	47	441	0	503	0	35	0	29	564	185	544	0	415	
110.000000	67	490	592	563	592	314	44	44	457	0	546	0	32	0	27	602	183	583	0	443	
120.000000	61	510	627	614	602	323	37	43	465	0	578	0	30	0	24	644	180	619	0	472	
130.000000	55	545	651	668	651	323	32	39	487	0	635	0	27	0	22	675	171	650	0	496	
140.000000	52	551	681	691	682	333	28	37	484	0	678	0	27	0	19	673	161	679	0	517	
150.000000	45	548	695	719	696	326	26	32	489	0	701	0	25	0	18	710	142	684	0	540	
160.000000	39	537	720	750	740	321	25	30	483	0	721	0	25	0	15	728	138	722	0	568	
170.000000	38	526	748	762	764	331	22	27	472	0	756	0	24	0	17	738	135	747	0	591	
180.000000	37	515	776	810	786	327	17	27	465	0	790	0	23	0	15	780	121	757	0	609	
190.000000	32	500	789	825	807	317	14	25	456	0	822	0	23	0	14	775	115	772	0	642	
200.000000	31	483	784	829	815	298	11	24	446	0	839	0	20	0	13	798	110	791	0	663	
210.000000	30	459	830	850	817	287	12	23	436	0	848	0	20	0	13	803	101	817	0	689	
220.000000	28	439	843	859	844	284	11	21	408	0	846	0	20	0	13	817	92	819	0	678	
230.000000	26	423	868	877	867	278	10	19	395	0	873	0	20	0	11	828	89	831	0	722	
240.000000	26	403	892	885	881	265	11	14	379	0	874	0	17	0	10	822	86	829	0	751	
250.000000	24	388	913	895	890	253	11	11	371	0	899	0	16	0	9	836	78	856	0	770	
260.000000	20	353	920	904	902	228	10	10	366	0	907	0	15	0	6	845	71	875	0	775	
270.000000	20	328	931	906	909	211	9	10	349	0	921	0	12	0	5	850	64	867	0	814	
280.000000	17	308	950	908	923	200	10	10	339	0	935	0	11	0	5	869	62	889	0	827	
290.000000	16	281	953	928	928	175	10	11	305	0	978	0	9	0	6	875	58	894	0	833	
300.000000	16	262	966	921	954	154	9	10	287	0	981	0	7	0	8	879	51	912	0	868	
310.000000	16	253	970	909	950	138	9	10	271	0	975	0	7	0	8	892	47	935	0	906	
320.000000	16	234	991	919	977	131	9	9	256	0	994	0	6	0	8	922	43	942	0	918	
330.000000	13	210	994	921	981	121	9	7	236	0	1001	0	5	0	8	934	38	965	0	929	
340.000000	11	194	996	941	968	111	8	7	211	0	986	0	5	0	8	935	33	968	0	937	
350.000000	9	180	990	955	987	101	7	5	196	0	980	0	4	0	7	946	32	998	0	938	
360.000000	7	165	968	967	997	92	7	6	180	0	1002	0	2	0	7	951	28	974	0	961	
370.000000	7	150	954	967	1001	87	5	9	168	0	1015	0	3	0	7	960	25	982	0	973	
380.000000	5	141	920	951	981	86	5	14	152	0	1040	0	4	0	7	961	21	987	0	984	
390.000000	5	126	919	966	983	84	5	15	142	0	1026	0	4	0	5	967	20	988	0	981	
400.000000	4	120	918	973	959	88	5	17	132	0	1019	0	5	0	5	958	18	970	0	992	
410.000000	4	108	900	963	958	93	4	18	126	0	1013	0	5	0	5	955	17	987	0	990	
420.000000	4	99	880	982	962	97	4	16	116	0	1015	0	5	0	6	953	16	940	0	977	
430.000000	4	93	851	989	964	99	4	18	111	0	1016	0	6	0	5	961	15	907	0	996	
440.000000	4	86	831	970	981	99	3	14	100	0	1045	0	5	0	5	986	14	890	0	982	
450.000000	3	79	846	955	988	100	4	19	96	0	1064	0	5	0	5	987	14	890	0	982	
460.000000	3	72	827	938	985	98	4	21	86	0	1041	0	5	0	5	1001	12	882	0	989	
470.000000	3	64	814	948	1001	110	3	22	77	0	1019	0	5	0	5	1000	11	854	0	987	
480.000000	3	56	789	973	1009	124	2	28	72	0	1023	0	5	0	5	1003	10	826	0	1008	
490.000000	1	52	786	985	992	134	3	31	63	0	1005	0	6	0	4	987	11	804	0	1014	
500.000000	1	51	761	1012	1003	143	2	34	56	0	1022	0	6	0	4	998	11	806	0	1031	
510.000000	1	50	724	1008	1015	157	1	33	51	0	1029	0	6	0	4	997	11	790	0	1014	
520.000000	1	42	707	1017	991	170	1	30	45	0	1026	0	6	0	4	1013	10	760	0	1053	
530.000000	1	35	676	1011	981	186	1	31	43	0	1033	0	6	0	3	1010	9	718	0	1043	
540.000000	1	31	630	1010	986	196	1	32	39	0	1041	0	6	0	3	1027	9	692	0	1017	
550.000000	0	28	587	1005	980	202	0	33	83	0	1046	0	5	0	3	1019	9	682	0	1010	
560.000000	0	26	555	995	978	208	1	31	151	0	1026	0	4	0	3	1027	9	701	0	1001	
570.000000	0	24	520	997	982	208	1	29	239	0	1040	0	5	0	3	1033	8	717	0	1008	
580.000000	0	21	483	996	984	212	1	29	317	0	1032	0	5	0	3	1048	8	763	0	1009	
590.000000	0	17	429	994	997	217	1	27	402	0	1034	0	5	0	3	1047	7	789	0	1005	
600.000000	0	17	401	1000	986	211	2	28	478	0	1029	0	5	0	3	1051	5	818	0	997	
610.000000	0	15	371	995	983	207	3	29	531	0	1028	0	5	0	3	1035	5	847	0	998	
620.000000	0	15	350	984	989	218	4	29	573	0	1017	0	3	0	3	1035	6	829	0	1017	
630.000000	0	13	326	970	979	227	3	30	605	0	1009	0	2	0	2	1030	6	841	0	1013	
640.000000	0	11	311	974	979	224	2	30	632	0	1003	0	3	0	2	1050	6	857	0	1009	
650.000000	0	9	290	950	966	234	2	30	657	0	999	0	2	0	2	1031	6	879	0	1010	
660.000000	0	9	265	941	1010	237	2	30	690	0	1005	0	2	0	1	1039	6	890	0	1022	
670.000000	0	9	246	944	1025	232	2	29	705	0	1020	0	2	0	1	1029	5	881	0	1019	
680.000000	0	8	229	962	1012	221	2	31	726	0	1010	0	1	0	1	1028	5	873	0	1026	
690.000000	0	8	208	990	1022	224	1	28	737	0	997	0	1	0	1	1038	3	900	0	1015	
700.000000	0	8	191	994	1044	229	2	29	761	0	987	0	1	0	1	1024	3	880	0	1010	
710.000000	0	7	183	998	1046	231	2	28	779	0	993	0	1	0	1	1032	3	888	0	1000	
720.000000	0	6	168	982	1042	231	2	29	781	0	990	0	1	0	1	1021	3	916	0	981	
730.000000	0	6	154	981	1057	236	3	27	814	0	998	0	1	0	1	1013	3	917	0	968	
740.000000	0	6	139	993	1057	232	3	28	831	0	973	0	1	0	1	1007	3	931	0	984	
750.000000	0	4	125	983	1054	242	3	32	845	0	948	0	1	0	1	988	3	955	0	994	
760.000000	0	4	119	989	1030	256	3	30	827	0	951	0	1	0	1	1005	2	966	0	1023	
770.000000	0	4	112	961	1035	260	2	32	843	0	955	0	0	0	1	999	2	964	0	1010	
780.000000	0	4	100	929	1040	256	2	30	867	0	980	0	2	0	1	972	2	971	0	1018	
790.000000	0	4	86	924	1078	257	2	30	867	0	1019	0	2	0	1	995	2	992	0	1033	
800.000000	0	4	78	911	1047	260	1	28	887	0	1026	0	2	0	1	1003	1	989	0	1037	
810.000000	0	4	71	869	1050	265	1	27	865	0	1031	0	2	0	1	994	1	1008	0	1032	
820.000000	0	4	67	861	1044	254	1	29	858	0	1034	0	2	0	1	1001	1	1009	0	1013	
830.000000	0	3	59	828	1057	265	2	33	852	0	1023	0	3	0	1	996	1	1009	0	1028	
840.000000	0	3	53	807	1047	257	2	24	871	0	1003	0	2	0	1	998	1	1002	0	1018	
850.000000	0	3	45	780	1051	245	2	24	897	0	985	0	2	0	1	978	1	1002	0	1016	
860.000000	0	3	40	750	1050	235	2	20	905	0	976	0	2	0	1	946	1	984	0	1021	
870.000000	0	3	39	729	1029	228	2	22	928	0	945	0	3	0	1	945	1	997	0	1020	
880.000000	0	2	35	676	1030	225	2	25	938	0	945	0	1	0	1	960	0	996	0	1030	
890.000000	0	2	31	643	1028	227	2	22	934	0	958	0	1	0	1	964	0	970	0	1035	
900.000000	0	2	28	600	1019	225	3	22	938	0	945	0	1	0	1	984	0	970	0	1039	
910.000000	0	2	26	555	1016	226	2	29	951	0	954	0	0	0	0	993	0	970	0	1036	
920.000000	0	2	22	519	1002	219	3	27	967	0	973	0	0	0	0	1003	0	982	0	1041	
930.000000	0	2	22	489	971	224	3	27	975	0	975	0	0	0	0	1003	0	989	0	1041	
940.000000	0	2	21	463	973	225	2	30	977	0	985	0	0	0	0	989	0	981	0	1020	
950.000000	0	1	20	446	989	232	2	33	977	0	973	0	0	0	0	981	0	988	0	1011	
960.000000	0	1	17	429	998	242	2	33	977	0	999	0	0	0	0	1012	0	987	0	1014	
970.000000	0	1	14	392	1003	233	2	32	965	0	993	0	0	0	0	1012	0	986	0	1016	
980.000000	0	1	11	368	1001	234	2	31	978	0	988	0	0	0	0	1017	0	1002	0	1029	
990.000000	0	1	9	342	998	234	1	29	942	0	998	0	0	0	0	986	0	989	0	1008	
1000.000000	0	1	9	311	988	248	1	32	976	0	1005	0	0	0	0	1014	0	976	0	1020	
1010.000000	0	1	8	290	1014	247	1	33	973	0	995	0	0	0	0	1011	0	981	0	1027	
1020.000000	0	1	4	259	1009	246	0	31	973	0	986	0	1	0	0	996	0	959	0	1031	
1030.000000	0	1	3	238	1017	236	0	29	986	0	974	0	0	0	0	1013	0	963	0	1006	
1040.000000	0	0	3	208	1016	243	0	30	974	0	950	0	0	0	0	1029	0	956	0	989	
1050.000000	0	0	2	190	1014	249	0	33	963	0	952	0	0	0	0	1028	0	966	0	969	
1060.000000	0	0	1	176	1016	262	0	34	955	0	956	0	0	0	0	1018	0	956	0	959	
1070.000000	0	0	1	152	1027	265	2	37	958	0	964	0	0	0	0	1009	0	971	0	967	
1080.000000	0	0	1	134	1028	283	2	38	958	0	961	0	1	0	0	1021	0	976	0	979	
1090.000000	0	0	1	121	1028	295	2	39	963	0	971	0	0	0	0	1032	0	988	0	1002	
1100.000000	0	0	1	113	1009	305	3	41	958	0	965	0	1	0	0	1025	0	1030	0	991	
1110.000000	0	0	1	104	1005	311	3	40	938	0	943	0	1	0	0	998	0	1039	0	984	
1120.000000	0	0	1	95	998	317	4	38	958	0	920	0	0	0	0	993	0	1019	0	980	
1130.000000	0	0	1	89	997	314	5	36	977	0	912	0	1	0	0	992	0	1021	0	982	
1140.000000	1	0	0	76	1015	320	4	35	953	0	893	0	1	0	0	1008	0	1029	0	975	
1150.000000	1	0	0	70	1016	313	2	33	876	0	878	0	1	0	31	1005	0	1031	0	963	
1160.000000	8	1	0	59	1040	307	2	28	795	0	857	0	1	0	71	997	0	1019	0	926	
1170.000000	24	8	0	57	1036	303	2	29	735	0	823	0	1	0	108	1000	0	1017	0	864	
1180.000000	41	36	11	54	1046	311	2	30	702	0	808	0	2	0	105	1005	0	1008	0	803	
1190.000000	52	77	56	70	1041	306	2	31	672	0	793	0	5	0	108	1011	0	1021	0	754	
1200.000000	46	110	114	130	1045	302	2	31	657	0	789	0	6	0	113	1010	0	1007	0	700	
1210.000000	41	138	163	194	1027	305	2	29	651	0	797	0	6	0	101	1023	0	1010	0	642	
1220.000000	37	153	232	273	1005	301	3	27	639	0	800	0	6	0	98	1018	0	1039	0	606	
1230.000000	34	167	322	343	981	298	3	23	610	0	806	0	6	0	88	1001	0	1022	0	572	
1240.000000	31	178	375	402	967	284	2	20	566	0	833	0	6	0	79	976	0	1027	0	560	
1250.000000	27	177	438	457	967	277	4	20	537	0	843	0	6	0	76	965	0	1033	0	545	
1260.000000	24	180	484	489	970	263	5	16	505	0	858	0	6	0	68	973	0	1027	0	516	
1270.000000	23	176	518	503	977	251	4	15	468	0	870	0	5	0	65	978	0	1003	0	508	
1280.000000	22	176	553	551	978	236	5	14	440	0	887	0	5	0	63	974	0	1022	0	484	
1290.000000	20	173	597	609	968	218	3	16	414	0	878	0	4	0	59	967	0	1027	0	480	
1300.000000	18	169	606	641	950	208	5	17	386	0	870	0	4	0	55	961	0	1038	0	474	
1310.000000	18	165	635	678	954	207	6	16	366	0	876	0	3	0	49	960	0	1024	0	472	
1320.000000	14	159	674	685	952	197	6	17	345	0	893	0	3	0	48	988	0	1010	0	470	
1330.000000	13	146	693	705	960	184	8	16	323	0	921	0	3	0	40	970	0	1024	0	486	
1340.000000	13	134	711	752	955	167	10	17	301	0	921	0	2	0	36	998	0	1034	0	486	
1350.000000	12	128	725	766	945	159	11	19	281	0	908	0	2	0	34	990	0	1033	0	493	
1360.000000	11	116	730	786	952	156	10	18	258	0	922	0	2	0	30	999	0	1024	0	513	
1370.000000	10	111	743	806	975	154	11	18	245	0	918	0	2	0	27	1012	0	1039	0	539	
1380.000000	7	103	744	842	977	141	11	18	224	0	909	0	2	0	25	1007	0	1037	0	569	
1390.000000	7	98	763	857	960	141	11	19	202	0	929	0	3	0	21	999	0	1040	0	599	
1400.000000	7	89	748	865	973	143	11	20	183	0	929	0	3	0	20	992	0	1036	0	616	
1410.000000	5	74	745	883	999	143	10	24	171	0	917	0	3	0	18	1009	0	1013	0	641	
1420.000000	4	68	731	901	1016	144	9	25	156	0	926	0	4	0	17	992	0	1008	0	666	
1430.000000	4	62	718	928	985	150	8	26	145	0	938	0	4	0	14	990	0	992	0	690	
1440.000000	3	55	696	907	985	151	7	25	129	0	941	0	6	0	14	978	0	963	0	699	
1450.000000	3	48	673	913	987	153	5	22	117	0	931	0	6	0	12	978	0	950	0	721	
1460.000000	3	45	655	922	996	155	5	25	110	0	928	0	6	0	12	985	0	946	0	742	
1470.000000	1	43	652	926	989	156	7	31	98	0	909	0	7	0	11	997	0	932	0	767	
1480.000000	0	39	640	939	1011	175	7	38	158	0	903	0	7	0	9	995	0	936	0	809	
1490.000000	0	33	608	954	1004	190	7	35	232	0	899	0	4	0	9	982	1	949	0	810	
1500.000000	0	31	576	967	1008	195	5	41	311	0	897	0	5	0	9	985	1	954	0	831	
1510.000000	0	28	546	982	1014	222	4	41	367	0	907	0	5	0	9	979	1	973	0	846	
1520.000000	0	26	513	997	1001	230	5	40	407	0	914	0	5	0	9	985	1	1012	0	855	
1530.000000	0	24	479	998	994	242	4	40	471	0	930	0	5	0	7	994	1	1014	0	864	
1540.000000	0	21	457	1012	993	242	5	38	517	0	930	0	5	0	6	1002	1	1033	0	884	
1550.000000	0	18	424	1017	998	249	6	34	567	0	951	0	4	0	5	1008	1	1032	0	880	
1560.000000	0	16	398	1002	1026	252	6	28	592	0	969	0	4	0	5	991	1	1038	0	875	
1570.000000	0	15	366	1011	1014	246	6	27	642	0	975	0	4	0	5	1002	1	1030	0	890	
1580.000000	0	14	347	995	1028	251	5	28	673	0	982	0	5	0	4	1004	3	1018	0	878	
1590.000000	0	13	319	978	1027	247	5	28	701	0	987	0	4	0	4	1032	3	1011	0	869	
1600.000000	0	11	292	982	1021	239	6	32	731	0	987	0	4	0	2	1037	3	1007	0	871	
1610.000000	0	8	269	971	1013	244	4	29	752	0	1013	0	3	0	2	1044	3	1014	0	886	
1620.000000	0	7	244	969	1011	250	4	29	761	0	1025	0	4	0	2	1035	3	1024	0	900	
1630.000000	0	6	223	959	1014	249	5	33	774	0	1041	0	4	0	2	1048	2	1010	0	918	
1640.000000	0	6	204	991	1008	255	5	31	808	0	1037	0	4	0	1	1043	2	1012	0	933	
1650.000000	0	6	187	982	996	262	4	30	793	0	1035	0	4	0	1	1061	2	995	0	927	
1660.000000	0	6	171	956	1007	261	4	29	837	0	1061	0	4	0	1	1074	2	1009	0	918	
1670.000000	0	6	160	947	1006	251	3	30	855	0	1038	0	3	0	1	1060	3	1025	0	936	
1680.000000	0	5	150	929	1000	242	3	28	870	0	1038	0	3	0	0	1037	3	1015	0	936	
1690.000000	0	5	137	908	972	234	3	30	878	0	1045	0	3	0	0	1009	3	1014	0	941	
1700.000000	0	5	117	895	978	235	2	32	873	0	1034	0	3	0	0	1010	3	1013	0	960	
1710.000000	0	5	110	884	975	242	2	38	892	0	1040	0	3	0	0	993	2	1026	0	937	
1720.000000	0	5	98	867	962	247	2	38	896	0	1050	0	4	0	0	977	2	1002	0	958	
1730.000000	0	5	87	885	971	263	2	40	916	0	1046	0	5	0	0	979	4	995	0	963	
1740.000000	0	5	79	861	975	280	2	42	934	0	1039	0	5	0	0	985	3	996	0	983	
1750.000000	0	5	74	859	966	280	3	43	939	0	1031	0	8	0	0	1000	2	993	0	971	
1760.000000	0	4	69	843	982	286	5	42	942	0	1034	0	7	0	0	1000	3	1003	0	986	
1770.000000	0	4	63	814	980	300	5	39	918	0	1014	0	7	0	0	995	3	1014	0	983	
1780.000000	0	4	54	804	968	307	5	32	922	0	1009	0	6	0	0	999	3	1037	0	962	
1790.000000	0	4	50	781	950	313	5	33	929	0	1017	0	6	0	0	1012	2	1029	0	964	
1800.000000	0	4	45	756	947	306	5	37	922	0	1002	0	6	0	0	1013	1	1026	0	951	
1810.000000	0	4	40	723	948	328	5	36	935	0	986	0	6	0	0	1034	1	1033	0	950	
1820.000000	0	4	36	704	954	332	6	35	936	0	1005	0	6	0	0	1013	1	1025	0	954	
1830.000000	0	4	34	667	963	332	5	37	927	0	1024	0	6	0	0	1008	1	1033	0	974	
1840.000000	0	3	33	643	958	335	4	35	929	0	1003	0	5	0	0	1016	1	1019	0	985	
1850.000000	0	3	29	616	965	335	4	34	967	0	1008	0	6	0	0	1015	1	1020	0	970	
1860.000000	0	2	22	571	958	334	4	32	980	0	1028	0	6	0	0	984	1	1043	0	967	
1870.000000	0	2	19	530	972	333	4	33	986	0	1021	0	5	0	0	992	1	1049	0	943	
1880.000000	0	2	17	498	970	342	3	37	997	0	1010	0	5	0	0	1000	2	1032	0	945	
1890.000000	0	2	16	466	970	351	3	36	1002	0	1010	0	6	0	0	1004	1	1043	0	945	
1900.000000	0	2	16	433	952	343	3	34	1003	0	1013	0	6	0	0	988	1	1058	0	951	
1910.000000	0	2	14	398	965	343	3	34	989	0	1017	0	6	0	0	971	0	1076	0	962	
1920.000000	0	2	11	360	966	323	2	34	988	0	1008	0	5	0	0	969	0	1066	0	967	
1930.000000	0	2	10	324	961	331	1	32	986	0	986	0	5	0	0	971	0	1065	0	979	
1940.000000	0	2	9	295	968	331	2	31	980	0	994	0	4	0	0	961	0	1059	0	976	
1950.000000	0	2	8	266	962	320	2	32	989	0	996	0	5	0	0	947	1	1067	0	970	
1960.000000	0	2	6	240	977	321	2	32	980	0	1006	0	3	0	0	951	3	1060	0	994	
1970.000000	0	2	6	221	996	316	2	32	998	0	1002	0	3	0	0	917	2	1060	0	1014	
1980.000000	0	1	6	198	999	316	1	31	977	0	992	0	3	0	0	913	2	1035	0	987	
1990.000000	0	1	6	184	1001	315	1	29	997	0	994	0	2	0	0	923	3	1009	0	1000	
2000.000000	0	1	6	164	990	297	2	28	992	0	996	0	3	0	0	917	3	1000	0	1014	
2010.000000	0	1	5	144	1011	282	2	30	991	0	971	0	3	0	0	892	3	1020	0	1010	
2020.000000	0	1	5	129	1006	283	1	28	1002	0	982	0	2	0	0	906	3	1023	0	1017	
2030.000000	0	1	5	112	976	274	1	28	992	0	940	0	2	0	0	913	2	1004	0	998	
2040.000000	0	1	4	100	980	275	1	30	970	0	927	0	2	0	0	923	2	1011	0	978	
2050.000000	0	1	3	95	976	277	1	29	979	0	902	0	2	0	0	941	2	994	0	998	
2060.000000	0	1	2	89	967	276	1	26	976	0	894	0	3	0	0	944	2	982	0	1020	
2070.000000	1	1	2	83	955	267	1	24	909	0	884	0	4	0	0	952	2	963	0	1031	
2080.000000	3	0	2	76	956	260	1	28	818	0	874	0	5	0	0	945	2	962	0	1032	
2090.000000	3	1	2	71	962	254	1	28	752	0	874	0	5	0	0	968	2	961	0	1042	
2100.000000	6	2	2	69	958	253	1	27	689	0	867	0	5	0	0	977	2	951	0	1048	
2110.000000	6	2	2	63	962	246	1	30	631	0	842	0	5	0	0	971	2	936	0	1052	
2120.000000	14	5	2	57	957	258	1	32	570	0	832	0	5	0	0	960	3	913	0	1058	
2130.000000	40	30	8	52	942	254	1	33	540	0	804	0	5	0	0	984	3	909	0	1054	
2140.000000	61	86	57	72	927	244	1	32	537	0	787	0	5	0	6	1002	3	902	0	1036	
2150.000000	54	141	123	124	930	244	2	30	530	0	790	0	5	0	12	990	3	891	0	1058	
2160.000000	48	181	190	198	944	246	2	27	520	0	802	0	5	0	15	982	3	899	0	1065	
2170.000000	40	198	254	264	958	251	1	25	519	0	801	0	5	0	15	980	5	906	0	1079	
2180.000000	38	224	317	322	974	241	1	25	499	0	810	0	5	0	18	964	5	932	0	1052	
2190.000000	34	240	381	380	983	235	1	24	493	0	833	0	2	0	19	960	5	965	0	1033	
2200.000000	31	255	423	446	988	231	1	21	473	0	852	0	2	0	18	947	5	965	0	1015	
2210.000000	27	257	477	493	1000	215	1	20	465	0	850	0	3	0	14	941	5	966	0	1007	
2220.000000	25	263	505	554	994	217	1	19	445	0	850	0	3	0	12	938	5	965	0	992	
2230.000000	23	258	537	580	987	204	1	16	431	0	857	0	3	0	12	973	5	960	0	1013	
2240.000000	22	240	577	615	1020	186	1	16	415	0	854	0	2	0	10	972	4	960	0	1013	
2250.000000	19	237	627	656	993	173	1	14	395	0	873	0	3	0	9	983	3	971	0	999	
2260.000000	18	228	641	706	1001	166	1	13	359	0	880	0	3	0	8	983	3	962	0	1007	
2270.000000	16	217	666	732	997	158	2	11	335	0	887	0	4	0	9	1007	1	940	0	1005	
2280.000000	15	199	722	742	985	147	2	10	310	0	897	0	3	0	9	1024	1	946	0	977	
2290.000000	14	184	742	781	989	137	1	11	293	0	909	0	3	0	8	1026	1	950	0	987	
2300.000000	12	171	750	792	994	125	1	11	275	0	915	0	3	0	8	1040	1	962	0	979	
2310.000000	12	158	754	813	978	115	1	10	251	0	915	0	3	0	8	1015	1	956	0	1007	
2320.000000	12	140	778	844	972	115	2	10	229	0	962	0	3	0	8	1028	1	950	0	1023	
2330.000000	12	133	817	868	967	103	2	9	207	0	966	0	3	0	8	1027	1	958	0	1026	
2340.000000	11	127	817	867	954	103	2	10	191	0	964	0	3	0	8	1028	1	949	0	1024	
2350.000000	10	121	817	879	949	98	3	10	178	0	964	0	3	0	8	1012	1	948	0	1015	
2360.000000	9	110	829	887	965	97	3	17	169	0	967	0	3	0	8	1016	1	951	0	1011	
2370.000000	8	101	821	895	981	96	3	21	154	0	970	0	3	0	8	1016	1	960	0	992	
2380.000000	8	97	817	907	976	96	3	22	144	0	970	0	4	0	7	1016	2	940	0	974	
2390.000000	7	89	807	920	975	96	2	25	132	0	958	0	4	0	6	1011	2	937	0	965	
2400.000000	7	82	799	928	1002	109	2	27	120	0	967	0	4	0	4	1008	2	924	0	977	
2410.000000	7	77	788	930	1011	114	2	26	111	0	962	0	5	0	4	994	2	914	0	996	
2420.000000	7	71	803	942	992	129	2	26	98	0	956	0	3	0	4	991	1	917	0	983	
2430.000000	7	62	786	954	972	143	3	24	91	0	957	0	3	0	4	984	1	915	0	986	
2440.000000	5	57	761	944	967	151	3	26	84	0	952	0	2	0	4	990	2	893	0	992	
2450.000000	4	53	742	954	986	147	2	25	79	0	956	0	2	0	2	991	1	874	0	989	
2460.000000	4	51	732	965	970	157	1	26	75	0	957	0	2	0	2	998	0	856	0	998	
2470.000000	3	50	707	948	959	159	2	23	70	0	949	0	2	0	2	994	0	842	0	999	
2480.000000	3	41	686	961	954	165	3	28	64	0	950	0	2	0	2	983	0	823	0	1008	
2490.000000	3	33	669	985	976	172	3	34	57	0	957	0	2	0	3	1000	0	802	0	1000	
2500.000000	2	32	637	980	967	175	4	38	52	0	964	0	2	0	3	1024	0	768	0	990	
2510.000000	2	31	608	969	970	190	4	37	44	0	970	0	2	0	3	1024	0	733	0	980	
2520.000000	2	28	583	995	974	196	4	38	37	0	989	0	4	0	3	1012	0	706	0	980	
2530.000000	2	25	534	981	958	221	3	36	35	0	980	0	2	0	3	1000	0	672	0	965	
2540.000000	1	25	487	954	953	224	3	35	31	0	992	0	2	0	3	1012	0	636	0	989	
2550.000000	1	24	464	955	958	241	3	36	27	0	1011	0	2	0	2	1014	0	614	0	979	
2560.000000	1	22	434	948	958	243	2	39	24	0	1040	0	2	0	3	1002	1	588	0	974	
2570.000000	0	18	401	949	976	251	3	37	96	0	1023	0	2	0	3	1006	1	572	0	973	
2580.000000	0	17	373	958	979	260	3	35	184	0	1013	0	3	0	2	1008	1	582	0	975	
2590.000000	0	14	338	941	990	269	3	36	255	0	1032	0	3	0	2	1000	1	619	0	993	
2600.000000	0	13	319	921	1014	276	3	38	315	0	1033	0	3	0	2	993	1	651	0	988	
2610.000000	0	12	292	932	1009	283	3	38	370	0	1053	0	3	0	2	987	1	666	0	989	
2620.000000	0	11	262	945	1017	295	4	40	410	0	1054	0	2	0	2	970	1	699	0	993	
2630.000000	0	10	244	958	1016	303	4	40	457	0	1053	0	2	0	2	994	1	718	0	1001	
2640.000000	0	8	219	967	1013	306	3	40	512	0	1031	0	2	0	2	997	1	727	0	978	
2650.000000	0	6	204	973	1009	325	3	37	571	0	1040	0	2	0	1	987	1	757	0	988	
2660.000000	0	6	187	964	1014	321	4	38	587	0	1037	0	2	0	1	977	1	778	0	979	
2670.000000	0	6	170	968	1008	324	4	37	633	0	1024	0	2	0	1	989	1	797	0	977	
2680.000000	0	6	162	968	993	330	3	34	655	0	1036	0	3	0	1	979	1	805	0	968	
2690.000000	0	5	146	950	995	331	3	33	678	0	1034	0	3	0	1	978	0	834	0	967	
2700.000000	0	4	135	945	994	326	4	34	712	0	1030	0	3	0	1	986	0	857	0	980	
2710.000000	0	4	123	954	995	327	5	34	726	0	1031	0	3	0	1	989	0	873	0	968	
2720.000000	0	4	115	933	993	338	4	31	747	0	1024	0	2	0	1	980	0	867	0	980	
2730.000000	0	4	100	919	1000	338	4	30	778	0	1026	0	2	0	1	979	0	878	0	969	
2740.000000	0	4	91	895	992	330	3	35	807	0	1019	0	2	0	0	999	0	881	0	977	
2750.000000	0	4	85	887	999	330	3	35	834	0	1018	0	2	0	0	987	0	889	0	996	
2760.000000	0	4	79	868	1003	331	4	34	859	0	1002	0	2	0	0	984	0	896	0	1007	
2770.000000	0	4	71	852	1009	331	4	31	885	0	985	0	2	0	0	981	0	886	0	1003	
2780.000000	0	3	62	834	1026	333	4	32	891	0	974	0	1	0	0	983	0	866	0	999	
2790.000000	0	2	54	820	1036	318	4	35	897	0	973	0	1	0	0	997	0	858	0	987	
2800.000000	0	2	49	794	1047	321	3	34	903	0	979	0	1	0	0	1000	1	848	0	984	
2810.000000	0	1	48	761	1039	318	3	32	929	0	973	0	1	0	0	1008	1	860	0	993	
2820.000000	0	1	46	740	1030	313	3	31	945	0	962	0	1	0	0	1007	2	897	0	979	
2830.000000	0	1	42	701	1013	308	1	33	951	0	962	0	5	0	0	1000	2	911	0	984	
2840.000000	0	1	37	666	1019	309	2	30	960	0	969	0	3	0	0	995	2	914	0	987	
2850.000000	0	1	36	638	1022	298	2	32	950	0	970	0	4	0	0	1006	3	936	0	996	
2860.000000	0	1	32	620	1007	291	1	35	948	0	969	0	4	0	0	981	3	952	0	970	
2870.000000	0	1	30	599	1019	282	1	34	944	0	968	0	4	0	0	968	2	959	0	977	
2880.000000	0	1	27	573	1014	288	0	37	953	0	976	0	4	0	0	981	2	967	0	996	
2890.000000	0	1	25	543	1008	303	0	36	946	0	964	0	4	0	0	973	2	994	0	1002	
2900.000000	0	1	23	522	986	304	1	35	954	0	992	0	3	0	0	982	2	996	0	993	
2910.000000	0	1	20	498	984	306	1	32	975	0	1003	0	3	0	0	977	2	1001	0	1002	
2920.000000	0	1	17	465	1010	315	1	34	992	0	995	0	4	0	0	1007	2	994	0	1015	
2930.000000	0	1	16	432	1018	308	2	37	1001	0	978	0	3	0	0	1007	2	1002	0	1023	
2940.000000	0	1	16	399	992	320	2	35	993	0	960	0	3	0	0	1020	2	1011	0	1005	
2950.000000	0	1	15	370	979	316	2	32	992	0	948	0	3	0	0	1036	2	1017	0	1006	
2960.000000	0	1	15	340	973	310	3	30	987	0	931	0	4	0	0	1027	3	1028	0	1014	
2970.000000	0	1	13	318	994	319	3	33	988	0	928	0	3	0	0	1037	3	1033	0	1001	
2980.000000	0	1	13	293	971	309	3	31	989	0	940	0	3	0	0	1044	2	1042	0	1009	
2990.000000	0	1	13	285	970	318	2	31	991	0	940	0	3	0	0	1068	1	1041	0	1010	
3000.000000	0	1	13	270	985	306	2	29	988	0	957	0	3	0	0	1067	1	1041	0	1000	
3010.000000	0	1	11	251	996	292	3	31	978	0	964	0	3	0	0	1070	2	1025	0	989	
3020.000000	0	1	10	237	986	285	3	32	969	0	960	0	3	0	0	1060	2	1038	0	983	
3030.000000	0	1	9	225	980	302	3	35	974	0	956	0	3	0	0	1039	2	1032	0	969	
3040.000000	0	1	9	207	980	320	4	32	967	0	963	0	2	0	0	1018	2	1027	0	982	
3050.000000	0	1	7	197	974	323	4	30	969	0	959	0	2	0	0	1013	2	1035	0	978	
3060.000000	0	1	7	186	979	319	4	29	974	0	946	0	2	0	0	1007	2	1033	0	990	
3070.000000	0	1	6	180	971	315	5	30	972	0	946	0	2	0	0	994	2	1036	0	1008	
3080.000000	0	0	5	164	971	310	5	30	974	0	960	0	3	0	0	993	1	1036	0	987	
3090.000000	0	0	5	149	984	297	5	24	993	0	965	0	4	0	0	1004	1	1041	0	977	
3100.000000	0	0	4	131	976	293	4	26	982	0	951	0	3	0	0	1010	1	1034	0	938	
3110.000000	0	0	4	116	950	283	4	25	1003	0	966	0	4	0	0	998	1	1041	0	940	
3120.000000	0	0	3	109	937	272	4	30	1003	0	954	0	3	0	0	1022	1	1015	0	944	
3130.000000	0	0	3	103	928	261	3	27	1014	0	949	0	3	0	1	1028	1	1019	0	975	
3140.000000	0	0	2	96	940	266	3	26	1016	0	929	0	3	0	1	1013	1	1029	0	998	
3150.000000	0	0	2	93	950	257	4	27	1003	0	930	0	3	0	1	999	1	1027	0	1002	
3160.000000	0	0	2	87	969	273	4	29	1022	0	915	0	3	0	1	1007	1	1018	0	994	
3170.000000	2	0	2	81	966	269	3	30	997	0	887	0	4	0	1	1016	1	1004	0	981	
3180.000000	3	0	2	73	993	268	1	31	916	0	874	0	4	0	0	1033	1	994	0	995	
3190.000000	4	1	2	66	1006	258	4	30	829	0	834	0	3	0	0	1010	1	992	0	986	
3200.000000	12	2	2	62	999	229	5	23	760	0	828	0	3	0	0	996	1	1000	0	978	
3210.000000	21	10	3	61	1006	233	5	26	711	0	824	0	3	0	0	1006	1	994	0	984	
3220.000000	34	31	11	58	1030	230	4	30	674	0	783	0	4	0	0	979	1	975	0	995	
3230.000000	41	53	51	67	1024	239	5	34	651	0	751	0	3	0	1	1008	1	992	0	996	
3240.000000	39	87	112	113	1038	236	5	30	620	0	736	0	3	0	13	993	1	994	0	1007	
3250.000000	36	99	164	173	1060	242	5	27	593	0	748	0	3	0	19	986	1	978	0	975	
3260.000000	32	122	233	226	1066	236	4	23	560	0	774	0	3	0	20	999	1	970	0	971	
3270.000000	29	137	289	297	1063	242	4	20	520	0	759	0	3	0	21	1007	1	980	0	979	
3280.000000	27	154	331	360	1061	232	4	20	476	0	766	0	3	0	19	997	1	985	0	956	
3290.000000	25	159	374	412	1055	223	4	19	441	0	782	0	4	0	20	1006	1	1001	0	942	
3300.000000	22	156	437	456	1044	209	4	18	428	0	813	0	4	0	21	990	1	989	0	950	
3310.000000	20	154	485	501	1002	196	5	15	410	0	813	0	4	0	20	998	1	1002	0	940	
3320.000000	19	151	527	537	988	184	5	14	378	0	825	0	3	0	20	1014	1	1013	0	932	
3330.000000	17	142	561	601	965	175	6	12	355	0	843	0	4	0	17	1022	1	1020	0	914	
3340.000000	15	140	585	628	968	173	6	14	325	0	855	0	3	0	16	1021	1	1028	0	897	
3350.000000	14	135	602	661	959	172	6	13	293	0	863	0	3	0	15	1018	0	1020	0	908	
3360.000000	12	127	625	691	952	160	7	13	277	0	867	0	4	0	13	1011	0	999	0	908	
3370.000000	10	125	635	726	937	148	8	15	258	0	860	0	5	0	11	1032	0	989	0	914	
3380.000000	10	117	661	745	944	142	7	15	235	0	865	0	5	0	11	1049	0	995	0	939	
3390.000000	10	114	664	738	964	145	6	15	221	0	867	0	4	0	10	1064	0	990	0	934	
3400.000000	10	102	691	755	956	147	5	16	210	0	894	0	4	0	10	1057	0	975	0	946	
3410.000000	10	99	707	780	954	144	5	17	194	0	908	0	4	0	11	1049	0	988	0	937	
3420.000000	7	92	720	803	972	144	5	18	179	0	912	0	4	0	11	1029	0	996	0	945	
3430.000000	6	84	723	836	960	140	5	14	164	0	916	0	4	0	10	1041	0	982	0	931	
3440.000000	6	70	701	854	984	132	5	16	156	0	945	0	4	0	9	1047	0	977	0	942	
3450.000000	6	69	687	883	971	140	4	19	146	0	965	0	4	0	9	1062	0	999	0	945	
3460.000000	6	65	677	907	961	138	4	24	139	0	950	0	5	0	9	1091	0	994	0	946	
3470.000000	5	60	666	902	961	146	4	27	131	0	955	0	5	0	8	1103	0	1006	0	936	
3480.000000	4	54	667	908	937	146	4	29	121	0	961	0	4	0	7	1113	0	976	0	927	
3490.000000	4	51	653	915	953	162	3	36	114	0	949	0	4	0	8	1094	0	992	0	942	
3500.000000	3	44	638	911	962	171	3	40	103	0	952	0	4	0	8	1087	0	984	0	924	
3510.000000	2	37	611	905	959	189	3	38	97	0	938	0	3	0	9	1094	1	982	0	940	
3520.000000	2	37	586	930	965	210	3	34	87	0	953	0	4	0	8	1084	1	955	0	915	
3530.000000	2	36	562	946	975	233	3	31	84	0	948	0	3	0	7	1087	2	960	0	925	
3540.000000	1	33	534	957	997	245	3	34	78	0	970	0	3	0	8	1077	2	949	0	906	
3550.000000	1	30	517	941	1002	254	3	31	75	0	966	0	3	0	7	1076	2	938	0	926	
3560.000000	1	29	493	949	986	258	3	33	68	0	948	0	3	0	7	1065	2	928	0	957	
3570.000000	1	25	472	937	970	266	2	32	65	0	961	0	3	0	6	1079	2	913	0	960	
3580.000000	1	23	453	966	986	266	2	32	61	0	972	0	3	0	6	1034	2	890	0	956	
3590.000000	1	21	424	972	1013	270	4	36	55	0	964	0	3	0	6	1029	2	861	0	965	
3600.000000	1	18	410	955	1021	279	5	33	49	0	965	0	3	0	4	1012	2	824	0	987	
3610.000000	1	16	387	963	1009	282	6	31	44	0	970	0	3	0	4	988	1	802	0	981	
3620.000000	1	15	356	954	1001	278	5	33	41	0	972	0	3	0	4	1006	1	757	0	1002	
3630.000000	1	14	333	969	992	285	5	32	38	0	955	0	3	0	1	1007	1	725	0	1020	
3640.000000	1	13	311	968	988	283	6	31	36	0	964	0	3	0	1	1020	1	693	0	1026	
3650.000000	1	13	294	951	965	278	5	31	34	0	956	0	3	0	1	1015	1	666	0	1032	
3660.000000	1	13	277	971	970	281	5	28	30	0	942	0	3	0	1	1027	1	637	0	1007	
3670.000000	1	12	248	968	961	279	5	27	28	0	935	0	4	0	1	1035	1	600	0	1000	
3680.000000	1	10	232	966	956	280	5	29	26	0	954	0	4	0	1	1044	1	565	0	984	
3690.000000	1	10	216	953	955	280	7	28	22	0	956	0	4	0	1	1040	1	537	0	987	
3700.000000	1	9	206	922	961	270	7	28	20	0	973	0	4	0	1	1039	1	506	0	990	
3710.000000	1	6	192	918	958	266	8	28	19	0	973	0	4	0	1	1044	2	467	0	986	
3720.000000	1	6	165	926	945	263	10	31	14	0	981	0	4	0	1	1022	2	434	0	1001	
3730.000000	0	6	148	925	955	263	10	33	72	0	994	0	4	0	1	1005	2	430	0	1011	
3740.000000	0	5	136	917	971	268	9	34	154	0	976	0	4	0	1	996	2	479	0	1021	
3750.000000	0	3	126	927	970	266	9	34	230	0	1005	0	4	0	1	1014	2	517	0	1028	
3760.000000	0	3	116	910	959	270	9	30	285	0	985	0	1	0	1	1018	2	568	0	1015	
3770.000000	0	1	111	895	973	272	9	27	343	0	999	0	1	0	0	1003	2	592	0	1025	
3780.000000	0	1	103	879	969	265	9	30	410	0	1010	0	1	0	0	1008	2	631	0	1024	
3790.000000	0	1	91	885	975	264	9	30	454	0	995	0	2	0	0	1007	2	673	0	1006	
3800.000000	0	1	81	893	1005	265	9	32	530	0	999	0	2	0	0	1015	3	694	0	1000	
3810.000000	0	1	73	860	996	260	9	32	585	0	1007	0	1	0	0	1031	3	736	0	998	
3820.000000	0	1	64	829	983	260	9	32	614	0	1031	0	1	0	0	1012	3	774	0	986	
3830.000000	0	1	60	801	979	254	9	31	651	0	1022	0	1	0	0	1012	3	798	0	999	
3840.000000	0	1	53	774	991	247	8	28	680	0	999	0	1	0	0	1020	2	827	0	987	
3850.000000	0	1	47	732	1005	238	8	28	715	0	1003	0	1	0	0	1026	3	869	0	1002	
3860.000000	0	1	40	706	1022	240	8	29	743	0	1007	0	1	0	0	1050	3	868	0	990	
3870.000000	0	1	35	689	1027	239	6	29	766	0	1021	0	1	0	0	1057	3	866	0	998	
3880.000000	0	1	33	661	1018	243	6	34	786	0	1041	0	2	0	0	1054	3	849	0	1000	
3890.000000	0	1	30	636	1038	251	6	35	815	0	1025	0	2	0	0	1054	3	869	0	998	
3900.000000	0	1	30	593	1026	281	6	36	836	0	1030	0	3	0	0	1041	2	862	0	1001	
3910.000000	0	1	27	568	1020	289	6	33	823	0	1016	0	4	0	0	1048	2	864	0	998	
3920.000000	0	1	24	525	1007	296	5	33	849	0	999	0	4	0	0	1028	2	892	0	987	
3930.000000	0	1	22	498	1009	299	5	32	866	0	997	0	4	0	0	1004	2	910	0	1004	
3940.000000	0	1	21	470	1005	305	5	33	871	0	998	0	4	0	0	997	2	922	0	1009	
3950.000000	0	1	17	445	1003	293	4	35	869	0	992	0	4	0	0	994	2	931	0	1012	
3960.000000	0	1	13	396	991	295	4	34	854	0	967	0	5	0	0	1002	2	934	0	1012	
3970.000000	0	1	12	369	980	293	3	35	847	0	973	0	6	0	0	997	1	948	0	1022	
3980.000000	0	1	12	348	989	297	3	33	847	0	962	0	6	0	0	1005	1	963	0	1029	
3990.000000	0	1	11	323	1006	300	3	35	872	0	972	0	4	0	0	1003	1	967	0	1026	
4000.000000	0	1	11	299	1006	287	2	35	877	0	966	0	3	0	0	1013	1	967	0	1028	
4010.000000	0	1	10	265	1017	292	2	28	891	0	990	0	3	0	0	1024	1	984	0	1033	
4020.000000	0	1	9	246	1012	287	2	26	907	0	979	0	3	0	0	1037	1	969	0	1024	
4030.000000	0	1	9	225	996	280	1	28	915	0	963	0	3	0	0	1029	1	964	0	1028	
4040.000000	0	1	9	217	1009	275	1	29	952	0	949	0	4	0	0	1018	1	963	0	1035	
4050.000000	0	1	8	200	1025	257	1	25	964	0	953	0	4	0	0	1020	1	956	0	1031	
4060.000000	0	1	7	187	1021	245	1	25	959	0	932	0	5	0	0	1041	1	961	0	1021	
4070.000000	0	1	7	168	1014	245	1	29	945	0	949	0	4	0	0	1029	1	971	0	1026	
4080.000000	0	1	6	157	1018	244	1	28	953	0	933	0	3	0	0	1032	1	983	0	1014	
4090.000000	0	1	6	151	1025	245	1	28	947	0	931	0	3	0	0	1033	1	977	0	1023	
4100.000000	0	1	6	141	1027	249	1	29	975	0	918	0	2	0	0	1022	0	977	0	1014	
4110.000000	0	1	4	126	1029	250	1	31	974	0	894	0	2	0	0	1030	1	993	0	1013	
4120.000000	0	1	4	114	1038	247	2	33	963	0	882	0	2	0	0	1020	1	998	0	1015	
4130.000000	1	1	4	105	1044	251	2	33	905	0	866	0	2	0	0	1005	1	996	0	1037	
4140.000000	0	1	3	97	1035	252	1	31	917	0	862	0	1	0	0	1021	1	1011	0	1003	
4150.000000	0	1	3	87	1034	267	1	30	930	0	839	0	1	0	0	1005	1	1025	0	979	
4160.000000	1	1	2	83	1011	268	1	28	953	0	817	0	1	0	0	1002	1	1019	0	982	
4170.000000	2	1	2	77	1008	265	1	28	873	0	823	0	1	0	0	1018	0	1030	0	1000	
4180.000000	4	1	2	71	995	269	1	32	806	0	804	0	1	0	0	1024	0	1045	0	972	
4190.000000	6	2	3	57	1001	271	1	32	737	0	803	0	1	0	0	1036	0	1034	0	971	
4200.000000	24	5	3	54	995	286	1	34	676	0	793	0	2	0	0	1037	0	1042	0	978	
4210.000000	46	35	8	52	1011	291	1	34	645	0	776	0	2	0	0	1034	0	1060	0	978	
4220.000000	76	88	65	65	1016	288	1	34	663	0	760	0	2	0	7	1025	0	1079	0	994	
4230.000000	67	138	134	133	1018	292	1	33	662	0	752	0	2	0	14	1015	0	1077	0	971	
4240.000000	58	185	208	207	1003	294	2	30	663	0	756	0	2	0	17	1005	0	1062	0	974	
4250.000000	54	204	266	269	1001	285	1	26	666	0	763	0	2	0	24	998	0	1067	0	975	
4260.000000	49	231	318	322	1006	273	3	21	651	0	794	0	2	0	26	986	0	1050	0	965	
4270.000000	43	252	373	382	1013	250	3	21	639	0	802	0	2	0	26	981	0	1058	0	950	
4280.000000	37	255	422	442	1004	237	3	19	606	0	827	0	1	0	27	994	0	1051	0	946	
4290.000000	33	245	465	502	976	236	3	16	580	0	845	0	1	0	24	1005	0	1059	0	931	
4300.000000	32	249	540	548	972	223	3	14	550	0	853	0	2	0	20	1019	0	1067	0	921	
4310.000000	29	252	594	577	975	212	3	13	510	0	873	0	2	0	19	1010	0	1040	0	931	
4320.000000	27	251	627	607	1005	195	4	12	486	0	875	0	3	0	18	988	0	1069	0	949	
4330.000000	27	248	631	615	1013	174	4	12	463	0	886	0	3	0	16	981	0	1082	0	957	
4340.000000	25	245	661	650	1024	167	3	11	452	0	905	0	2	0	15	976	0	1063	0	988	
4350.000000	25	238	700	689	1040	151	5	10	429	0	899	0	2	0	15	994	0	1043	0	983	
4360.000000	21	233	731	725	1054	141	3	10	418	0	905	0	3	0	15	999	0	1039	0	972	
4370.000000	19	229	730	734	1045	133	5	10	398	0	908	0	3	0	12	1022	0	1026	0	971	
4380.000000	17	222	733	756	1049	127	3	8	381	0	920	0	3	0	13	1006	0	1009	0	985	
4390.000000	16	214	764	798	1044	122	3	8	367	0	925	0	3	0	11	1020	0	996	0	1002	
4400.000000	16	197	804	817	1031	109	3	7	343	0	954	0	4	0	12	1019	0	1021	0	994	
4410.000000	13	176	806	836	1013	97	3	5	320	0	976	0	6	0	11	1019	0	1047	0	1009	
4420.000000	11	173	819	857	1037	89	3	6	294	0	985	0	6	0	10	1015	0	1018	0	1019	
4430.000000	11	152	808	870	1038	86	3	7	275	0	989	0	6	0	7	992	0	997	0	1029	
4440.000000	10	141	830	876	1047	84	3	9	257	0	995	0	5	0	5	982	0	985	0	1024	
4450.000000	10	132	831	870	1037	73	2	9	240	0	990	0	4	0	5	991	0	963	0	1015	
4460.000000	10	119	840	919	1046	71	1	10	220	0	984	0	4	0	5	979	0	966	0	1019	
4470.000000	8	100	863	963	1054	69	1	14	205	0	995	0	2	0	4	962	0	976	0	1023	
4480.000000	6	98	875	974	1063	66	1	19	182	0	991	0	2	0	3	987	0	962	0	1029	
4490.000000	5	81	873	999	1061	70	1	22	163	0	991	0	1	0	3	999	0	981	0	1047	
4500.000000	3	74	878	1025	1071	81	1	30	148	0	991	0	2	0	3	1008	0	970	0	1043	
4510.000000	3	66	830	1024	1088	100	1	38	138	0	967	0	1	0	3	1008	0	960	0	1044	
4520.000000	2	63	816	1013	1070	121	1	37	124	0	961	0	1	0	2	981	0	949	0	1060	
4530.000000	2	59	821	1014	1056	141	2	40	111	0	963	0	1	0	2	988	0	923	0	1088	
4540.000000	2	49	805	1025	1049	167	2	36	101	0	995	0	1	0	1	997	0	893	0	1080	
4550.000000	2	44	773	1038	1059	171	2	36	88	0	990	0	1	0	1	997	0	889	0	1076	
4560.000000	2	39	736	1020	1058	181	2	34	83	0	1001	0	1	0	1	992	0	875	0	1061	
4570.000000	2	36	691	1019	1029	187	2	37	82	0	991	0	1	0	1	998	0	864	0	1035	
4580.000000	1	30	666	1026	1039	203	3	39	78	0	984	0	1	0	1	999	0	848	0	1007	
4590.000000	1	25	636	1001	1046	209	3	40	72	0	980	0	1	0	1	988	0	841	0	1018	
4600.000000	1	21	596	1013	1049	229	3	39	62	0	1002	0	1	0	1	1007	0	813	0	1012	
4610.000000	1	20	548	1004	1033	236	4	39	57	0	1010	0	0	0	1	1023	0	778	0	1033	
4620.000000	1	18	502	1026	1026	254	6	40	54	0	1002	0	1	0	1	1002	0	752	0	1038	
4630.000000	1	17	463	1000	1044	272	5	41	49	0	1002	0	3	0	1	955	0	736	0	1037	
4640.000000	0	15	433	1023	1004	282	4	43	133	0	1016	0	3	0	1	962	0	740	0	1035	
4650.000000	0	11	395	1002	1009	295	5	44	205	0	1032	0	3	0	1	957	0	767	0	1030	
4660.000000	0	8	365	990	988	301	5	41	266	0	1028	0	3	0	0	948	0	793	0	1015	
4670.000000	0	8	333	1009	978	303	4	40	337	0	989	0	4	0	0	969	0	807	0	1006	
4680.000000	0	7	303	1001	955	324	3	43	394	0	998	0	4	0	0	974	0	795	0	1012	
4690.000000	0	6	287	1003	947	334	3	39	448	0	985	0	4	0	0	976	0	808	0	1024	
4700.000000	0	5	263	997	949	329	3	37	492	0	976	0	3	0	0	977	1	825	0	1021	
4710.000000	0	5	237	1003	956	330	2	39	520	0	985	0	3	0	0	973	1	843	0	1019	
4720.000000	0	5	210	1008	966	332	2	41	551	0	988	0	5	0	0	966	1	843	0	1039	
4730.000000	0	5	187	1003	977	341	3	40	582	0	991	0	6	0	0	973	1	853	0	1035	
4740.000000	0	4	173	1005	986	347	3	40	617	0	996	0	5	0	0	990	2	855	0	1017	
4750.000000	0	3	165	992	985	339	4	38	645	0	996	0	4	0	0	1031	2	848	0	1029	
4760.000000	0	3	145	965	1008	347	4	38	677	0	989	0	6	0	0	1001	2	858	0	1036	
4770.000000	0	3	132	966	990	344	4	36	710	0	1010	0	6	0	0	1007	3	869	0	1030	
4780.000000	0	3	122	942	994	350	3	32	725	0	999	0	4	0	0	1015	4	861	0	1039	
4790.000000	0	3	114	940	1015	357	2	29	758	0	1000	0	5	0	0	1026	4	872	0	1045	
4800.000000	0	3	106	939	1023	359	2	26	764	0	998	0	5	0	0	1018	3	864	0	1044	
4810.000000	0	3	101	940	1041	343	2	25	775	0	997	0	5	0	0	1016	3	882	0	1031	
4820.000000	0	3	96	941	1038	323	1	25	790	0	1001	0	5	0	0	1045	3	882	0	1012	
4830.000000	0	3	81	920	1057	311	1	26	801	0	995	0	5	0	0	1040	3	903	0	1010	
4840.000000	0	3	72	896	1038	309	2	27	811	0	1028	0	5	0	0	1035	3	935	0	1003	
4850.000000	0	3	64	895	1013	287	3	24	825	0	1020	0	5	0	0	1014	3	939	0	1023	
4860.000000	0	3	60	855	1015	288	3	27	825	0	1026	0	5	0	0	1004	3	959	0	1010	
4870.000000	0	2	54	840	999	281	3	27	842	0	1014	0	4	0	0	993	3	948	0	1013	
4880.000000	0	2	51	795	1001	282	3	26	854	0	1014	0	3	0	0	983	3	951	0	992	
4890.000000	0	2	49	771	998	268	4	22	848	0	1028	0	3	0	0	985	2	957	0	979	
4900.000000	0	1	45	744	997	258	4	26	864	0	1020	0	3	0	0	983	1	958	0	974	
4910.000000	0	1	42	729	995	252	5	24	868	0	1037	0	3	0	0	991	1	955	0	972	
4920.000000	0	1	41	700	993	246	5	24	882	0	1040	0	2	0	0	1002	1	941	0	947	
4930.000000	0	1	36	664	991	235	4	24	884	0	1031	0	2	0	0	1021	1	938	0	953	
4940.000000	0	1	32	633	990	220	4	28	918	0	1041	0	2	0	0	1018	1	973	0	947	
4950.000000	0	1	29	603	971	222	4	33	943	0	1030	0	3	0	0	1035	0	973	0	931	
4960.000000	0	1	25	568	988	227	3	30	937	0	1024	0	2	0	0	1028	0	952	0	950	
4970.000000	0	1	23	527	981	228	3	31	937	0	1011	0	1	0	0	1030	0	957	0	945	
4980.000000	0	1	21	482	990	233	3	31	955	0	1003	0	0	0	0	1011	0	955	0	944	
4990.000000	0	1	18	449	999	239	3	35	964	0	992	0	0	0	0	1007	0	984	0	955	
5000.000000	0	1	15	418	980	240	4	33	993	0	1013	0	1	0	0	1020	0	991	0	936	
5010.000000	0	1	13	380	972	246	3	36	978	0	1003	0	1	0	0	1030	0	989	0	939	
5020.000000	0	1	9	355	991	253	3	37	987	0	1000	0	1	0	0	1035	0	993	0	947	
5030.000000	0	1	8	326	993	257	4	38	978	0	970	0	1	0	0	1030	0	999	0	965	
5040.000000	0	1	7	292	1005	259	4	36	998	0	977	0	1	0	0	1035	0	1010	0	980	
5050.000000	0	1	7	264	996	255	5	33	1010	0	967	0	1	0	0	1027	0	1008	0	1013	
5060.000000	0	1	7	243	1014	261	5	30	1016	0	979	0	1	0	0	1037	0	999	0	1003	
5070.000000	0	1	7	225	1006	268	5	30	997	0	985	0	1	0	0	1007	0	995	0	995	
5080.000000	0	1	7	206	1031	269	5	31	1004	0	1003	0	2	0	0	987	0	1013	0	989	
5090.000000	0	1	7	192	1031	276	4	33	1018	0	1009	0	2	0	0	976	0	1008	0	995	
5100.000000	0	1	7	181	1032	289	3	35	1030	0	1020	0	3	0	0	968	1	1008	0	1002	
5110.000000	0	1	7	170	1032	295	3	33	1028	0	1002	0	3	0	0	956	1	1003	0	1007	
5120.000000	0	1	7	158	1030	300	3	35	1028	0	988	0	1	0	0	946	2	1020	0	1028	
5130.000000	0	1	7	144	1038	307	3	31	1033	0	987	0	0	0	0	949	2	1022	0	1026	
5140.000000	0	1	6	136	1044	304	2	29	1047	0	972	0	0	0	0	958	2	1006	0	1008	
5150.000000	0	1	5	128	1041	305	3	29	1025	0	953	0	0	0	0	966	1	1005	0	1010	
5160.000000	0	1	5	119	1048	301	2	29	1006	0	965	0	0	0	0	974	1	1003	0	1004	
5170.000000	0	1	5	108	1068	310	2	28	993	0	963	0	1	0	0	981	1	1003	0	995	
5180.000000	0	1	4	96	1031	298	2	28	978	0	972	0	1	0	0	980	1	1009	0	997	
5190.000000	0	1	4	88	1035	285	1	28	969	0	969	0	1	0	0	977	1	1022	0	1002	
5200.000000	0	1	4	81	1040	283	1	30	970	0	956	0	1	0	0	964	1	1019	0	985	
5210.000000	3	0	4	72	1030	289	1	30	871	0	931	0	1	0	0	984	0	1010	0	998	
5220.000000	8	1	4	64	1027	286	4	26	798	0	895	0	0	0	0	980	0	1026	0	993	
5230.000000	22	10	4	59	1021	276	3	26	739	0	890	0	0	0	0	975	0	1007	0	1009	
5240.000000	34	26	11	61	1020	267	3	25	704	0	863	0	0	0	0	989	0	1020	0	1017	
5250.000000	37	47	29	66	1016	269	3	25	676	0	829	0	1	0	3	978	0	1009	0	1024	
5260.000000	37	65	79	108	996	248	3	21	644	0	794	0	0	0	16	1006	0	1004	0	1042	
5270.000000	33	80	119	158	999	240	2	23	607	0	793	0	0	0	21	982	0	997	0	1036	
5280.000000	28	106	177	219	983	232	3	25	592	0	801	0	1	0	17	983	0	989	0	1026	
5290.000000	25	115	228	295	978	223	2	22	549	0	818	0	1	0	20	969	0	985	0	995	
5300.000000	24	127	277	380	976	221	0	22	519	0	849	0	1	0	20	972	0	962	0	997	
5310.000000	22	131	333	430	998	219	0	18	493	0	871	0	1	0	17	988	0	971	0	965	
5320.000000	18	134	363	475	1004	208	0	16	460	0	879	0	1	0	15	967	0	981	0	937	
5330.000000	16	132	412	517	1000	201	0	15	420	0	908	0	1	0	16	954	0	983	0	908	
5340.000000	16	126	449	558	1000	186	0	12	399	0	902	0	2	0	18	988	0	999	0	914	
5350.000000	14	116	498	604	1002	179	1	13	361	0	905	0	2	0	17	989	0	1006	0	920	
5360.000000	14	110	530	640	984	169	1	14	344	0	899	0	1	0	15	988	0	1010	0	922	
5370.000000	14	106	567	660	968	165	1	14	314	0	906	0	1	0	14	989	0	999	0	925	
5380.000000	11	97	582	683	987	160	1	13	286	0	912	0	1	0	13	1013	0	989	0	916	
5390.000000	10	92	586	707	1001	155	1	15	266	0	932	0	2	0	12	1011	0	981	0	913	
5400.000000	9	85	599	725	1007	144	2	16	249	0	944	0	2	0	11	998	0	996	0	903	
5410.000000	7	81	613	754	1000	144	2	15	221	0	959	0	1	0	11	990	0	993	0	921	
5420.000000	6	74	601	767	1009	145	2	14	211	0	941	0	2	0	10	977	0	979	0	935	
5430.000000	5	64	599	809	1026	142	3	17	188	0	940	0	3	0	9	981	0	978	0	928	
5440.000000	4	58	596	825	1010	128	3	23	178	0	932	0	3	0	9	975	0	981	0	934	
5450.000000	4	55	593	824	1003	141	3	29	167	0	919	0	3	0	9	982	0	991	0	937	
5460.000000	2	53	598	843	1013	159	3	28	152	0	942	0	4	0	9	997	0	975	0	936	
5470.000000	2	48	595	843	1025	158	5	30	143	0	935	0	5	0	9	999	1	967	0	927	
5480.000000	2	41	565	838	1020	179	4	33	131	0	943	0	4	0	8	1014	1	969	0	921	
5490.000000	1	37	549	834	1000	194	3	35	117	0	952	0	3	0	6	1007	1	943	0	937	
5500.000000	1	36	540	858	1006	199	3	35	106	0	944	0	3	0	5	1004	0	945	0	940	
5510.000000	0	33	530	883	989	196	3	34	160	0	941	0	3	0	5	995	0	944	0	946	
5520.000000	0	27	497	907	994	199	4	33	240	0	959	0	4	0	5	1006	0	953	0	952	
5530.000000	0	23	477	917	1012	200	3	34	306	0	983	0	4	0	4	1019	0	965	0	956	
5540.000000	0	22	464	902	1011	204	3	37	375	0	971	0	4	0	4	1015	0	938	0	954	
5550.000000	0	21	429	889	996	222	2	37	454	0	971	0	4	0	4	993	0	929	0	966	
5560.000000	0	19	407	921	1002	226	1	38	512	0	982	0	4	0	4	1003	0	955	0	995	
5570.000000	0	17	371	939	984	239	0	40	537	0	998	0	5	0	4	992	0	957	0	1015	
5580.000000	0	17	351	927	1006	267	0	39	580	0	964	0	4	0	4	992	0	937	0	1011	
5590.000000	0	15	316	937	1016	271	0	41	602	0	943	0	5	0	4	981	1	959	0	990	
5600.000000	0	14	288	933	1024	279	0	37	633	0	936	0	5	0	4	986	1	941	0	990	
5610.000000	0	12	267	933	1017	283	0	33	680	0	944	0	5	0	3	979	1	939	0	1003	
5620.000000	0	9	243	935	1002	282	0	31	699	0	953	0	5	0	3	973	2	945	0	1010	
5630.000000	0	9	234	926	974	284	0	28	702	0	980	0	5	0	2	957	1	968	0	1029	
5640.000000	0	8	215	941	989	283	1	27	738	0	990	0	4	0	2	985	2	945	0	1012	
5650.000000	0	6	198	949	982	286	1	29	757	0	996	0	4	0	2	990	2	942	0	1024	
5660.000000	0	4	174	943	967	285	0	25	770	0	1008	0	4	0	2	1000	2	953	0	1018	
5670.000000	0	4	156	935	966	275	0	24	799	0	1004	0	4	0	2	989	2	970	0	996	
5680.000000	0	4	136	915	973	267	0	24	819	0	982	0	4	0	2	988	2	944	0	984	
5690.000000	0	4	130	922	978	270	0	23	837	0	969	0	4	0	2	997	2	964	0	995	
5700.000000	0	4	117	916	989	260	0	27	851	0	962	0	5	0	2	984	2	972	0	991	
5710.000000	0	3	108	917	980	244	2	26	858	0	948	0	4	0	2	977	2	964	0	994	
5720.000000	0	2	102	887	991	249	2	24	873	0	960	0	4	0	2	1014	2	950	0	986	
5730.000000	0	2	94	890	982	247	1	27	897	0	973	0	3	0	2	1016	2	948	0	984	
5740.000000	0	2	82	884	987	239	1	27	926	0	967	0	2	0	2	1015	2	941	0	980	
5750.000000	0	2	77	877	986	237	1	24	935	0	972	0	2	0	1	1012	2	937	0	974	
5760.000000	0	2	65	848	987	239	1	27	950	0	964	0	2	0	1	1012	2	951	0	984	
5770.000000	0	2	62	834	981	246	0	28	970	0	983	0	2	0	1	1021	2	944	0	1003	
5780.000000	0	2	56	828	975	254	0	30	989	0	989	0	2	0	1	1017	2	948	0	982	
5790.000000	0	2	53	803	994	254	0	29	968	0	976	0	2	0	1	1010	2	965	0	991	
5800.000000	0	2	49	784	1009	252	0	24	975	0	985	0	3	0	1	1013	2	985	0	987	
5810.000000	0	2	47	766	1003	235	0	21	998	0	989	0	3	0	1	989	2	980	0	1003	
5820.000000	0	2	40	741	1015	238	0	21	1014	0	969	0	3	0	1	1000	2	993	0	990	
5830.000000	0	2	39	711	995	234	0	25	1027	0	978	0	2	0	0	999	2	983	0	986	
5840.000000	0	2	35	680	1002	240	0	26	1034	0	958	0	1	0	0	1011	2	967	0	1003	
5850.000000	0	2	32	646	1010	240	0	31	1014	0	968	0	1	0	0	991	2	969	0	1033	
5860.000000	0	2	27	616	996	244	0	30	996	0	1001	0	1	0	0	984	2	993	0	1040	
5870.000000	0	2	26	571	988	250	0	29	1016	0	1006	0	1	0	0	990	2	1006	0	1030	
5880.000000	0	2	24	553	993	255	0	27	1008	0	994	0	1	0	0	989	2	1009	0	1027	
5890.000000	0	2	21	517	977	261	0	29	993	0	988	0	3	0	0	958	2	993	0	988	
5900.000000	0	2	19	484	967	258	0	27	991	0	971	0	2	0	0	951	2	972	0	984	
5910.000000	0	2	17	459	961	257	0	25	988	0	996	0	2	0	0	941	1	976	0	989	
5920.000000	0	2	16	420	974	261	0	29	986	0	992	0	2	0	0	925	1	961	0	983	
5930.000000	0	2	14	374	999	267	1	31	986	0	981	0	3	0	0	930	1	959	0	964	
5940.000000	0	1	12	349	1034	265	1	30	978	0	977	0	3	0	0	946	1	963	0	958	
5950.000000	0	1	11	329	1027	264	1	31	981	0	992	0	3	0	0	945	1	961	0	973	
5960.000000	0	1	9	299	1026	261	2	32	1010	0	973	0	3	0	0	952	1	956	0	988	
5970.000000	0	1	9	279	1036	268	3	30	1001	0	975	0	2	0	0	980	1	956	0	989	
5980.000000	0	1	8	257	1026	258	3	32	1020	0	972	0	1	0	0	987	1	972	0	992	
5990.000000	0	1	7	234	1044	266	3	37	1009	0	970	0	1	0	0	992	1	973	0	984	
6000.000000	0	1	6	211	1027	276	2	37	990	0	971	0	1	0	0	1003	1	957	0	981	
6010.000000	0	1	6	191	1033	273	2	36	994	0	967	0	0	0	0	1021	1	974	0	991	
6020.000000	0	1	6	174	1040	287	2	36	1008	0	976	0	0	0	0	1025	1	987	0	997	
6030.000000	0	0	6	155	1049	283	1	37	1017	0	956	0	0	0	0	1021	1	969	0	991	
6040.000000	0	0	6	149	1037	291	1	38	1024	0	953	0	0	0	0	1011	1	973	0	1009	
6050.000000	0	0	5	143	1034	290	1	37	1043	0	937	0	0	0	0	1025	1	988	0	1023	
6060.000000	0	0	3	135	1038	294	1	37	1036	0	941	0	0	0	0	1027	1	993	0	1041	
6070.000000	0	0	2	120	1073	300	1	39	1050	0	923	0	0	0	0	1029	1	1002	0	1031	
6080.000000	0	0	2	107	1056	308	1	39	1048	0	927	0	0	0	0	1021	1	1011	0	1044	
6090.000000	0	0	2	96	1058	307	1	38	1071	0	917	0	0	0	0	1004	1	997	0	1029	
6100.000000	0	0	2	90	1056	301	1	38	1048	0	905	0	0	0	0	1029	1	1005	0	1010	
6110.000000	1	0	2	87	1067	306	1	39	1029	0	864	0	0	0	0	1027	1	1008	0	981	
6120.000000	1	0	2	84	1066	306	1	39	946	0	848	0	0	0	0	1004	1	1024	0	998	
6130.000000	1	0	2	79	1066	298	1	38	862	0	823	0	0	0	0	1016	1	1010	0	1003	
6140.000000	2	0	2	75	1051	295	1	38	781	0	794	0	0	0	0	993	1	978	0	1013	
6150.000000	2	0	1	70	1031	308	1	39	705	0	779	0	0	0	0	987	1	977	0	996	
6160.000000	5	1	1	67	1024	308	2	38	637	0	765	0	0	0	0	998	1	995	0	993	
6170.000000	16	3	2	57	1029	309	4	35	598	0	745	0	0	0	0	998	1	951	0	978	
6180.000000	46	18	3	51	1010	309	4	35	577	0	731	0	0	0	0	1005	1	954	0	974	
6190.000000	83	76	43	55	999	303	4	29	596	0	716	0	0	0	5	998	1	939	0	975	
6200.000000	76	124	101	106	995	288	4	31	606	0	720	0	0	0	10	982	1	927	0	989	
6210.000000	70	165	166	173	995	288	4	29	613	0	732	0	1	0	12	983	1	917	0	965	
6220.000000	62	220	245	249	1027	291	4	27	621	0	729	0	1	0	16	973	1	939	0	949	
6230.000000	55	262	301	305	1042	290	5	27	630	0	761	0	1	0	15	988	1	949	0	946	
6240.000000	48	297	349	355	1046	293	6	24	615	0	768	0	0	0	14	982	1	946	0	960	
6250.000000	42	314	434	406	1041	285	6	22	604	0	811	0	0	0	16	993	1	953	0	979	
6260.000000	36	328	481	453	1038	274	7	20	600	0	831	0	1	0	15	985	1	964	0	978	
6270.000000	32	323	528	508	1017	264	7	18	577	0	852	0	1	0	14	997	1	978	0	992	
6280.000000	29	322	566	540	1027	249	7	17	553	0	860	0	0	0	14	994	1	1002	0	988	
6290.000000	28	313	609	569	1041	235	7	15	511	0	901	0	0	0	13	1004	1	995	0	1005	
6300.000000	26	299	649	607	1030	216	6	15	489	0	916	0	0	0	12	1020	1	997	0	1011	
6310.000000	23	288	673	638	1023	212	6	15	459	0	932	0	0	0	13	1005	0	971	0	1006	
6320.000000	21	281	717	661	1015	196	5	15	431	0	970	0	2	0	13	1021	0	982	0	994	
6330.000000	19	268	742	697	1031	179	4	14	412	0	978	0	2	0	12	1022	0	973	0	975	
6340.000000	17	253	759	707	1007	165	4	12	377	0	961	0	2	0	13	1029	0	974	0	978	
6350.000000	16	237	786	737	995	159	4	12	343	0	952	0	2	0	15	1047	0	976	0	993	
6360.000000	16	226	792	754	994	148	4	12	316	0	957	0	1	0	15	1043	0	972	0	990	
6370.000000	15	206	800	771	997	134	4	11	300	0	957	0	2	0	14	1049	0	978	0	983	
6380.000000	15	198	790	773	1002	125	4	11	287	0	955	0	2	0	14	1065	0	977	0	994	
6390.000000	12	187	795	803	993	118	4	12	258	0	952	0	1	0	14	1077	0	983	0	1000	
6400.000000	8	177	812	834	992	117	2	13	238	0	969	0	1	0	15	1074	0	985	0	976	
6410.000000	7	158	830	847	1013	113	2	13	218	0	983	0	1	0	15	1070	0	990	0	970	
6420.000000	6	146	841	858	1008	108	4	11	205	0	968	0	1	0	14	1074	0	990	0	972	
6430.000000	6	135	818	867	1031	108	3	14	181	0	991	0	1	0	15	1085	0	992	0	955	
6440.000000	5	127	833	886	1039	113	4	15	167	0	985	0	1	0	16	1070	0	1003	0	962	
6450.000000	5	115	827	881	1019	103	4	15	157	0	989	0	1	0	14	1078	0	1009	0	966	
6460.000000	5	109	797	908	997	100	4	17	145	0	1000	0	0	0	12	1050	0	992	0	968	
6470.000000	5	98	783	919	989	88	4	18	133	0	1027	0	0	0	11	1038	0	988	0	948	
6480.000000	4	89	774	907	978	96	4	22	122	0	1021	0	0	0	10	1029	0	958	0	932	
6490.000000	3	76	779	922	956	98	3	21	116	0	1032	0	0	0	10	1013	0	944	0	920	
6500.000000	2	70	800	918	960	105	3	24	109	0	1020	0	0	0	10	1005	0	943	0	932	
6510.000000	2	64	774	894	959	111	3	30	100	0	1005	0	0	0	10	1010	0	948	0	939	
6520.000000	2	56	745	907	959	124	3	34	94	0	1005	0	0	0	9	1019	0	940	0	942	
6530.000000	2	53	746	914	968	145	4	34	83	0	1004	0	0	0	8	1013	0	923	0	917	
6540.000000	2	46	720	929	979	161	5	35	73	0	1007	0	0	0	6	1013	0	899	0	936	
6550.000000	2	42	694	935	966	174	5	35	68	0	1010	0	0	0	4	1029	0	869	0	941	
6560.000000	2	40	681	948	975	190	5	37	58	0	1016	0	1	0	4	1029	0	873	0	937	
6570.000000	2	34	665	957	968	192	6	37	49	0	1019	0	1	0	4	1023	0	840	0	966	
6580.000000	1	29	625	968	955	209	5	39	47	0	1014	0	0	0	4	999	0	814	0	942	
6590.000000	1	28	589	973	958	236	5	43	42	0	1011	0	0	0	3	1006	0	772	0	955	
6600.000000	1	23	562	980	968	244	5	40	39	0	1007	0	0	0	3	1016	0	754	0	948	
6610.000000	0	22	534	985	998	248	6	39	95	0	1014	0	1	0	3	1005	0	737	0	955	
6620.000000	0	21	498	991	984	253	5	37	181	0	1002	0	1	0	4	987	0	733	0	943	
6630.000000	0	19	480	989	993	260	5	41	243	0	1005	0	1	0	4	1000	0	754	0	947	
6640.000000	0	18	426	1006	995	245	4	38	315	0	1003	0	1	0	3	980	0	768	0	965	
6650.000000	0	17	399	996	989	253	4	37	358	0	1014	0	1	0	3	995	0	788	0	968	
6660.000000	0	13	372	977	973	257	4	36	427	0	1008	0	1	0	3	1025	0	809	0	999	
6670.000000	0	12	348	982	965	263	3	36	469	0	1000	0	2	0	2	1032	0	830	0	1012	
6680.000000	0	10	311	981	966	275	3	37	512	0	1009	0	2	0	2	995	1	828	0	1025	
6690.000000	0	10	291	967	971	286	3	35	572	0	1008	0	1	0	2	1013	1	846	0	1032	
6700.000000	0	8	273	974	980	275	3	27	593	0	1006	0	1	0	2	1007	1	847	0	1009	
6710.000000	0	8	250	967	957	263	3	24	625	0	1009	0	1	0	2	996	1	843	0	1005	
6720.000000	0	8	235	1004	958	260	3	25	655	0	1006	0	2	0	2	1012	0	872	0	1014	
6730.000000	0	6	214	1000	953	266	4	27	663	0	1001	0	2	0	2	1006	0	861	0	1013	
6740.000000	0	5	191	999	961	265	4	28	682	0	1008	0	2	0	2	1002	0	866	0	1005	
6750.000000	0	5	177	1001	958	277	5	28	699	0	1025	0	2	0	2	996	0	855	0	1025	
6760.000000	0	4	164	983	969	285	4	32	710	0	1029	0	3	0	2	1001	0	878	0	1007	
6770.000000	0	4	155	997	968	288	4	27	724	0	1045	0	3	0	2	994	0	891	0	1007	
6780.000000	0	4	143	1000	962	277	4	30	744	0	1067	0	3	0	2	992	0	893	0	1027	
6790.000000	0	4	129	991	955	263	4	30	760	0	1063	0	3	0	2	1007	0	921	0	1015	
6800.000000	0	4	125	955	963	278	4	35	777	0	1047	0	3	0	2	987	0	933	0	1002	
6810.000000	0	4	115	950	971	279	4	35	796	0	1062	0	4	0	2	980	0	940	0	1007	
6820.000000	0	4	106	954	989	286	4	35	799	0	1032	0	4	0	2	967	0	947	0	995	
6830.000000	0	4	93	939	991	297	4	35	787	0	1032	0	4	0	2	965	0	946	0	988	
6840.000000	0	4	86	906	983	298	2	35	812	0	1054	0	3	0	1	959	0	949	0	975	
6850.000000	0	4	77	886	974	289	2	35	845	0	1042	0	3	0	1	994	0	953	0	984	
6860.000000	0	4	68	860	984	275	1	31	859	0	1029	0	4	0	1	1007	0	951	0	1003	
6870.000000	0	4	63	824	978	261	1	32	871	0	1005	0	3	0	1	1006	0	962	0	981	
6880.000000	0	3	56	812	1006	265	1	31	876	0	1033	0	3	0	1	1000	0	951	0	1001	
6890.000000	0	3	51	787	1020	261	1	25	861	0	1040	0	3	0	0	1013	1	976	0	1024	
6900.000000	0	1	45	745	1001	250	1	27	878	0	1027	0	3	0	0	1007	1	969	0	1006	
6910.000000	0	1	41	700	996	249	1	27	882	0	1011	0	3	0	0	1019	1	994	0	994	
6920.000000	0	1	34	653	989	249	1	32	890	0	1004	0	3	0	0	1015	1	984	0	998	
6930.000000	0	1	31	615	979	249	1	36	897	0	994	0	4	0	0	1011	1	985	0	1025	
6940.000000	0	1	29	565	975	255	2	36	903	0	977	0	4	0	0	993	2	994	0	1045	
6950.000000	0	1	25	541	976	257	2	33	910	0	969	0	4	0	0	1017	3	991	0	1033	
6960.000000	0	1	23	524	991	265	3	32	911	0	986	0	4	0	0	990	3	1003	0	1012	
6970.000000	0	1	20	493	973	278	4	32	919	0	988	0	4	0	0	1001	3	1014	0	994	
6980.000000	0	1	18	462	965	271	4	33	912	0	997	0	4	0	0	998	3	1027	0	974	
6990.000000	0	1	14	424	990	276	4	35	929	0	1011	0	4	0	0	987	3	1015	0	963	
7000.000000	0	1	12	388	988	273	4	34	943	0	993	0	4	0	0	986	4	1019	0	955	
7010.000000	0	1	9	361	988	278	4	34	945	0	1013	0	3	0	0	987	3	1026	0	957	
7020.000000	0	1	7	324	973	287	4	34	955	0	1029	0	3	0	0	973	3	1015	0	958	
7030.000000	0	1	5	296	974	292	4	40	941	0	1025	0	3	0	0	1001	3	1002	0	950	
7040.000000	0	1	5	274	980	290	5	35	946	0	1018	0	3	0	0	996	2	988	0	919	
7050.000000	0	1	5	249	1000	295	5	36	960	0	1033	0	3	0	0	996	2	987	0	950	
7060.000000	0	1	4	223	1011	305	4	37	961	0	1002	0	3	0	0	994	1	988	0	937	
7070.000000	0	1	3	201	1017	310	3	39	974	0	1009	0	3	0	0	1013	1	980	0	939	
7080.000000	0	1	3	191	1028	325	3	41	985	0	991	0	3	0	0	1011	1	994	0	936	
7090.000000	0	1	2	178	1017	325	3	40	977	0	986	0	3	0	0	1032	2	998	0	958	
7100.000000	0	1	2	161	1020	330	2	41	982	0	978	0	3	0	0	1012	2	992	0	946	
7110.000000	0	1	2	144	1019	310	3	41	984	0	973	0	3	0	0	1009	2	994	0	952	
7120.000000	0	1	2	133	1030	316	3	39	980	0	973	0	3	0	0	1002	2	989	0	937	
7130.000000	0	1	1	122	1025	329	3	38	968	0	957	0	2	0	0	996	1	992	0	946	
7140.000000	0	1	1	113	1014	327	2	36	962	0	969	0	2	0	0	978	1	1005	0	948	
7150.000000	0	1	1	97	1013	317	2	33	978	0	955	0	1	0	0	968	1	990	0	943	
7160.000000	0	1	1	88	1019	313	2	36	964	0	951	0	1	0	0	965	1	998	0	975	
7170.000000	0	1	2	80	1034	320	2	30	963	0	925	0	1	0	0	960	1	997	0	964	
7180.000000	1	1	2	74	1033	311	2	34	924	0	898	0	1	0	0	973	1	1007	0	969	
7190.000000	3	1	3	65	1021	311	2	36	850	0	881	0	0	0	0	948	2	1001	0	977	
7200.000000	9	2	3	60	1018	320	3	30	776	0	855	0	0	0	0	967	2	1001	0	996	
7210.000000	27	12	2	56	1028	302	3	29	701	0	819	0	0	0	0	974	2	1018	0	1005	
7220.000000	53	45	13	54	1004	313	2	32	663	0	792	0	0	0	0	974	1	998	0	1014	
7230.000000	66	98	70	75	1023	312	2	32	659	0	743	0	0	0	8	957	1	1015	0	993	
7240.000000	59	150	146	144	1012	303	2	30	644	0	739	0	0	0	19	971	1	1004	0	1003	
7250.000000	55	171	209	221	1022	293	1	26	634	0	760	0	0	0	20	968	1	1003	0	998	
7260.000000	49	209	264	298	1037	292	1	24	623	0	798	0	0	0	23	975	1	1034	0	1005	
7270.000000	48	253	325	348	1033	281	1	21	604	0	813	0	0	0	23	979	1	1023	0	1001	
7280.000000	39	271	393	390	1028	273	1	22	590	0	839	0	0	0	21	986	1	1003	0	1007	
7290.000000	35	280	431	442	1003	265	1	21	562	0	851	0	0	0	22	1018	1	1018	0	971	
7300.000000	31	284	479	491	993	262	1	21	555	0	861	0	0	0	23	1010	1	1024	0	954	
7310.000000	27	279	518	547	981	252	1	21	534	0	869	0	0	0	21	1009	1	1010	0	936	
7320.000000	24	272	556	570	983	232	1	19	510	0	864	0	0	0	20	1004	1	1004	0	953	
7330.000000	23	267	597	612	985	223	0	17	487	0	867	0	0	0	18	977	1	1009	0	931	
7340.000000	23	249	628	671	996	211	0	15	456	0	886	0	0	0	16	994	1	1005	0	933	
7350.000000	23	244	679	693	987	200	0	15	434	0	897	0	0	0	16	994	1	1000	0	936	
7360.000000	20	244	701	708	965	193	2	15	413	0	897	0	0	0	16	991	1	1024	0	932	
7370.000000	17	235	718	763	957	182	3	15	391	0	918	0	0	0	15	983	1	997	0	929	
7380.000000	16	227	733	782	956	169	3	14	371	0	942	0	0	0	14	970	1	990	0	937	
7390.000000	15	224	751	798	945	159	2	13	346	0	944	0	0	0	13	965	1	981	0	924	
7400.000000	15	209	761	835	961	144	2	14	322	0	921	0	0	0	15	950	1	982	0	924	
7410.000000	14	193	778	846	947	132	4	16	313	0	933	0	1	0	15	938	1	964	0	935	
7420.000000	14	184	800	869	977	128	4	13	311	0	935	0	1	0	15	945	1	955	0	922	
7430.000000	12	179	819	868	963	127	4	14	284	0	956	0	2	0	15	937	1	950	0	909	
7440.000000	9	176	843	878	953	121	6	12	267	0	953	0	3	0	14	945	1	950	0	914	
7450.000000	8	169	839	882	940	118	7	11	249	0	967	0	3	0	14	943	2	933	0	911	
7460.000000	6	162	857	857	948	109	7	6	233	0	1000	0	4	0	12	937	1	942	0	926	
7470.000000	6	149	840	856	971	104	5	5	216	0	1009	0	5	0	11	900	1	947	0	942	
7480.000000	3	133	841	871	966	93	4	9	193	0	1012	0	5	0	11	898	1	952	0	932	
7490.000000	3	126	839	883	986	84	4	12	177	0	1008	0	5	0	11	905	1	958	0	936	
7500.000000	3	114	841	913	997	78	4	18	155	0	987	0	5	0	9	910	1	952	0	949	
7510.000000	3	104	838	913	1013	85	4	21	141	0	976	0	5	0	10	908	1	954	0	940	
7520.000000	2	90	863	943	999	88	3	20	128	0	979	0	5	0	9	936	2	943	0	941	
7530.000000	2	84	847	962	1013	98	3	24	118	0	985	0	4	0	9	937	2	915	0	948	
7540.000000	2	71	839	962	1023	114	4	26	108	0	988	0	3	0	8	958	3	914	0	932	
7550.000000	2	62	812	958	1019	128	3	28	99	0	958	0	3	0	8	965	3	892	0	946	
7560.000000	2	57	795	946	1010	131	1	30	94	0	961	0	2	0	8	986	3	894	0	969	
7570.000000	2	52	774	946	988	146	3	33	86	0	998	0	2	0	6	987	3	877	0	979	
7580.000000	2	44	728	967	989	154	3	36	76	0	996	0	2	0	3	981	3	841	0	998	
7590.000000	2	43	693	976	1001	162	3	35	67	0	1002	0	2	0	2	972	3	808	0	995	
7600.000000	2	38	675	951	1011	178	3	38	63	0	1000	0	2	0	1	987	2	786	0	993	
7610.000000	2	36	646	920	1031	199	2	41	56	0	1006	0	2	0	2	1003	2	754	0	989	
7620.000000	2	31	622	930	1037	210	2	38	54	0	1010	0	2	0	1	1009	2	742	0	984	
7630.000000	2	28	579	962	1043	227	3	39	49	0	1008	0	2	0	0	1000	2	734	0	974	
7640.000000	2	24	550	940	1024	241	4	39	48	0	989	0	2	0	0	1002	2	694	0	965	
7650.000000	2	23	513	959	1002	255	4	40	45	0	998	0	4	0	0	1029	1	675	0	963	
7660.000000	2	21	490	970	1021	265	4	42	39	0	994	0	5	0	0	1050	2	661	0	958	
7670.000000	2	21	466	984	1014	283	4	38	33	0	995	0	5	0	0	1026	3	643	0	966	
7680.000000	2	21	450	987	1030	286	4	37	30	0	983	0	3	0	0	1034	2	619	0	963	
7690.000000	2	21	421	990	1029	284	5	38	28	0	1003	0	2	0	0	1023	2	585	0	971	
7700.000000	2	21	391	995	1033	298	5	34	26	0	1015	0	2	0	0	1028	2	560	0	962	
7710.000000	1	21	374	1002	1024	307	5	35	25	0	1011	0	2	0	0	1038	1	541	0	950	
7720.000000	1	19	360	1029	1006	308	5	36	23	0	1006	0	2	0	0	1068	1	522	0	947	
7730.000000	0	18	339	1010	1026	304	5	29	85	0	1013	0	2	0	0	1065	2	532	0	971	
7740.000000	0	15	309	1007	1036	299	5	31	160	0	1014	0	2	0	0	1064	2	576	0	982	
7750.000000	0	14	295	1004	1027	304	5	30	240	0	991	0	4	0	0	1065	1	614	0	962	
7760.000000	0	14	274	997	1029	282	4	32	309	0	983	0	3	0	0	1067	1	639	0	953	
7770.000000	0	14	261	1002	1027	281	4	29	360	0	987	0	1	0	0	1077	1	668	0	953	
7780.000000	0	14	241	974	1006	282	4	29	423	0	988	0	1	0	0	1077	1	699	0	930	
7790.000000	0	14	223	978	997	276	4	31	482	0	1001	0	1	0	0	1074	1	727	0	926	
7800.000000	0	13	213	962	1001	275	4	30	525	0	992	0	1	0	0	1037	1	754	0	953	
7810.000000	0	13	201	972	1019	272	4	32	560	0	995	0	1	0	0	1052	1	801	0	954	
7820.000000	0	11	188	965	995	274	4	30	582	0	1010	0	1	0	0	1029	1	820	0	960	
7830.000000	0	11	177	955	1015	267	4	31	613	0	1006	0	1	0	0	1027	1	822	0	958	
7840.000000	0	9	163	943	1029	275	4	34	649	0	998	0	1	0	0	1027	0	836	0	961	
7850.000000	0	8	146	933	1021	283	5	34	692	0	1005	0	1	0	0	1033	0	840	0	959	
7860.000000	0	7	131	943	1008	274	3	34	696	0	989	0	1	0	0	1029	0	839	0	979	
7870.000000	0	7	121	920	1008	270	3	29	733	0	994	0	2	0	0	1040	0	855	0	988	
7880.000000	0	7	103	913	1035	262	3	31	753	0	1004	0	2	0	0	1020	0	863	0	1010	
7890.000000	0	7	97	905	1028	257	3	30	786	0	1022	0	1	0	0	1022	0	863	0	1022	
7900.000000	0	5	89	894	1030	270	3	32	807	0	1038	0	1	0	0	1016	0	862	0	1034	
7910.000000	0	4	85	899	1032	266	2	30	815	0	1028	0	1	0	0	1021	0	849	0	1060	
7920.000000	0	4	80	861	1042	264	2	28	835	0	1034	0	1	0	0	1019	0	864	0	1054	
7930.000000	0	4	73	814	1037	256	3	28	850	0	1028	0	1	0	0	1020	0	882	0	1057	
7940.000000	0	4	64	791	1041	242	3	29	882	0	1023	0	1	0	0	1040	0	910	0	1046	
7950.000000	0	4	62	778	1030	240	3	30	907	0	1028	0	2	0	0	1050	0	924	0	1030	
7960.000000	0	4	61	775	1032	249	3	33	913	0	1023	0	2	0	0	1051	0	936	0	1023	
7970.000000	0	4	56	751	1029	269	3	34	911	0	1026	0	2	0	0	1041	0	944	0	1011	
7980.000000	0	4	53	726	1021	274	3	35	926	0	1008	0	2	0	0	1028	0	954	0	1006	
7990.000000	0	4	47	713	1024	278	3	30	922	0	1011	0	2	0	0	1030	0	920	0	965	
8000.000000	0	3	43	692	1023	276	3	31	918	0	1016	0	2	0	0	1040	0	910	0	956	
8010.000000	0	2	39	663	1020	277	3	32	937	0	1000	0	2	0	0	1048	0	898	0	966	
8020.000000	0	2	37	640	1003	282	3	34	929	0	1012	0	2	0	0	1058	0	921	0	935	
8030.000000	0	2	36	617	994	288	2	34	927	0	1028	0	3	0	0	1028	0	917	0	924	
8040.000000	0	1	34	584	988	291	3	35	931	0	1011	0	3	0	0	1021	0	930	0	931	
8050.000000	0	1	30	551	1000	299	3	34	954	0	1006	0	4	0	0	1038	0	940	0	929	
8060.000000	0	1	29	538	1015	301	3	33	968	0	1003	0	4	0	0	1042	0	959	0	929	
8070.000000	0	1	28	507	1017	295	3	33	949	0	978	0	4	0	0	1053	0	959	0	956	
8080.000000	0	1	23	493	1024	306	3	29	946	0	991	0	4	0	0	1024	0	945	0	969	
8090.000000	0	1	22	469	997	308	3	28	968	0	997	0	4	0	0	1003	0	937	0	961	
8100.000000	0	1	19	432	989	294	3	31	954	0	988	0	3	0	0	982	1	948	0	961	
8110.000000	0	1	19	387	994	293	3	30	966	0	986	0	4	0	0	998	1	941	0	950	
8120.000000	0	1	18	370	1005	287	4	32	963	0	977	0	4	0	0	987	1	943	0	956	
8130.000000	0	1	16	338	1024	289	3	31	951	0	984	0	4	0	0	994	1	946	0	951	
8140.000000	0	1	15	305	1008	285	3	29	948	0	991	0	4	0	0	1001	2	950	0	965	
8150.000000	0	1	12	269	1013	283	4	31	926	0	990	0	4	0	0	999	2	972	0	978	
8160.000000	0	1	11	250	1000	278	4	26	954	0	992	0	4	0	0	1004	3	979	0	990	
8170.000000	0	1	10	228	975	269	4	28	958	0	983	0	4	0	0	1001	3	982	0	1005	
8180.000000	0	1	9	214	989	274	3	32	954	0	997	0	4	0	0	998	2	983	0	1012	
8190.000000	0	1	9	201	975	273	2	33	953	0	988	0	3	0	0	990	2	975	0	1005	
8200.000000	0	1	9	189	970	268	2	32	966	0	1010	0	3	0	0	973	2	969	0	1008	
8210.000000	0	1	9	179	953	269	2	34	969	0	1013	0	3	0	0	980	2	957	0	1010	
8220.000000	0	1	7	170	958	283	2	32	973	0	1018	0	1	0	0	980	2	958	0	1004	
8230.000000	0	1	6	158	953	276	2	28	973	0	1021	0	2	0	0	971	2	975	0	1011	
8240.000000	0	1	5	150	965	266	2	31	950	0	1010	0	1	0	0	972	2	967	0	1011	
8250.000000	0	1	5	141	952	266	2	31	972	0	1010	0	1	0	0	991	2	983	0	1000	
8260.000000	0	1	4	134	976	260	2	30	986	0	989	0	1	0	0	1019	2	975	0	997	
8270.000000	0	1	4	129	994	267	3	28	995	0	972	0	1	0	0	1006	1	988	0	1020	
8280.000000	0	1	4	117	984	268	3	31	969	0	954	0	1	0	0	1000	0	983	0	1024	
8290.000000	0	1	3	101	963	274	2	38	962	0	939	0	1	0	0	985	0	958	0	1015	
8300.000000	0	1	3	98	970	277	2	35	945	0	906	0	1	0	0	966	1	977	0	1010	
8310.000000	1	1	3	86	978	283	4	37	895	0	898	0	2	0	0	965	1	983	0	984	
8320.000000	1	1	3	78	939	280	6	35	796	0	887	0	3	0	0	973	1	999	0	1004	
8330.000000	2	1	3	71	935	275	7	32	712	0	871	0	2	0	0	960	1	1007	0	1016	
8340.000000	5	1	3	64	946	277	7	33	648	0	870	0	2	0	0	982	1	1007	0	1009	
8350.000000	9	4	3	59	936	270	9	29	601	0	851	0	2	0	0	994	1	1019	0	1009	
8360.000000	21	18	11	57	942	274	7	29	560	0	818	0	2	0	0	982	1	1008	0	1017	
8370.000000	31	38	27	66	918	283	8	31	533	0	793	0	2	0	1	991	0	998	0	1014	
8380.000000	30	61	66	109	923	289	8	29	511	0	770	0	2	0	6	1009	0	988	0	995	
8390.000000	29	76	111	158	928	284	8	26	471	0	773	0	3	0	10	990	0	980	0	1006	
8400.000000	27	92	171	224	949	286	8	20	447	0	793	0	4	0	13	1000	0	991	0	1011	
8410.000000	24	99	199	262	950	276	8	19	439	0	806	0	4	0	14	1010	0	999	0	997	
8420.000000	21	109	249	327	940	256	8	17	415	0	827	0	4	0	13	1024	0	1000	0	998	
8430.000000	18	108	289	384	945	247	8	17	382	0	842	0	3	0	12	1023	0	982	0	1007	
8440.000000	14	105	339	408	948	228	7	16	355	0	859	0	3	0	12	1008	0	998	0	999	
8450.000000	12	103	375	464	957	220	8	16	332	0	833	0	4	0	14	1015	0	992	0	987	
8460.000000	11	97	409	512	955	213	8	15	311	0	848	0	4	0	12	999	0	981	0	975	
8470.000000	11	92	430	548	945	204	7	13	286	0	851	0	4	0	12	990	0	967	0	975	
8480.000000	10	87	463	585	943	191	7	13	256	0	869	0	4	0	12	994	0	955	0	966	
8490.000000	8	86	501	618	941	181	7	13	233	0	868	0	4	0	12	967	0	972	0	968	
8500.000000	7	82	530	648	961	169	8	13	217	0	896	0	4	0	11	975	0	984	0	955	
8510.000000	7	79	565	695	942	160	8	14	200	0	907	0	4	0	11	988	0	1007	0	947	
8520.000000	6	76	577	732	963	155	6	16	185	0	913	0	4	0	10	970	0	993	0	943	
8530.000000	6	67	582	736	943	148	4	15	168	0	914	0	3	0	10	960	0	990	0	952	
8540.000000	5	63	588	775	951	137	4	15	157	0	923	0	3	0	9	990	0	984	0	957	
8550.000000	4	55	604	788	942	133	4	16	136	0	926	0	2	0	7	990	0	975	0	958	
8560.000000	4	52	588	805	958	125	3	20	128	0	946	0	1	0	7	981	0	967	0	979	
8570.000000	4	47	576	830	964	135	3	26	124	0	953	0	1	0	7	1009	0	965	0	991	
8580.000000	4	42	563	854	991	139	2	33	115	0	976	0	1	0	7	1010	0	937	0	1004	
8590.000000	4	40	550	867	988	159	2	39	105	0	975	0	1	0	7	993	0	918	0	1005	
8600.000000	4	36	546	883	988	173	2	43	97	0	960	0	1	0	7	1003	0	924	0	1002	
8610.000000	4	34	530	892	979	200	3	39	94	0	950	0	1	0	7	1024	0	903	0	1000	
8620.000000	4	28	518	930	979	212	4	39	84	0	969	0	1	0	7	1013	0	898	0	1007	
8630.000000	4	27	492	914	993	247	4	40	77	0	974	0	1	0	5	1008	0	891	0	1013	
8640.000000	4	25	476	930	987	275	4	40	70	0	970	0	1	0	5	1035	0	859	0	993	
8650.000000	4	24	460	927	980	281	4	39	65	0	979	0	1	0	5	996	0	838	0	1018	
8660.000000	4	22	427	952	972	285	5	40	60	0	964	0	1	0	5	971	0	825	0	1017	
8670.000000	4	20	394	945	966	292	4	39	56	0	939	0	1	0	4	979	0	813	0	1015	
8680.000000	4	19	371	955	951	293	4	40	53	0	936	0	0	0	3	946	0	785	0	1021	
8690.000000	4	16	343	939	946	296	3	39	49	0	928	0	0	0	3	954	0	775	0	1000	
8700.000000	4	14	322	962	948	304	3	41	46	0	924	0	0	0	3	957	0	742	0	967	
8710.000000	4	14	301	961	961	300	4	40	45	0	929	0	1	0	1	948	0	722	0	969	
8720.000000	4	12	278	966	972	303	3	39	44	0	937	0	2	0	1	953	0	712	0	955	
8730.000000	4	13	260	968	947	299	4	36	43	0	937	0	2	0	1	957	0	685	0	988	
8740.000000	4	12	237	982	940	302	4	36	40	0	922	0	2	0	0	944	0	665	0	984	
8750.000000	4	10	223	1001	951	299	4	38	36	0	952	0	2	0	0	971	0	642	0	978	
8760.000000	4	11	200	1008	965	300	4	34	33	0	963	0	2	0	0	954	0	623	0	972	
8770.000000	4	11	186	996	975	299	4	34	28	0	953	0	2	0	0	958	0	597	0	990	
8780.000000	4	12	172	973	989	293	3	34	27	0	954	0	1	0	0	971	0	585	0	966	
8790.000000	3	10	162	967	1004	296	2	31	20	0	967	0	2	0	0	980	0	548	0	978	
8800.000000	3	8	156	983	997	310	2	36	20	0	969	0	2	0	0	982	0	508	0	979	
8810.000000	3	7	149	974	1004	324	1	35	18	0	972	0	2	0	0	987	0	470	0	976	
8820.000000	3	7	135	982	1019	317	1	32	16	0	960	0	2	0	0	1003	0	440	0	964	
8830.000000	2	7	124	987	996	312	1	32	14	0	973	0	3	0	0	994	0	408	0	958	
8840.000000	2	7	120	971	1027	305	1	30	12	0	987	0	4	0	0	995	1	375	0	941	
8850.000000	2	7	108	958	1040	305	1	29	12	0	998	0	4	0	0	1014	1	346	0	938	
8860.000000	1	6	100	935	1038	300	1	28	10	0	1017	0	4	0	0	999	1	324	0	943	
8870.000000	1	6	90	909	1017	285	1	27	9	0	1004	0	5	0	0	1001	2	293	0	967	
8880.000000	1	5	86	906	1038	286	1	25	8	0	1000	0	5	0	0	991	2	266	0	960	
8890.000000	1	5	80	877	1025	276	2	27	7	0	984	0	5	0	0	978	2	248	0	950	
8900.000000	1	5	75	866	1040	279	3	26	7	0	985	0	6	0	0	988	2	234	0	952	
8910.000000	1	5	75	850	1026	270	3	25	5	0	978	0	5	0	0	1001	2	216	0	973	
8920.000000	1	5	73	821	1039	264	3	27	6	0	976	0	5	0	0	1003	2	199	0	970	
8930.000000	1	5	71	797	1038	256	1	28	5	0	974	0	5	0	0	989	3	187	0	965	
8940.000000	1	4	63	774	1022	253	1	29	4	0	976	0	6	0	0	997	4	173	0	999	
8950.000000	1	3	57	755	1035	241	1	29	4	0	958	0	6	0	0	1006	5	159	0	1003	
8960.000000	1	2	54	735	1014	248	2	32	4	0	993	0	4	0	0	988	6	150	0	1010	
8970.000000	1	0	45	712	1030	240	2	31	4	0	981	0	4	0	0	998	4	139	0	1006	
8980.000000	1	0	38	677	1011	237	2	32	4	0	960	0	4	0	0	1004	5	134	0	1009	
8990.000000	1	0	36	651	1004	245	3	33	4	0	946	0	4	0	0	1015	4	120	0	999	
9000.000000	1	0	32	631	1033	265	2	35	3	0	937	0	5	0	0	1025	5	106	0	989	
9010.000000	1	0	31	605	1023	284	4	35	2	0	962	0	5	0	0	1036	4	88	0	977	
9020.000000	1	0	27	577	1031	281	4	33	2	0	954	0	4	0	0	1035	4	84	0	984	
9030.000000	1	0	26	547	1028	268	4	33	2	0	954	0	4	0	0	1038	3	81	0	974	
9040.000000	1	0	25	523	1017	262	3	27	2	0	967	0	4	0	0	1044	3	75	0	988	
9050.000000	1	0	22	496	1028	260	2	29	2	0	958	0	4	0	0	1046	3	71	0	992	
9060.000000	1	0	21	476	1019	256	2	30	2	0	945	0	5	0	0	1023	4	68	0	981	
9070.000000	1	0	19	438	1020	259	2	31	2	0	957	0	3	0	0	1013	4	65	0	979	
9080.000000	1	0	18	397	1035	273	1	34	2	0	961	0	2	0	0	1020	3	62	0	972	
9090.000000	1	0	17	378	1044	286	1	33	2	0	945	0	2	0	1	1020	3	55	0	983	
9100.000000	1	0	15	347	1027	279	1	32	2	0	940	0	2	0	1	1019	3	54	0	995	
9110.000000	1	0	14	324	1020	271	1	32	2	0	942	0	2	0	1	1029	3	51	0	1005	
9120.000000	1	0	14	302	1016	258	2	33	2	0	969	0	3	0	1	1035	3	50	0	1016	
9130.000000	1	0	13	279	993	270	3	33	2	0	970	0	3	0	1	1043	3	45	0	1012	
9140.000000	0	0	13	263	984	283	3	33	18	0	971	0	3	0	1	1054	3	43	0	997	
9150.000000	0	0	12	243	977	296	3	34	115	0	968	0	1	0	0	1033	3	76	0	993	
9160.000000	0	0	12	228	967	295	3	35	204	0	960	0	2	0	2	1043	3	138	0	1007	
9170.000000	0	0	11	212	955	286	3	29	265	0	937	0	2	0	3	1042	3	214	0	1000	
9180.000000	0	0	10	201	988	284	2	33	314	0	947	0	3	0	3	1045	3	284	0	996	
9190.000000	0	0	10	188	991	294	2	34	382	0	964	0	2	0	3	1048	3	329	0	997	
9200.000000	0	0	10	170	987	304	2	35	419	0	968	0	2	0	3	1042	2	399	0	1006	
9210.000000	0	0	9	159	997	303	2	30	496	0	990	0	2	0	2	1056	2	446	0	1010	
9220.000000	0	0	8	149	980	293	2	28	547	0	976	0	2	0	2	1040	2	481	0	1031	
9230.000000	0	0	8	140	990	282	2	24	601	0	975	0	1	0	2	1057	2	519	0	1053	
9240.000000	0	0	8	134	973	279	2	21	609	0	966	0	1	0	2	1045	1	562	0	1049	
9250.000000	0	0	7	123	970	274	2	19	641	0	957	0	2	0	3	1057	1	607	0	1038	
9260.000000	0	0	6	116	999	255	1	19	672	0	938	0	2	0	2	1049	1	621	0	1021	
9270.000000	0	0	5	106	987	252	1	21	698	0	952	0	2	0	2	1046	1	651	0	1018	
9280.000000	0	0	4	99	988	238	1	20	724	0	928	0	2	0	2	1029	1	671	0	1022	
9290.000000	0	0	3	87	1000	231	2	21	747	0	911	0	3	0	2	1027	0	716	0	1004	
9300.000000	1	0	3	83	990	221	2	22	738	0	928	0	3	0	3	1037	0	747	0	1022	
9310.000000	1	0	3	80	983	215	3	23	682	0	904	0	3	0	3	1044	0	746	0	1014	
9320.000000	3	0	3	77	991	233	3	25	611	0	886	0	3	0	3	1050	0	778	0	1011	
9330.000000	6	0	3	64	1016	224	2	25	546	0	855	0	3	0	3	1050	0	781	0	994	
9340.000000	10	5	3	59	1032	225	3	27	510	0	859	0	3	0	4	1033	1	789	0	996	
9350.000000	24	14	7	57	1040	238	4	33	485	0	839	0	3	0	3	1003	1	800	0	1009	
9360.000000	40	34	20	57	1061	243	4	33	474	0	809	0	3	0	2	1010	0	818	0	994	
9370.000000	47	73	59	76	1061	237	4	30	489	0	776	0	3	0	9	1004	0	839	0	995	
9380.000000	39	97	122	127	1070	242	4	28	501	0	790	0	3	0	18	1009	0	851	0	972	
9390.000000	36	116	206	208	1057	251	4	25	500	0	807	0	3	0	20	1000	0	875	0	959	
9400.000000	33	139	260	272	1053	254	4	23	479	0	827	0	3	0	21	1001	0	897	0	965	
9410.000000	27	143	306	337	1014	247	4	20	469	0	827	0	3	0	22	996	0	898	0	977	
9420.000000	25	151	343	401	1024	240	4	18	452	0	837	0	3	0	20	995	1	922	0	977	
9430.000000	24	154	382	466	1017	237	4	17	419	0	866	0	3	0	20	995	1	913	0	961	
9440.000000	23	156	436	496	1000	215	5	17	385	0	889	0	3	0	20	1023	0	929	0	960	
9450.000000	20	152	475	546	997	208	5	14	366	0	900	0	2	0	18	1000	0	935	0	945	
9460.000000	20	156	528	556	1012	198	5	17	346	0	914	0	2	0	20	988	0	943	0	934	
9470.000000	17	157	559	605	1026	184	4	18	331	0	950	0	3	0	20	1003	0	945	0	938	
9480.000000	15	154	594	625	992	181	4	18	305	0	972	0	2	0	18	1003	0	970	0	963	
9490.000000	13	150	605	652	993	175	4	17	285	0	974	0	3	0	17	989	0	979	0	974	
9500.000000	12	143	633	681	1010	162	5	16	267	0	960	0	3	0	14	981	0	975	0	960	
9510.000000	12	135	673	702	1021	153	5	13	241	0	943	0	4	0	14	984	0	988	0	962	
9520.000000	11	133	699	708	1006	144	5	13	223	0	953	0	4	0	13	973	0	977	0	986	
9530.000000	10	123	710	740	980	138	5	13	203	0	942	0	4	0	13	986	0	944	0	986	
9540.000000	10	120	732	776	980	134	5	12	196	0	961	0	3	0	11	965	0	931	0	1002	
9550.000000	10	114	728	760	988	121	4	14	182	0	968	0	3	0	11	969	0	933	0	993	
9560.000000	10	108	726	783	974	114	4	16	171	0	981	0	4	0	10	966	0	924	0	972	
9570.000000	10	97	716	807	960	117	5	19	155	0	973	0	1	0	10	996	0	934	0	971	
9580.000000	8	92	724	814	972	117	6	16	143	0	962	0	2	0	9	996	0	944	0	938	
9590.000000	7	86	733	836	950	116	6	17	131	0	952	0	3	0	11	1015	0	943	0	935	
9600.000000	6	80	745	856	975	119	5	18	122	0	970	0	4	0	10	1010	0	937	0	962	
9610.000000	5	77	756	881	978	108	6	18	110	0	972	0	4	0	9	1010	0	923	0	941	
9620.000000	5	69	756	904	993	110	8	20	105	0	961	0	3	0	8	1028	0	909	0	957	
9630.000000	5	61	732	906	961	110	6	18	92	0	964	0	3	0	6	1031	0	902	0	977	
9640.000000	5	60	722	918	965	109	6	25	85	0	954	0	3	0	6	1023	0	874	0	943	
9650.000000	5	57	716	921	937	125	6	29	85	0	957	0	3	0	5	1022	0	891	0	944	
9660.000000	5	52	715	909	955	135	6	29	79	0	958	0	3	0	5	993	0	883	0	936	
9670.000000	4	50	703	927	965	144	6	33	73	0	989	0	2	0	5	989	0	879	0	945	
9680.000000	4	47	666	943	968	162	7	38	64	0	980	0	2	0	5	978	0	832	0	974	
9690.000000	2	44	649	941	963	188	7	36	55	0	975	0	3	0	4	998	0	793	0	964	
9700.000000	2	42	621	952	990	199	7	35	51	0	978	0	3	0	3	986	1	766	0	960	
9710.000000	2	35	614	941	981	209	6	39	44	0	998	0	2	0	3	985	1	747	0	928	
9720.000000	2	34	574	957	990	224	6	38	40	0	1018	0	2	0	3	975	1	725	0	930	
9730.000000	1	32	558	966	991	244	5	36	35	0	1014	0	2	0	3	981	1	686	0	943	
9740.000000	1	28	531	996	957	250	4	35	29	0	997	0	2	0	3	995	0	652	0	951	
9750.000000	1	25	505	979	968	246	4	31	27	0	980	0	2	0	2	993	0	604	0	978	
9760.000000	1	24	481	982	972	248	5	29	24	0	977	0	2	0	2	985	0	582	0	960	
9770.000000	1	21	453	965	968	258	4	30	24	0	987	0	3	0	2	985	0	543	0	943	
9780.000000	1	16	426	950	981	248	4	28	23	0	980	0	3	0	2	989	0	514	0	962	
9790.000000	1	15	401	955	992	245	4	33	21	0	994	0	3	0	2	999	1	461	0	977	
9800.000000	1	14	371	974	1001	245	5	34	18	0	999	0	2	0	2	1003	1	426	0	990	
9810.000000	1	13	341	968	989	255	5	31	16	0	973	0	1	0	2	1020	1	398	0	1010	
9820.000000	1	11	313	984	1004	258	4	30	15	0	978	0	1	0	2	1006	1	364	0	1027	
9830.000000	0	10	289	978	1005	252	4	31	17	0	980	0	1	0	2	1010	1	348	0	1018	
9840.000000	0	9	268	957	1012	251	4	31	97	0	978	0	1	0	1	1024	1	374	0	1010	
9850.000000	0	9	240	960	1011	250	3	37	189	0	989	0	1	0	1	1022	1	418	0	1005	
9860.000000	0	9	220	971	1030	264	3	34	238	0	975	0	1	0	1	1017	1	462	0	1012	
9870.000000	0	8	209	970	1022	259	2	34	313	0	967	0	1	0	1	1006	1	509	0	989	
9880.000000	0	8	190	976	1026	266	2	35	376	0	972	0	1	0	0	1021	1	567	0	971	
9890.000000	0	7	175	974	1023	280	3	36	435	0	970	0	2	0	0	1012	1	610	0	964	
9900.000000	0	5	159	968	1021	277	2	34	480	0	947	0	2	0	0	1011	1	633	0	972	
9910.000000	0	4	143	969	1034	283	2	34	518	0	933	0	2	0	0	1020	2	662	0	971	
9920.000000	0	4	129	963	1005	296	2	37	564	0	940	0	2	0	0	1012	1	705	0	958	
9930.000000	0	4	119	931	1001	306	2	39	584	0	951	0	3	0	0	999	2	716	0	958	
9940.000000	0	4	110	917	995	308	2	40	617	0	957	0	5	0	0	1004	4	730	0	966	
9950.000000	0	4	106	927	985	323	2	39	640	0	952	0	4	0	0	1007	4	733	0	962	
9960.000000	0	4	100	917	974	332	1	40	659	0	953	0	4	0	0	1023	4	758	0	945	
9970.000000	0	4	91	894	986	330	2	36	687	0	940	0	4	0	0	1013	4	785	0	957	
9980.000000	0	4	83	853	975	341	2	37	716	0	940	0	2	0	0	1001	4	807	0	935	
9990.000000	0	3	76	844	976	338	2	33	738	0	936	0	2	0	0	987	4	835	0	941	
10000.000000	0	3	70	839	982	334	2	33	762	0	941	0	2	0	0	1001	4	853	0	957	
