0.000000	10	10	10	10	10	10	0	0	0	0	0	0	0	0	0	0	0	0	0	0	
0.000000	10	10	10	10	10	10	0	0	0	0	0	0	0	0	0	1	0	0	0	0	
10.000000	92	45	31	14	9	96	11	43	33	0	32	20	22	0	1	29	30	0	82	0	
20.000000	143	124	88	61	8	173	11	52	110	0	40	19	19	1	1	38	82	0	170	0	
30.000000	136	198	161	127	7	251	10	49	164	0	39	19	19	7	1	35	78	0	243	0	
40.000000	121	258	237	201	7	317	10	45	239	0	35	15	18	8	1	32	71	0	308	0	
50.000000	114	295	305	264	7	397	10	38	284	0	33	14	15	9	1	30	65	0	371	0	
60.000000	102	334	357	323	6	437	9	35	343	0	29	12	13	11	1	27	60	0	396	0	
70.000000	94	355	426	379	6	479	7	33	380	0	27	9	12	10	1	25	58	0	448	0	
80.000000	83	363	478	431	5	529	6	30	435	0	25	7	12	12	1	20	57	0	492	0	
90.000000	74	392	526	490	4	567	6	29	482	0	26	6	12	15	1	20	53	0	533	0	
100.000000	64	408	580	540	4	601	6	25	525	0	24	6	8	17	1	19	53	0	567	0	
110.000000	61	419	624	568	4	641	5	23	541	0	21	6	8	22	1	16	50	0	614	0	
120.000000	52	426	660	590	3	667	5	21	597	0	19	6	6	25	1	14	45	0	642	0	
130.000000	49	447	685	640	3	698	5	19	636	0	19	5	5	25	1	14	44	0	670	0	
140.000000	48	459	688	668	2	740	5	20	672	0	17	5	5	28	1	12	41	0	705	0	
150.000000	48	465	707	708	2	757	4	18	689	0	17	5	4	29	1	12	37	0	728	0	
160.000000	43	459	710	725	2	765	4	15	745	0	17	4	4	30	1	11	35	0	763	0	
170.000000	42	461	723	748	2	781	4	12	798	0	18	3	4	26	1	11	31	0	772	0	
180.000000	40	455	741	759	2	814	4	10	822	0	18	3	4	27	1	10	29	0	793	0	
190.000000	37	456	762	786	2	842	4	10	844	0	15	3	3	26	1	9	28	0	816	0	
200.000000	33	443	783	795	2	871	4	11	874	0	14	3	3	23	1	9	26	0	806	0	
210.000000	29	435	794	817	2	887	4	12	885	0	16	2	3	28	1	8	25	0	810	0	
220.000000	27	413	794	811	2	904	3	13	904	0	8	1	3	25	1	6	22	0	821	0	
230.000000	25	393	808	816	2	899	3	13	902	0	8	1	3	23	1	5	20	0	844	0	
240.000000	24	379	842	834	2	898	3	13	920	0	8	1	3	24	1	5	15	0	840	0	
250.000000	22	352	854	849	2	906	3	12	924	0	8	1	3	23	1	5	13	0	867	0	
260.000000	21	333	849	846	2	924	3	10	947	0	6	1	3	22	1	5	10	0	881	0	
270.000000	20	322	872	877	2	913	2	10	960	0	7	1	3	20	1	4	8	0	891	0	
280.000000	20	305	887	890	2	901	2	10	961	0	7	0	3	17	1	4	11	0	892	0	
290.000000	19	292	875	910	2	929	1	10	962	0	6	0	3	20	1	4	18	0	917	0	
300.000000	17	272	884	929	2	937	1	9	961	0	6	0	3	18	1	4	36	0	937	0	
310.000000	12	256	866	945	2	941	1	9	944	0	7	0	3	19	1	2	39	0	939	0	
320.000000	12	245	859	958	3	960	1	6	944	0	7	0	3	17	1	2	48	0	941	0	
330.000000	12	229	873	955	4	962	1	5	959	0	8	0	3	15	1	2	56	0	944	0	
340.000000	11	210	899	957	4	955	1	3	968	0	7	0	2	15	1	1	53	0	950	0	
350.000000	10	200	896	969	4	977	1	3	966	0	7	0	1	16	1	1	57	0	952	0	
360.000000	7	191	910	987	3	999	1	3	978	0	7	0	1	16	1	1	57	0	954	0	
370.000000	7	180	874	993	2	1003	1	2	989	0	7	0	1	15	1	1	59	0	958	0	
380.000000	6	156	894	994	2	1004	1	3	997	0	7	0	1	16	1	1	64	0	967	0	
390.000000	6	138	907	1006	2	996	1	3	1023	0	6	0	1	16	1	1	62	0	977	0	
400.000000	6	129	915	1018	2	986	1	2	1036	0	7	0	1	16	1	1	65	0	994	0	
410.000000	5	119	918	998	2	987	1	3	1020	0	6	0	1	17	1	1	68	0	974	0	
420.000000	5	115	919	1014	2	981	1	2	1020	0	7	0	1	16	1	1	70	0	971	0	
430.000000	4	108	880	1042	2	951	1	2	1020	0	7	0	1	15	1	1	72	0	998	0	
440.000000	3	95	866	1039	14	970	1	2	1012	0	9	0	0	17	1	1	64	0	999	0	
450.000000	3	92	872	1034	42	959	1	1	1008	0	9	0	0	19	1	1	64	0	991	0	
460.000000	3	87	863	1045	62	974	1	1	1015	0	9	0	0	18	1	2	69	0	1021	0	
470.000000	2	79	857	1039	76	966	1	2	1012	0	8	0	0	19	1	1	71	0	1006	0	
480.000000	2	76	854	1021	105	974	1	2	1008	0	8	0	0	19	1	1	73	0	1012	0	
490.000000	2	69	840	1009	120	978	1	3	1025	0	9	0	0	18	1	1	78	0	1031	0	
500.000000	2	62	823	1008	137	961	1	3	1041	11	8	0	0	18	1	0	90	0	1034	0	
510.000000	2	59	774	1019	147	941	1	3	1007	21	6	0	0	18	1	0	90	0	1048	0	
520.000000	2	55	759	1006	158	954	1	3	1003	46	5	0	0	17	1	0	90	0	1050	0	
530.000000	2	53	745	995	162	980	1	3	1020	62	3	0	0	16	1	0	91	0	1044	0	
540.000000	2	50	738	1007	172	989	0	3	1006	74	3	0	0	16	1	0	95	0	1039	0	
550.000000	2	46	713	1009	172	1002	0	3	1006	88	2	0	0	16	1	0	93	0	1016	0	
560.000000	1	45	702	1014	185	995	1	3	1006	104	1	0	0	16	1	0	89	0	1016	0	
570.000000	1	38	667	1008	194	987	2	3	975	125	1	0	0	13	1	0	90	0	1016	0	
580.000000	1	35	640	1015	201	983	2	3	974	146	1	0	0	13	1	0	84	0	1008	0	
590.000000	1	33	612	1029	204	984	3	2	984	160	1	0	0	13	1	0	77	0	1009	0	
600.000000	1	32	587	1012	210	994	4	2	1005	178	1	0	0	10	1	0	77	0	1003	0	
610.000000	1	30	554	1010	213	1024	4	2	1015	204	0	0	0	52	1	0	88	0	989	0	
620.000000	1	28	539	1021	198	1034	4	2	1022	202	0	0	0	73	1	0	138	0	994	0	
630.000000	1	24	522	1023	178	1022	4	1	1006	195	0	0	0	93	1	0	184	0	991	0	
640.000000	1	22	500	994	160	1015	4	2	972	180	0	0	0	109	1	0	237	0	990	0	
650.000000	1	18	468	1009	144	1001	4	2	981	167	0	0	0	114	1	1	305	0	1003	0	
660.000000	1	17	439	1024	132	1009	4	1	983	150	0	0	0	116	1	3	340	0	1009	0	
670.000000	1	14	415	1013	118	1030	4	2	998	142	0	0	0	123	1	3	402	0	1029	0	
680.000000	1	13	376	1018	108	1038	2	3	994	130	0	0	0	126	1	3	437	0	1032	0	
690.000000	1	12	348	1006	96	1053	1	3	1023	117	0	0	0	129	1	2	478	0	1032	0	
700.000000	1	11	326	996	88	1065	0	3	1034	105	0	0	0	129	1	1	512	0	1014	0	
710.000000	1	11	302	984	79	1056	0	3	1029	97	0	0	0	130	1	1	542	0	1030	0	
720.000000	1	11	279	987	72	1068	0	3	998	89	0	0	0	133	1	1	572	0	1023	0	
730.000000	1	11	258	971	66	1060	0	3	998	77	0	0	0	120	1	1	610	0	1008	0	
740.000000	1	10	235	982	60	1045	0	3	997	72	0	0	0	122	1	1	627	0	1000	0	
750.000000	1	9	222	977	52	1036	0	4	998	66	0	0	0	120	1	1	636	0	1002	0	
760.000000	1	9	208	971	44	1032	0	4	987	60	0	0	0	119	1	1	664	0	1030	0	
770.000000	1	9	193	996	42	1052	0	7	995	56	0	0	0	118	1	0	692	0	1039	0	
780.000000	1	9	176	996	42	1040	0	6	984	53	0	0	0	129	1	1	696	0	1028	0	
790.000000	0	9	159	986	36	1028	1	7	980	49	0	0	0	122	1	0	712	0	1029	0	
800.000000	0	7	152	990	34	1027	1	8	1004	49	0	0	0	132	1	0	726	0	1012	0	
810.000000	0	5	148	1003	30	1033	1	8	992	44	0	0	0	125	1	1	761	0	1029	0	
820.000000	0	5	133	990	28	1018	1	7	1015	38	0	0	0	125	1	2	787	0	1004	0	
830.000000	0	5	120	993	26	1009	1	7	1028	35	0	0	0	124	1	2	807	0	1002	0	
840.000000	0	5	113	990	21	1032	1	6	1031	33	0	0	0	124	1	3	814	0	1025	0	
850.000000	0	5	103	970	18	1019	1	6	1032	32	0	0	0	125	1	3	814	0	1008	0	
860.000000	0	5	95	946	16	1040	1	5	1035	26	0	0	0	126	1	3	829	0	1017	0	
870.000000	0	5	94	931	14	1049	1	5	1015	24	0	0	0	125	1	3	831	0	1016	0	
880.000000	0	5	87	912	12	1068	1	5	1014	23	0	0	0	128	1	3	838	0	1010	0	
890.000000	0	4	76	892	12	1057	1	5	1043	20	0	0	0	128	1	4	838	0	1001	0	
900.000000	0	4	67	871	12	1017	0	6	1009	19	0	0	0	124	2	4	832	0	998	0	
910.000000	0	4	56	820	12	995	0	7	1003	18	0	0	0	122	2	4	827	0	997	0	
920.000000	0	4	48	784	11	987	0	5	1018	18	0	0	0	123	2	3	841	0	998	0	
930.000000	0	4	45	764	10	986	0	3	1034	17	0	0	0	130	2	3	843	0	1017	0	
940.000000	0	3	42	742	9	990	0	4	1035	14	0	0	0	125	2	3	860	0	1031	0	
950.000000	0	3	36	705	8	981	0	5	1065	13	0	0	0	135	2	2	865	0	1037	0	
960.000000	0	2	33	667	9	981	0	5	1050	13	0	0	0	137	1	2	845	0	1030	0	
970.000000	0	2	30	646	8	974	0	5	1042	11	0	0	0	130	1	2	841	0	1022	0	
980.000000	0	2	28	607	9	979	0	5	1056	10	0	0	0	137	1	2	843	0	1003	0	
990.000000	0	2	23	573	8	1017	0	5	1031	9	0	0	0	139	1	2	861	0	993	0	
1000.000000	0	2	23	538	7	1048	0	5	1032	9	0	0	0	137	1	1	864	0	985	0	
1010.000000	0	2	21	500	7	1054	0	6	1014	7	0	0	0	131	1	1	859	0	981	0	
1020.000000	0	2	20	484	7	1031	0	7	1016	7	0	0	0	125	1	0	859	0	968	0	
1030.000000	0	2	17	452	7	1016	0	5	1007	7	0	0	0	133	1	0	850	0	957	0	
1040.000000	0	2	16	416	5	1019	0	8	1005	7	0	0	0	134	1	0	859	0	957	0	
1050.000000	0	2	14	387	3	1033	0	8	998	7	0	0	0	131	1	0	833	0	968	0	
1060.000000	0	2	13	354	3	1032	1	7	951	7	0	0	0	125	1	0	819	0	959	0	
1070.000000	0	2	13	332	3	1031	1	6	969	7	0	0	0	127	1	1	812	0	969	0	
1080.000000	0	1	13	315	3	1025	1	6	958	6	0	0	0	131	1	1	815	0	964	0	
1090.000000	0	1	12	300	3	1029	1	6	953	6	0	0	0	132	1	1	828	0	959	0	
1100.000000	0	1	12	272	2	1018	0	6	965	6	0	0	0	128	1	1	840	0	987	0	
1110.000000	0	1	10	254	1	1019	0	5	953	5	0	0	0	130	1	1	838	0	985	0	
1120.000000	0	0	10	235	1	994	0	6	962	5	0	0	0	131	1	1	863	0	1001	0	
1130.000000	0	0	10	223	1	993	1	5	953	5	0	0	0	134	1	0	873	0	1002	0	
1140.000000	0	0	10	215	1	987	1	4	942	5	0	0	0	128	1	0	877	0	994	0	
1150.000000	0	0	10	194	1	983	2	3	948	5	0	0	0	124	1	0	873	0	999	0	
1160.000000	0	0	9	185	1	997	2	3	950	4	0	0	0	116	1	0	861	0	994	0	
1170.000000	0	0	8	168	1	986	2	4	951	5	0	0	0	118	1	1	869	0	988	0	
1180.000000	0	0	8	155	1	993	2	4	950	4	0	0	0	119	1	2	874	0	990	0	
1190.000000	0	0	7	147	1	985	2	4	951	4	0	0	0	121	1	2	881	0	1025	0	
1200.000000	0	0	7	136	1	1019	2	4	974	4	0	0	0	134	1	2	877	0	1031	0	
1210.000000	0	0	6	124	1	1031	2	4	972	3	0	0	0	129	1	2	882	0	1054	0	
1220.000000	0	0	5	120	1	1008	1	4	984	3	0	0	0	136	1	2	884	0	1071	0	
1230.000000	0	0	5	116	1	997	1	3	979	2	0	0	0	131	1	2	885	0	1033	0	
1240.000000	0	0	5	108	1	1000	1	3	966	2	0	0	0	128	1	2	874	0	1013	0	
1250.000000	0	0	4	98	1	1002	1	3	957	2	0	0	0	127	1	3	880	0	1009	0	
1260.000000	0	0	3	89	1	1010	1	2	954	2	0	0	0	126	1	3	874	0	1006	0	
1270.000000	0	0	2	83	1	1004	1	1	952	2	0	0	0	130	1	3	872	0	1027	0	
1280.000000	0	0	2	76	1	1017	1	2	934	2	0	0	0	132	2	5	873	0	1049	0	
1290.000000	2	0	2	70	1	1018	1	2	932	1	0	0	0	134	2	4	867	0	1043	0	
1300.000000	6	0	2	63	1	1010	1	2	953	0	0	0	0	134	1	4	873	0	1013	0	
1310.000000	15	8	1	60	1	1024	1	3	956	0	0	0	0	131	1	4	886	0	1016	0	
1320.000000	30	25	10	57	1	1013	1	2	960	0	0	0	0	131	1	4	862	0	1014	0	
1330.000000	44	44	42	66	1	999	1	0	960	0	0	2	0	128	1	4	861	0	1015	0	
1340.000000	40	67	87	119	2	1022	1	0	956	0	0	14	0	131	1	5	787	0	1017	0	
1350.000000	34	100	143	192	2	1045	1	1	983	0	0	17	0	127	1	4	719	0	999	0	
1360.000000	31	115	199	244	2	1052	1	1	984	0	0	15	0	131	1	4	672	0	1005	0	
1370.000000	27	126	261	327	2	1043	1	0	988	0	1	13	0	119	1	4	628	0	997	0	
1380.000000	25	127	307	390	2	1048	1	0	988	0	1	23	0	107	1	3	586	0	1008	0	
1390.000000	23	130	356	407	2	1047	1	0	980	0	2	31	0	94	1	3	554	0	1009	0	
1400.000000	20	132	388	463	2	1034	0	0	1002	0	2	43	0	91	1	2	536	0	1008	0	
1410.000000	19	125	447	510	2	1014	0	0	1011	0	2	57	0	89	1	2	520	0	1013	0	
1420.000000	17	124	496	547	2	1029	0	0	1018	0	0	72	0	94	1	2	517	0	997	0	
1430.000000	16	127	537	584	2	1026	0	0	1002	0	0	79	0	107	1	2	513	0	1018	0	
1440.000000	15	123	569	617	2	1015	0	0	1000	0	0	80	0	115	1	2	504	0	1008	0	
1450.000000	15	110	590	653	2	1022	0	1	1007	0	0	77	0	116	1	2	516	0	1006	0	
1460.000000	9	109	621	676	2	1017	0	1	970	0	0	69	0	117	1	2	519	0	1010	0	
1470.000000	9	107	627	683	1	995	0	2	957	0	0	63	0	108	1	2	517	0	998	0	
1480.000000	8	93	640	697	1	1006	0	0	949	0	0	60	0	109	1	2	506	0	1004	0	
1490.000000	8	84	659	732	1	989	0	0	949	0	0	70	0	106	1	2	527	0	996	0	
1500.000000	7	79	663	761	1	995	0	0	971	0	0	78	0	111	1	1	528	0	1005	0	
1510.000000	7	73	669	778	1	999	0	0	990	0	0	89	0	110	1	1	541	0	1005	0	
1520.000000	7	71	676	803	1	1000	0	0	997	0	0	99	0	114	1	2	563	0	1013	0	
1530.000000	7	69	678	817	0	1003	0	0	985	0	1	98	0	113	1	2	560	0	1033	0	
1540.000000	6	66	668	821	2	1004	0	0	985	0	1	111	0	101	1	2	577	0	1030	0	
1550.000000	6	58	681	838	2	1019	0	0	988	0	1	121	0	94	1	1	614	0	1051	0	
1560.000000	6	57	685	870	2	1033	0	0	996	0	1	136	0	87	1	1	628	0	1041	0	
1570.000000	6	55	682	884	2	1037	0	0	994	0	1	146	0	83	1	1	637	0	1040	0	
1580.000000	5	52	664	897	2	1036	0	0	997	0	1	154	0	81	1	1	642	0	1037	0	
1590.000000	5	47	645	911	2	1026	0	0	967	0	1	163	0	77	1	1	645	0	1038	0	
1600.000000	4	46	633	910	2	1008	0	0	970	0	1	169	0	69	1	1	625	0	1022	0	
1610.000000	4	41	605	900	1	1006	0	0	970	0	1	180	0	62	1	1	635	0	1034	0	
1620.000000	4	38	569	919	1	1006	0	0	976	0	1	205	0	58	1	1	640	0	1030	0	
1630.000000	3	37	553	921	1	985	0	0	984	0	1	226	0	53	1	1	614	0	1021	0	
1640.000000	3	34	539	930	1	1009	0	0	994	0	1	250	0	49	1	1	595	0	1023	0	
1650.000000	3	32	516	932	1	1002	0	0	989	0	1	274	0	44	1	1	587	0	1026	0	
1660.000000	3	29	504	904	2	993	0	0	990	0	0	291	0	47	1	0	570	0	995	0	
1670.000000	3	29	481	923	2	996	0	0	976	0	0	299	0	71	1	0	577	0	978	0	
1680.000000	2	28	464	915	3	997	0	0	980	0	0	290	0	86	1	1	586	0	980	0	
1690.000000	2	25	437	920	3	1002	0	0	986	0	0	285	0	97	1	1	593	0	967	0	
1700.000000	1	24	416	953	3	1012	0	0	979	0	0	278	0	105	1	1	606	0	975	0	
1710.000000	0	21	399	945	3	1019	0	0	965	0	0	259	0	115	1	1	626	0	976	0	
1720.000000	0	20	377	955	3	1022	0	0	990	0	0	240	0	127	1	1	648	0	994	0	
1730.000000	0	19	353	963	3	1044	0	1	981	0	0	229	0	117	1	1	665	0	997	0	
1740.000000	0	18	335	947	3	1029	0	1	1008	0	0	208	0	124	1	0	692	0	993	0	
1750.000000	0	15	324	972	3	1029	0	1	1005	0	0	192	0	127	1	0	713	0	1016	0	
1760.000000	0	13	300	959	3	1042	0	2	1000	0	0	174	0	121	1	1	743	0	1022	0	
1770.000000	0	11	275	971	3	1028	0	2	994	0	0	161	0	125	1	2	751	0	994	0	
1780.000000	0	11	255	943	3	1011	0	1	994	0	0	148	0	127	1	2	748	0	999	0	
1790.000000	0	10	234	949	3	1011	0	1	1004	0	0	138	0	128	1	2	745	0	991	0	
1800.000000	0	10	223	956	3	1010	0	1	990	0	0	121	0	118	1	2	752	0	1003	0	
1810.000000	0	8	207	954	3	1021	0	1	1008	0	0	108	0	120	1	2	779	0	984	0	
1820.000000	0	7	198	960	3	1016	0	1	1003	0	0	99	0	111	1	3	759	0	1007	0	
1830.000000	0	6	185	945	2	1002	0	1	1008	0	0	93	0	109	1	3	756	0	982	0	
1840.000000	0	6	164	944	2	1025	0	1	1018	0	0	84	0	114	1	2	741	0	970	0	
1850.000000	0	6	151	915	1	1021	0	1	1024	0	0	81	0	124	1	2	713	0	979	0	
1860.000000	0	6	136	912	1	1013	0	2	1007	0	0	75	0	129	1	2	706	0	971	0	
1870.000000	0	5	128	905	2	1000	0	2	1021	0	0	70	0	130	1	2	700	0	986	0	
1880.000000	0	3	119	918	2	989	0	2	1010	0	0	64	0	130	1	3	680	0	1000	0	
1890.000000	0	3	110	936	2	990	0	2	996	0	0	58	0	132	1	3	667	0	1005	0	
1900.000000	0	2	101	923	2	973	0	2	997	0	0	54	0	130	1	3	646	0	1026	0	
1910.000000	0	2	92	906	2	958	0	2	991	0	0	47	0	132	1	1	623	0	1028	0	
1920.000000	0	2	84	892	2	938	0	3	965	0	0	41	0	128	1	1	605	0	1011	0	
1930.000000	0	2	73	884	2	930	0	3	959	0	0	34	0	128	1	1	584	0	1023	0	
1940.000000	0	2	66	856	2	911	0	3	968	0	0	29	0	122	1	2	549	0	1018	0	
1950.000000	0	2	62	828	2	906	0	2	974	0	0	27	0	122	2	3	527	0	1004	0	
1960.000000	0	2	55	801	2	909	0	3	974	0	0	24	0	120	2	3	488	0	1031	0	
1970.000000	0	1	50	793	2	930	0	3	974	0	0	23	0	118	2	2	466	0	1034	0	
1980.000000	0	0	44	780	2	941	0	3	962	0	0	19	0	115	2	2	437	0	1040	0	
1990.000000	0	0	37	753	2	948	0	3	974	0	0	18	0	118	2	2	398	0	1046	0	
2000.000000	0	0	36	726	2	953	0	3	971	0	0	16	0	120	1	2	370	0	1053	0	
2010.000000	0	0	35	684	2	970	0	3	961	0	0	15	0	118	1	2	346	0	1061	0	
2020.000000	0	0	33	658	2	976	0	3	968	0	0	11	0	127	1	2	315	0	1050	0	
2030.000000	0	0	30	642	3	978	0	2	979	0	0	11	0	127	1	2	291	0	1047	0	
2040.000000	0	0	26	610	3	996	0	2	1008	0	0	9	0	127	1	1	267	0	1061	0	
2050.000000	0	0	24	580	2	996	0	2	998	0	1	7	0	120	1	1	239	0	1051	0	
2060.000000	0	0	21	546	2	1000	0	2	987	0	1	7	0	117	1	2	222	0	1037	0	
2070.000000	0	0	21	514	2	1001	0	4	992	0	1	7	0	107	1	1	208	0	1039	0	
2080.000000	0	0	19	470	3	982	0	4	996	0	1	6	0	97	1	1	191	0	1031	0	
2090.000000	0	0	19	436	3	1001	0	3	993	0	1	6	0	90	1	1	179	0	1025	0	
2100.000000	0	0	17	414	7	1002	0	3	975	0	1	5	0	86	1	1	167	0	1034	0	
2110.000000	0	0	16	388	9	994	0	5	1012	0	1	4	0	80	1	1	157	0	1034	0	
2120.000000	0	0	15	361	9	972	0	6	1021	0	1	2	0	69	1	1	141	0	1034	0	
2130.000000	0	0	14	342	11	987	0	6	1032	0	3	2	0	60	1	1	130	0	1004	0	
2140.000000	0	0	12	316	16	1001	0	6	1054	0	4	2	0	56	1	1	126	0	1007	0	
2150.000000	0	0	12	289	18	1010	0	6	1055	0	4	2	0	53	1	1	118	0	1003	0	
2160.000000	0	0	11	267	25	1003	0	5	1048	0	3	2	0	50	1	1	110	0	997	0	
2170.000000	0	0	9	250	28	1001	0	3	1058	0	3	2	0	49	1	1	106	0	1021	0	
2180.000000	0	0	8	234	36	1010	0	3	1088	0	3	2	0	45	1	1	99	0	1033	0	
2190.000000	0	0	7	215	40	995	0	3	1116	0	3	2	0	39	1	1	90	0	1051	0	
2200.000000	0	0	7	199	49	989	0	2	1118	0	2	2	0	38	1	1	83	0	1060	0	
2210.000000	0	0	7	183	61	970	0	2	1089	0	2	2	0	35	1	1	75	0	1039	0	
2220.000000	0	0	6	170	73	965	0	2	1054	0	3	1	0	35	1	1	69	0	1020	0	
2230.000000	0	0	6	160	78	965	0	1	1053	0	3	1	0	31	1	1	62	0	1018	0	
2240.000000	0	0	4	151	90	946	0	1	1058	0	2	1	0	27	1	1	57	0	1005	0	
2250.000000	0	0	4	141	115	949	0	2	1065	0	1	1	0	24	1	1	55	0	1011	0	
2260.000000	0	0	4	131	134	933	0	2	1060	8	1	1	0	22	1	0	52	0	999	0	
2270.000000	0	0	4	123	148	940	0	2	1058	49	1	1	0	19	1	0	48	0	1000	0	
2280.000000	0	0	4	110	177	955	0	3	1040	81	1	1	0	18	1	0	45	0	1000	0	
2290.000000	0	0	4	103	212	944	0	3	1037	126	1	1	0	18	1	0	42	0	997	0	
2300.000000	0	0	4	94	233	974	0	3	1034	162	1	1	0	15	1	0	42	0	1006	0	
2310.000000	1	0	4	88	263	975	0	3	1040	185	1	1	0	14	1	0	38	0	1027	0	
2320.000000	2	0	4	85	276	961	0	2	1039	210	0	1	0	53	1	0	34	0	1033	0	
2330.000000	2	0	3	79	262	972	0	3	1022	226	0	1	0	82	1	1	30	0	1025	0	
2340.000000	2	0	3	74	245	970	0	3	1010	207	0	1	0	92	1	1	28	0	1025	0	
2350.000000	3	0	1	70	252	977	0	3	1006	194	0	1	0	103	1	1	24	0	1008	0	
2360.000000	6	1	1	61	233	987	0	3	980	173	0	1	0	114	1	1	24	0	1028	0	
2370.000000	25	4	1	57	217	986	0	3	988	162	0	1	0	112	1	1	19	0	1032	0	
2380.000000	43	29	10	55	211	999	0	3	975	142	0	0	0	128	1	1	52	0	1025	0	
2390.000000	55	92	68	89	195	1000	0	2	988	131	0	0	0	132	1	1	114	0	1014	0	
2400.000000	53	120	137	161	176	1006	0	2	992	117	0	0	0	129	1	2	194	0	989	0	
2410.000000	44	144	198	218	157	1011	0	2	980	108	0	0	0	126	1	0	261	0	994	0	
2420.000000	40	160	253	267	146	992	0	2	989	98	0	0	0	129	1	0	314	0	998	0	
2430.000000	37	175	308	348	135	1002	0	2	993	92	0	0	0	132	1	1	364	0	996	0	
2440.000000	35	190	353	408	126	1010	0	3	1008	84	0	0	0	130	1	1	409	0	992	0	
2450.000000	32	206	425	454	115	1005	0	3	1007	80	0	0	0	126	1	1	453	0	972	0	
2460.000000	30	216	463	514	98	1014	0	3	996	75	0	0	0	125	1	1	498	0	933	0	
2470.000000	28	218	510	565	88	1018	0	3	1020	63	0	0	0	131	1	1	527	0	924	0	
2480.000000	23	227	555	604	84	1035	0	3	1038	59	0	0	0	132	1	1	539	0	921	0	
2490.000000	21	212	584	656	77	1037	0	2	1048	54	0	0	0	131	1	1	565	0	928	0	
2500.000000	19	211	604	712	71	1081	0	2	1074	51	0	0	0	137	1	1	594	0	930	0	
2510.000000	18	204	628	731	62	1065	0	3	1090	47	0	0	0	130	1	1	619	0	949	0	
2520.000000	16	199	637	762	59	1050	0	3	1074	38	0	0	0	130	1	1	622	0	955	0	
2530.000000	10	194	676	774	54	1037	0	2	1056	33	0	0	0	138	2	1	624	0	951	0	
2540.000000	9	188	687	799	54	1025	0	2	1046	33	0	0	0	132	2	1	660	0	959	0	
2550.000000	7	173	697	836	42	1029	0	2	1023	29	0	0	0	134	2	1	661	0	976	0	
2560.000000	6	157	711	851	39	1016	0	2	994	29	0	0	0	130	2	2	676	0	974	0	
2570.000000	5	143	738	870	35	1029	0	2	993	27	0	0	0	134	2	2	695	0	973	0	
2580.000000	5	133	755	882	30	1021	0	2	996	22	0	0	0	130	1	2	705	0	980	0	
2590.000000	5	127	760	883	28	1034	0	2	996	22	0	0	0	132	1	1	743	0	1000	0	
2600.000000	5	115	767	898	26	1040	0	2	998	20	0	0	0	130	2	1	758	0	984	0	
2610.000000	5	110	765	909	23	1037	0	2	995	19	0	0	0	128	2	1	783	0	960	0	
2620.000000	5	99	764	915	22	1026	0	2	985	17	0	0	0	126	3	2	795	0	968	0	
2630.000000	3	91	763	938	20	1023	0	2	987	16	0	0	0	127	3	3	785	0	983	0	
2640.000000	3	80	779	943	16	1018	0	2	988	15	0	0	0	124	3	3	798	0	994	0	
2650.000000	3	72	782	959	14	1003	0	2	1001	14	0	0	0	130	2	3	803	0	1013	0	
2660.000000	3	67	774	961	13	1009	0	1	993	14	0	0	0	130	1	3	820	0	1020	0	
2670.000000	3	59	768	961	12	1003	0	1	998	13	0	0	0	128	1	3	811	0	1021	0	
2680.000000	2	54	765	975	12	996	0	1	997	12	0	0	0	125	1	4	818	0	1052	0	
2690.000000	2	53	745	982	11	1009	0	2	1010	12	0	0	0	124	1	5	822	0	1045	0	
2700.000000	2	49	735	980	10	1011	0	2	1015	10	0	0	0	134	1	6	820	0	1041	0	
2710.000000	2	46	716	988	8	997	0	2	1012	8	0	0	0	133	1	5	820	0	1056	0	
2720.000000	2	43	702	1011	7	969	0	1	1014	6	0	0	0	135	1	5	843	0	1046	0	
2730.000000	2	40	668	996	7	973	0	1	1022	5	0	0	0	137	1	3	860	0	1038	0	
2740.000000	2	37	668	1013	7	972	0	1	1006	5	0	0	0	142	1	2	859	0	1028	0	
2750.000000	2	33	657	1014	7	997	0	1	999	5	0	0	0	135	1	2	859	0	1035	0	
2760.000000	2	30	609	1012	7	1003	0	1	1002	4	0	0	0	131	1	2	861	0	1016	0	
2770.000000	1	27	563	1006	6	987	0	1	1005	4	0	0	0	127	1	2	864	0	1010	0	
2780.000000	1	25	533	1017	4	996	0	1	1027	4	0	0	0	124	1	2	850	0	1005	0	
2790.000000	1	23	497	996	3	969	0	1	1021	3	0	0	0	131	1	3	861	0	1015	0	
2800.000000	1	18	473	988	3	996	0	2	1018	2	0	0	0	129	1	3	866	0	1022	0	
2810.000000	1	17	445	984	3	988	0	1	1004	2	0	0	0	139	1	3	873	0	1040	0	
2820.000000	1	16	419	968	2	971	0	1	1004	2	0	0	0	139	1	3	879	0	1051	0	
2830.000000	1	15	389	981	2	995	0	1	1006	1	0	0	0	135	1	2	888	0	1061	0	
2840.000000	1	14	361	976	2	969	0	1	976	1	0	0	0	136	1	1	874	0	1060	0	
2850.000000	1	14	343	972	1	974	0	1	991	1	0	0	0	135	1	1	891	0	1059	0	
2860.000000	1	14	318	977	1	980	0	1	999	1	0	0	0	125	1	1	913	0	1065	0	
2870.000000	1	12	290	969	1	976	0	2	995	0	0	0	0	131	1	0	896	0	1062	0	
2880.000000	1	12	274	964	1	970	0	2	1002	0	1	0	0	133	1	1	876	0	1055	0	
2890.000000	1	11	258	963	1	958	0	2	1004	0	1	0	0	115	1	1	873	0	1020	0	
2900.000000	1	11	236	961	1	951	0	2	993	0	2	0	0	107	1	1	853	0	1009	0	
2910.000000	1	11	217	963	1	967	0	2	993	0	2	0	0	100	1	1	831	0	1007	0	
2920.000000	1	10	208	965	1	946	0	2	996	0	2	0	0	89	1	1	843	0	1021	0	
2930.000000	1	10	197	952	1	947	0	2	980	0	1	0	0	82	1	2	841	0	1016	0	
2940.000000	1	8	176	932	1	953	0	3	979	0	1	0	0	77	1	2	823	0	1020	0	
2950.000000	1	7	164	912	1	951	0	4	974	0	1	0	0	66	1	2	820	0	1023	0	
2960.000000	1	7	150	901	1	956	0	3	1001	0	1	0	0	62	1	2	820	0	1028	0	
2970.000000	1	7	138	914	1	946	0	4	1008	0	1	0	0	56	1	2	834	0	1029	0	
2980.000000	0	7	121	919	1	968	0	3	1013	0	1	0	0	50	1	2	831	0	1033	0	
2990.000000	0	6	110	927	1	970	0	4	1012	0	1	0	0	44	1	2	794	0	1021	0	
3000.000000	0	6	100	899	1	946	0	4	1008	0	1	0	0	41	1	2	753	0	1010	0	
3010.000000	0	6	93	888	1	959	0	3	1012	0	1	0	0	38	1	3	709	0	1016	0	
3020.000000	0	6	84	870	1	977	0	3	995	0	1	0	0	30	1	3	680	0	1029	0	
3030.000000	0	5	74	857	0	969	0	3	988	0	2	0	0	26	1	2	639	0	1015	0	
3040.000000	0	5	68	858	1	957	0	4	969	0	2	0	0	25	1	2	598	0	1005	0	
3050.000000	0	5	64	831	2	951	0	4	966	0	2	0	0	24	1	2	572	0	1031	0	
3060.000000	0	5	63	802	2	984	0	4	980	0	2	0	0	22	1	2	544	0	1012	0	
3070.000000	0	5	57	784	3	1002	0	4	981	0	2	0	0	20	1	2	508	0	990	0	
3080.000000	0	5	53	761	4	1001	0	4	995	0	2	0	0	20	1	1	481	0	978	0	
3090.000000	0	5	50	734	4	1013	0	3	978	0	2	0	0	18	1	1	463	0	993	0	
3100.000000	0	4	46	710	6	1019	0	3	989	0	3	0	0	18	1	1	438	0	1000	0	
3110.000000	0	4	41	676	5	1011	0	3	993	0	3	0	0	17	1	1	413	0	964	0	
3120.000000	0	4	38	654	6	1006	0	2	988	0	3	0	0	16	1	1	390	0	963	0	
3130.000000	0	4	33	634	8	1003	0	3	1011	0	2	0	0	16	1	1	361	0	946	0	
3140.000000	0	4	31	604	9	1025	0	3	1033	0	1	0	0	12	1	0	338	0	939	0	
3150.000000	0	3	27	573	9	1019	1	4	1054	2	1	0	0	11	1	0	321	0	922	0	
3160.000000	0	2	25	551	11	1005	2	5	1041	1	0	0	0	49	1	0	318	0	917	0	
3170.000000	0	1	24	518	10	994	1	5	1025	2	0	0	0	84	1	0	344	0	934	0	
3180.000000	0	1	23	496	11	997	1	5	1035	3	0	0	0	88	1	0	357	0	967	0	
3190.000000	0	1	23	465	11	959	1	3	1027	5	0	0	0	107	1	0	389	0	947	0	
3200.000000	0	1	21	444	11	964	1	4	1033	5	0	0	0	111	1	0	425	0	956	0	
3210.000000	0	1	18	423	11	973	1	4	1018	4	0	0	0	118	1	0	458	0	945	0	
3220.000000	0	1	18	401	10	967	1	3	1032	5	0	0	0	125	1	0	502	0	955	0	
3230.000000	0	1	18	377	10	961	1	3	1032	6	0	0	0	125	1	0	531	0	950	0	
3240.000000	0	1	14	354	10	977	1	2	1021	8	0	0	0	133	1	0	545	0	960	0	
3250.000000	0	1	14	328	10	984	1	2	1000	8	0	0	0	126	1	0	556	0	949	0	
3260.000000	0	1	13	310	9	984	1	2	1004	7	0	0	0	126	1	0	596	0	953	0	
3270.000000	0	1	13	290	9	1009	1	3	994	8	0	0	0	127	1	0	623	0	977	0	
3280.000000	0	1	12	274	8	1010	2	2	995	8	0	0	0	126	1	0	636	0	949	0	
3290.000000	0	1	12	255	7	1008	2	2	986	5	0	0	0	133	1	0	658	0	934	0	
3300.000000	0	1	12	237	7	1004	2	2	972	7	0	0	0	129	1	0	671	0	940	0	
3310.000000	0	1	12	221	7	1023	2	2	960	7	0	0	0	124	1	1	668	0	941	0	
3320.000000	0	0	12	218	6	1019	2	2	961	6	0	0	0	118	1	1	675	0	946	0	
3330.000000	0	0	11	208	4	1028	2	2	957	6	0	0	0	117	1	2	707	0	941	0	
3340.000000	0	0	11	198	4	1005	2	2	964	6	0	0	0	123	2	2	718	0	934	0	
3350.000000	0	0	10	183	4	1001	1	2	972	6	0	0	0	127	3	1	731	0	952	0	
3360.000000	0	0	10	168	4	998	1	2	952	5	0	0	0	117	1	2	742	0	970	0	
3370.000000	0	0	9	161	4	987	1	1	957	5	0	0	0	121	1	2	733	0	972	0	
3380.000000	0	0	7	158	4	1012	1	1	972	5	0	0	0	122	1	2	749	0	991	0	
3390.000000	0	0	7	151	4	1033	1	1	972	3	0	0	0	123	1	2	747	0	995	0	
3400.000000	0	0	7	139	4	1005	1	1	987	2	0	0	0	120	1	2	763	0	990	0	
3410.000000	0	0	7	124	4	997	1	2	986	1	0	0	0	126	1	2	792	0	963	0	
3420.000000	0	0	7	113	4	1007	0	2	987	1	0	0	0	122	1	2	782	0	960	0	
3430.000000	0	0	6	101	3	1028	0	6	987	1	0	0	0	112	1	2	778	0	973	0	
3440.000000	0	0	5	91	2	1065	0	6	1009	1	0	0	0	112	1	1	779	0	979	0	
3450.000000	0	0	5	83	2	1046	0	5	1027	1	0	0	0	114	1	1	788	0	976	0	
3460.000000	0	0	4	82	2	1050	0	4	1028	1	0	0	0	120	1	2	795	0	982	0	
3470.000000	2	0	4	77	2	1038	0	4	1025	1	0	0	0	119	1	1	810	0	986	0	
3480.000000	1	0	2	72	3	1024	0	3	1033	1	0	0	0	120	1	1	817	0	1004	0	
3490.000000	3	0	2	69	1	1010	0	3	1012	1	0	0	0	114	1	0	820	0	996	0	
3500.000000	8	2	2	61	0	997	1	3	1001	1	0	0	0	119	1	0	838	0	1000	0	
3510.000000	20	6	2	57	0	1020	1	4	982	1	0	0	0	130	1	1	837	0	1003	0	
3520.000000	35	21	5	54	0	995	1	5	980	1	0	0	0	126	1	1	862	0	1004	0	
3530.000000	71	69	34	53	0	987	1	5	992	1	0	0	0	123	1	1	855	0	994	0	
3540.000000	72	131	105	100	0	960	1	5	988	1	0	0	0	131	1	1	851	0	994	0	
3550.000000	65	175	184	160	0	977	1	5	983	1	0	0	0	133	1	1	857	0	1022	0	
3560.000000	57	217	235	228	0	1014	0	4	986	1	0	0	0	137	1	3	859	0	1047	0	
3570.000000	50	239	285	297	0	1027	0	3	961	1	0	0	0	132	1	2	846	0	1040	0	
3580.000000	45	260	334	375	0	1024	0	3	965	0	0	0	0	135	1	3	840	0	1014	0	
3590.000000	42	272	401	426	0	1027	0	3	960	0	0	0	0	135	2	3	824	0	1024	0	
3600.000000	37	286	469	479	0	1065	0	3	999	0	0	0	0	128	2	3	846	0	1024	0	
3610.000000	33	298	531	537	0	1060	0	3	1006	0	1	0	0	128	2	3	851	0	1022	0	
3620.000000	31	305	576	569	0	1057	0	3	990	0	0	0	0	126	2	3	846	0	1036	0	
3630.000000	22	296	600	581	0	1065	0	4	990	0	0	0	0	128	2	3	829	0	1005	0	
3640.000000	21	280	644	618	1	1053	0	5	1001	0	1	0	0	122	2	4	838	0	981	0	
3650.000000	20	255	667	646	1	1041	0	7	996	0	1	0	0	111	2	4	836	0	978	0	
3660.000000	18	252	682	677	1	1031	0	6	997	0	1	0	0	101	2	5	830	0	980	0	
3670.000000	18	237	704	720	1	1035	0	5	990	0	1	0	0	90	2	5	823	0	991	0	
3680.000000	16	229	736	743	1	1039	0	5	983	0	2	0	0	83	1	5	810	0	997	0	
3690.000000	16	212	738	759	1	1047	0	4	975	0	2	0	0	79	1	5	806	0	1019	0	
3700.000000	15	209	742	784	1	1052	0	4	984	0	1	0	0	73	1	3	791	0	1031	0	
3710.000000	14	187	754	813	1	1034	0	4	989	0	1	0	0	68	1	3	777	0	1010	0	
3720.000000	13	174	761	826	1	1021	0	4	995	0	0	0	0	90	1	3	755	0	1002	0	
3730.000000	12	166	783	834	1	1011	0	4	1000	0	0	0	0	104	1	3	771	0	1004	0	
3740.000000	11	153	787	859	1	1000	0	3	989	0	0	0	0	109	1	4	766	0	994	0	
3750.000000	10	143	810	860	1	999	0	4	980	0	0	0	0	110	1	3	746	0	1014	0	
3760.000000	10	130	791	862	1	997	0	4	989	0	0	0	0	125	1	3	759	0	1013	0	
3770.000000	10	125	793	871	1	1015	0	4	981	0	1	0	0	119	1	3	757	0	991	0	
3780.000000	10	123	801	870	1	1011	0	4	984	0	0	0	0	115	1	2	749	0	988	0	
3790.000000	10	114	798	895	1	1000	0	4	982	0	1	0	0	111	1	2	768	0	1002	0	
3800.000000	9	103	784	901	1	1011	0	4	990	0	1	0	0	100	1	2	788	0	1023	0	
3810.000000	9	100	792	910	1	1009	0	3	985	0	0	0	0	94	2	2	791	0	1019	0	
3820.000000	9	90	793	913	1	1009	0	3	968	0	0	0	0	104	3	2	813	0	1035	0	
3830.000000	8	90	817	917	1	1027	0	3	987	0	0	0	0	111	2	3	794	0	1046	0	
3840.000000	6	82	811	938	1	1022	0	3	976	0	0	0	0	110	3	3	782	0	1064	0	
3850.000000	5	75	795	941	1	1029	0	3	981	0	0	0	0	119	4	3	774	0	1043	0	
3860.000000	5	67	782	950	1	1044	0	3	984	0	0	0	0	124	4	3	773	0	1046	0	
3870.000000	3	65	784	952	1	1042	0	3	980	0	0	0	0	130	3	4	794	0	1027	0	
3880.000000	1	56	766	944	1	1060	0	3	961	0	0	0	0	126	4	2	801	0	1018	0	
3890.000000	1	53	739	947	0	1054	0	2	971	0	0	0	0	118	3	2	812	0	1002	0	
3900.000000	0	50	723	936	0	1053	0	2	998	0	0	0	0	123	4	2	814	0	986	0	
3910.000000	0	44	690	939	0	1044	0	2	1011	0	0	0	0	134	4	2	819	0	999	0	
3920.000000	0	40	676	940	0	1048	0	2	1009	0	1	0	0	124	4	1	816	0	1014	0	
3930.000000	0	38	653	926	0	1023	0	3	1011	0	1	0	0	111	5	1	823	0	1008	0	
3940.000000	0	37	635	927	0	1018	0	3	997	0	1	0	0	105	4	1	828	0	1013	0	
3950.000000	0	32	611	933	0	1009	0	4	1003	0	1	0	0	101	3	1	821	0	996	0	
3960.000000	0	29	585	936	0	999	0	5	1012	0	1	0	0	94	2	1	841	0	1003	0	
3970.000000	0	24	556	943	0	982	0	5	998	0	1	0	0	86	2	1	839	0	1026	0	
3980.000000	0	24	511	947	0	991	0	5	982	0	1	0	0	79	2	1	835	0	1024	0	
3990.000000	0	22	472	956	0	1010	0	2	987	0	1	0	0	65	2	0	822	0	1027	0	
4000.000000	0	22	442	968	0	998	0	1	984	1	1	0	0	60	1	0	817	0	1029	0	
4010.000000	0	21	413	956	0	989	0	1	999	2	1	0	0	54	1	0	803	0	1028	0	
4020.000000	0	19	387	952	0	994	0	1	986	2	1	0	0	50	1	0	790	0	1021	0	
4030.000000	0	17	367	938	0	989	0	1	970	2	1	0	0	47	1	0	769	0	1009	0	
4040.000000	0	17	361	944	0	993	0	0	972	4	1	30	0	46	1	0	708	0	995	0	
4050.000000	0	16	347	964	0	1004	0	0	992	3	1	81	0	42	1	0	645	0	978	0	
4060.000000	0	15	318	966	0	994	1	0	982	4	1	130	0	38	1	0	589	0	981	0	
4070.000000	0	12	299	975	0	1012	1	0	971	4	0	168	0	52	1	0	529	0	960	0	
4080.000000	0	11	273	979	1	1028	1	0	974	3	0	182	0	75	1	0	483	0	968	0	
4090.000000	0	10	260	983	1	1032	0	0	957	3	0	188	0	90	1	0	448	0	985	0	
4100.000000	0	10	242	982	1	1023	0	0	967	4	0	192	0	101	1	0	413	0	1010	0	
4110.000000	0	10	223	1005	1	1000	0	1	948	3	0	181	0	112	1	0	374	0	999	0	
4120.000000	0	8	208	997	1	1011	0	2	949	3	0	169	0	118	1	1	348	0	984	0	
4130.000000	0	8	191	1000	1	1014	0	1	957	2	0	154	0	121	1	1	320	0	1004	0	
4140.000000	0	8	182	1006	1	1024	0	1	969	2	0	142	0	133	1	1	293	0	1019	0	
4150.000000	0	7	169	996	1	1023	0	1	982	2	0	138	0	129	1	1	261	0	1012	0	
4160.000000	0	6	149	976	3	1035	0	1	1000	2	0	122	0	126	1	1	234	0	1018	0	
4170.000000	0	6	138	987	3	1035	0	1	1018	2	0	114	0	127	1	1	214	0	1032	0	
4180.000000	0	5	129	987	3	1014	0	1	1036	1	0	101	0	123	1	1	198	0	1022	0	
4190.000000	0	4	120	982	3	1017	0	1	1012	1	0	91	0	123	1	1	181	0	1007	0	
4200.000000	0	3	107	978	3	1030	0	1	990	1	0	87	0	116	1	0	164	0	1008	0	
4210.000000	0	3	97	952	4	1031	0	1	988	8	0	84	0	121	1	1	150	0	1018	0	
4220.000000	0	3	86	937	5	1020	0	1	993	7	0	75	0	123	1	1	139	0	1019	0	
4230.000000	0	3	78	915	8	1033	0	1	978	7	0	68	0	128	1	1	124	0	1011	0	
4240.000000	0	3	67	881	11	1022	0	1	993	6	0	66	0	126	1	1	116	0	997	0	
4250.000000	0	2	63	864	12	1025	0	1	979	6	0	64	0	130	1	1	108	0	1018	0	
4260.000000	0	2	59	819	14	1022	0	1	989	6	0	60	0	129	1	2	97	0	1033	0	
4270.000000	0	1	54	807	14	1025	0	1	985	6	0	56	0	129	1	2	94	0	1000	0	
4280.000000	0	1	54	788	13	1041	0	1	1000	6	0	52	0	136	1	1	89	0	990	0	
4290.000000	0	0	47	768	15	1038	0	1	987	5	0	45	0	137	1	2	85	0	996	0	
4300.000000	0	0	43	747	17	1047	0	1	998	5	0	40	0	135	1	2	76	0	996	0	
4310.000000	0	0	41	711	15	1065	0	2	1007	4	0	32	0	135	1	2	70	0	1000	0	
4320.000000	0	0	38	679	16	1078	0	2	1024	6	0	28	0	132	1	2	65	0	1022	0	
4330.000000	0	0	32	656	20	1048	0	2	1037	5	0	25	0	136	1	2	56	0	1027	0	
4340.000000	0	0	31	633	25	1041	0	3	1025	5	0	21	0	130	1	2	53	0	1012	0	
4350.000000	0	0	27	605	27	1027	0	3	1011	4	0	20	0	131	1	2	47	0	968	0	
4360.000000	0	0	25	549	29	1023	0	2	1009	4	0	16	0	138	1	1	43	0	962	0	
4370.000000	0	0	25	530	33	1024	0	2	1016	4	0	16	0	134	1	2	37	0	950	0	
4380.000000	0	0	22	485	38	1013	0	2	1009	4	0	16	0	141	1	1	36	0	948	0	
4390.000000	0	0	21	463	38	1004	0	2	1023	4	0	15	0	137	1	1	35	0	935	0	
4400.000000	0	0	19	445	38	1009	0	2	1021	4	0	13	0	134	1	1	35	0	944	0	
4410.000000	0	0	18	415	42	994	0	2	1024	4	0	12	0	134	2	1	32	0	950	0	
4420.000000	0	0	18	377	47	985	0	2	1026	4	0	12	0	134	2	1	32	0	943	0	
4430.000000	0	0	16	346	46	972	0	2	1038	5	0	11	0	136	2	1	28	0	950	0	
4440.000000	0	0	15	319	45	978	0	2	1008	7	0	9	0	138	2	2	24	0	956	0	
4450.000000	0	0	15	290	46	973	0	2	1000	7	0	9	0	143	2	2	22	0	950	0	
4460.000000	0	0	15	272	57	983	0	2	1000	7	0	9	0	141	2	2	20	0	955	0	
4470.000000	0	0	13	249	60	1025	0	4	1008	6	0	8	0	140	2	2	20	0	944	0	
4480.000000	0	0	8	229	59	1034	0	3	1006	6	0	7	0	127	1	2	18	0	934	0	
4490.000000	0	0	8	220	70	1025	0	3	1021	6	0	7	0	128	1	1	14	0	936	0	
4500.000000	0	0	8	203	76	1027	0	3	1033	6	0	5	0	126	1	1	12	0	952	0	
4510.000000	0	0	8	194	73	1027	0	3	1031	5	0	4	0	126	1	1	12	0	924	0	
4520.000000	0	0	8	183	79	1021	0	2	1020	4	0	4	0	122	1	1	10	0	939	0	
4530.000000	0	0	8	172	80	1017	0	2	1031	4	0	4	0	126	1	1	8	0	947	0	
4540.000000	0	0	8	160	76	1005	0	2	1038	4	0	3	0	131	1	1	8	0	959	0	
4550.000000	0	0	6	154	82	1004	0	3	1038	4	0	3	0	133	1	1	6	0	951	0	
4560.000000	0	0	6	144	83	977	0	3	1033	4	0	3	0	132	1	2	6	0	955	0	
4570.000000	0	0	5	138	86	987	0	3	1057	4	0	3	0	127	1	1	5	0	955	0	
4580.000000	0	0	5	130	88	1012	0	3	1064	4	0	3	0	132	1	1	5	0	978	0	
4590.000000	0	0	4	124	95	1024	0	3	1045	63	0	3	0	135	1	0	5	0	983	0	
4600.000000	0	0	4	113	97	1017	0	3	1032	122	0	3	0	133	1	1	5	0	1004	0	
4610.000000	0	0	3	107	101	1002	0	3	1034	113	0	3	0	130	1	1	5	0	1010	0	
4620.000000	0	0	3	101	104	1003	0	3	1018	103	0	3	0	127	1	1	3	0	1032	0	
4630.000000	0	0	3	96	103	1009	0	2	1029	98	0	2	0	127	1	1	3	0	1048	0	
4640.000000	0	0	3	84	112	1018	0	2	1037	88	0	2	0	132	1	1	3	0	1076	0	
4650.000000	2	1	3	76	117	1014	0	2	1040	83	0	1	0	126	1	1	3	0	1056	0	
4660.000000	4	1	2	67	110	1005	0	4	1041	76	0	1	0	132	1	1	3	0	1058	0	
4670.000000	9	1	2	63	106	1027	0	4	1037	101	0	1	0	128	1	1	3	0	1048	0	
4680.000000	16	4	2	57	101	1000	0	4	1029	90	0	1	0	129	1	1	3	0	1068	0	
4690.000000	45	25	6	51	100	1003	0	4	1015	86	0	1	0	131	1	1	3	0	1050	0	
4700.000000	62	67	39	57	109	998	0	4	1039	77	0	1	0	132	1	1	3	0	1037	0	
4710.000000	59	118	105	104	110	1011	0	4	1034	72	0	1	0	141	1	1	3	0	1035	0	
4720.000000	55	155	185	157	109	989	0	4	1018	65	0	1	0	140	1	1	3	0	1044	0	
4730.000000	50	178	253	227	106	994	0	4	1027	62	0	1	0	132	1	1	3	0	1038	0	
4740.000000	39	185	341	295	112	990	0	3	1008	57	0	1	0	132	1	1	3	0	1038	0	
4750.000000	37	196	374	346	105	973	0	3	1003	52	0	1	0	130	1	1	3	0	1049	0	
4760.000000	33	204	429	398	107	964	0	3	1021	139	0	1	0	133	1	0	2	0	1037	0	
4770.000000	28	220	475	452	113	965	0	3	1010	211	0	1	0	129	1	0	2	0	1028	0	
4780.000000	26	215	531	496	117	954	0	3	1006	299	0	1	0	122	1	0	2	0	1006	0	
4790.000000	23	206	565	546	123	954	0	4	1038	358	0	1	0	122	1	0	2	0	990	0	
4800.000000	20	205	610	588	129	959	0	4	1044	421	0	1	0	125	1	0	2	0	973	0	
4810.000000	18	192	638	613	135	972	0	3	1051	475	0	1	0	125	1	0	2	0	981	0	
4820.000000	16	179	670	626	127	965	0	2	1025	517	0	1	0	126	1	0	2	0	988	0	
4830.000000	14	160	707	674	122	971	0	2	1055	551	0	1	0	132	1	0	2	0	989	0	
4840.000000	12	154	734	682	124	975	0	2	1088	598	0	1	0	126	1	0	2	0	994	0	
4850.000000	12	143	756	732	127	999	0	3	1073	641	0	1	0	124	1	0	2	0	987	0	
4860.000000	9	132	747	754	128	970	0	2	1064	655	0	1	0	123	1	1	2	0	989	0	
4870.000000	8	127	744	805	130	977	0	2	1080	598	0	1	0	124	1	1	1	0	994	0	
4880.000000	8	116	741	820	131	973	0	2	1062	556	0	1	0	126	1	1	1	0	994	0	
4890.000000	5	105	742	823	134	969	0	1	1062	503	0	0	0	126	1	2	5	0	999	0	
4900.000000	3	100	756	846	127	962	0	1	1057	458	0	0	0	125	1	2	72	0	974	0	
4910.000000	3	93	780	851	110	964	0	1	1033	409	0	0	0	130	1	2	149	0	947	0	
4920.000000	3	83	773	894	102	968	0	1	1020	377	0	0	0	126	1	2	215	0	953	0	
4930.000000	2	72	756	906	93	951	0	1	1041	341	0	0	0	123	1	2	281	0	956	0	
4940.000000	2	64	739	917	89	943	0	1	1049	315	0	0	0	130	1	4	316	0	967	0	
4950.000000	2	57	734	937	77	937	0	1	1048	285	0	0	0	128	1	4	376	0	959	0	
4960.000000	2	52	735	927	71	959	0	1	1051	258	0	0	0	130	1	4	422	0	955	0	
4970.000000	2	47	717	929	63	986	0	3	1045	237	0	0	0	130	1	3	465	0	966	0	
4980.000000	2	43	684	929	55	988	0	3	1035	219	0	0	0	135	1	3	531	0	973	0	
4990.000000	2	38	664	933	45	968	0	3	1051	207	0	0	0	131	1	3	564	0	981	0	
5000.000000	2	31	625	932	42	982	0	2	1036	185	0	0	0	132	1	3	585	0	975	0	
5010.000000	2	26	586	924	36	980	0	2	1017	174	0	0	0	127	1	2	592	0	967	0	
5020.000000	2	24	562	918	34	997	0	3	997	160	0	0	0	132	1	2	612	0	946	0	
5030.000000	2	22	529	919	29	992	0	3	995	149	0	0	0	137	1	4	624	0	962	0	
5040.000000	2	20	498	900	27	985	0	3	1000	140	0	0	0	135	1	4	658	0	966	0	
5050.000000	1	18	462	920	25	977	0	3	989	128	0	0	0	139	1	4	680	0	962	0	
5060.000000	1	18	434	940	23	984	0	2	987	115	0	0	0	127	1	4	708	0	961	0	
5070.000000	0	16	407	932	23	998	0	2	993	105	0	0	0	127	1	4	708	0	956	0	
5080.000000	0	15	375	941	22	981	0	2	996	99	0	0	0	121	1	3	717	0	957	0	
5090.000000	0	14	346	960	19	986	0	2	980	86	0	0	0	115	1	4	716	0	953	0	
5100.000000	0	13	310	972	16	985	0	1	995	83	0	0	0	116	1	4	734	0	952	0	
5110.000000	0	12	285	958	14	1004	0	1	996	74	0	0	0	120	1	4	766	0	956	0	
5120.000000	0	11	266	939	15	1014	0	1	973	68	0	0	0	122	1	3	771	0	965	0	
5130.000000	0	10	240	929	13	1044	0	3	972	63	0	0	0	128	1	4	765	0	976	0	
5140.000000	0	10	221	914	12	1033	0	3	962	58	0	0	0	124	1	5	769	0	973	0	
5150.000000	0	10	201	918	10	1036	0	4	955	52	0	0	0	123	1	5	790	0	972	0	
5160.000000	0	10	184	912	9	1034	0	4	945	50	0	0	0	124	1	4	808	0	984	0	
5170.000000	0	10	177	921	8	1030	0	4	944	48	0	0	0	131	1	4	814	0	977	0	
5180.000000	0	10	166	925	8	999	0	5	947	44	0	0	0	131	1	4	831	0	981	0	
5190.000000	0	10	155	940	8	1008	0	5	989	41	0	0	0	134	1	4	848	0	1000	0	
5200.000000	0	8	145	939	6	994	0	4	1005	38	0	0	0	132	1	3	861	0	985	0	
5210.000000	0	7	136	927	6	990	0	4	985	36	0	0	0	132	1	3	872	0	975	0	
5220.000000	0	6	132	910	6	983	0	3	993	31	0	0	0	135	1	3	887	0	971	0	
5230.000000	0	6	120	897	4	974	0	3	997	24	0	0	0	139	1	3	898	0	992	0	
5240.000000	0	5	110	897	4	992	0	3	999	23	0	0	0	144	1	2	913	0	999	0	
5250.000000	0	5	101	926	3	974	0	3	999	20	0	0	0	140	1	0	908	0	980	0	
5260.000000	0	4	94	902	3	993	0	3	990	18	0	0	0	136	1	0	919	0	975	0	
5270.000000	0	4	89	900	3	968	0	3	967	16	0	0	0	142	1	0	930	0	981	0	
5280.000000	0	4	87	900	2	958	0	2	971	15	0	0	0	139	1	0	925	0	992	0	
5290.000000	0	3	80	884	0	956	0	2	977	13	0	0	0	136	1	1	936	0	973	0	
5300.000000	0	3	77	879	0	957	0	2	1004	13	0	0	0	137	1	1	947	0	959	0	
5310.000000	0	3	69	865	0	938	0	2	1006	13	0	0	0	139	1	1	954	0	962	0	
5320.000000	0	3	64	835	0	925	0	0	999	12	0	7	0	141	1	1	926	0	995	0	
5330.000000	0	2	62	824	0	931	0	1	1002	11	0	7	0	140	1	1	853	0	995	0	
5340.000000	0	2	60	796	0	931	0	2	968	11	0	6	0	139	1	1	779	0	1005	0	
5350.000000	0	2	56	771	0	927	0	3	976	11	0	5	0	140	1	1	703	0	1016	0	
5360.000000	0	2	51	758	0	932	0	3	992	11	0	5	0	143	1	1	640	0	1001	0	
5370.000000	0	2	48	728	1	944	0	2	1010	10	0	4	0	140	1	1	592	0	984	0	
5380.000000	0	2	44	704	1	951	0	3	998	10	0	4	0	140	1	1	536	0	988	0	
5390.000000	0	2	41	673	1	966	0	3	988	9	0	4	0	136	1	1	492	0	973	0	
5400.000000	0	2	36	645	1	983	0	3	1007	7	0	4	0	140	1	0	450	0	987	0	
5410.000000	0	1	33	614	1	969	0	2	999	9	0	3	0	141	1	0	406	0	990	0	
5420.000000	0	1	28	583	1	971	1	1	1003	14	0	3	0	132	1	0	366	0	964	0	
5430.000000	0	1	28	552	2	974	0	0	990	14	0	14	0	134	1	0	334	0	974	0	
5440.000000	0	1	26	525	1	989	0	0	980	13	0	19	0	133	1	0	312	0	977	0	
5450.000000	0	1	23	497	1	971	0	0	971	15	0	31	0	133	1	1	288	0	986	0	
5460.000000	0	1	21	463	1	973	0	0	1000	13	0	38	0	132	1	1	267	0	994	0	
5470.000000	0	0	21	444	1	971	0	0	981	12	0	41	0	127	1	1	246	0	989	0	
5480.000000	0	0	20	415	1	993	0	0	974	10	0	47	0	131	1	1	220	0	992	0	
5490.000000	0	0	20	392	1	1003	0	1	963	9	0	60	0	131	1	1	203	0	992	0	
5500.000000	0	0	17	372	1	1024	0	1	987	9	0	57	0	132	1	1	193	0	1004	0	
5510.000000	0	0	17	335	2	1028	0	1	990	9	0	49	0	136	1	2	174	0	996	0	
5520.000000	0	0	15	319	2	1028	0	1	1000	8	0	44	0	140	1	2	158	0	989	0	
5530.000000	0	0	14	301	2	1026	0	1	983	8	0	38	0	136	1	2	152	0	985	0	
5540.000000	0	0	13	286	3	1005	0	1	980	8	0	36	0	131	1	2	137	0	995	0	
5550.000000	0	0	11	262	5	1005	0	1	986	8	0	34	0	121	1	2	119	0	1005	0	
5560.000000	0	0	10	241	7	1018	0	1	991	8	0	31	0	115	1	2	109	0	1017	0	
5570.000000	0	0	8	233	11	1031	0	1	995	8	0	28	0	126	1	2	103	0	1006	0	
5580.000000	0	0	6	219	12	1023	0	1	995	7	0	26	0	124	1	2	94	0	995	0	
5590.000000	0	0	6	203	14	1021	0	1	999	6	0	23	0	128	1	2	89	0	984	0	
5600.000000	0	0	6	180	15	1019	0	1	994	5	0	21	0	125	1	2	81	0	990	0	
5610.000000	0	0	6	168	14	1012	0	1	1001	5	0	20	0	129	1	2	73	0	1012	0	
5620.000000	0	0	5	156	15	1024	0	1	1016	4	0	19	0	130	1	2	66	0	1001	0	
5630.000000	0	0	5	147	18	1020	0	1	1022	4	0	15	0	125	1	1	61	0	1007	0	
5640.000000	0	0	5	128	20	1040	0	1	1018	4	0	14	0	129	1	1	55	0	994	0	
5650.000000	0	0	5	116	28	1028	0	1	1020	4	0	13	0	132	1	1	50	0	999	0	
5660.000000	0	0	4	111	27	1013	0	1	1024	14	0	13	0	132	1	0	47	0	1009	0	
5670.000000	0	0	4	105	32	1023	0	1	1023	67	0	13	0	135	1	0	44	0	976	0	
5680.000000	0	0	4	99	35	1009	0	0	1014	106	0	11	0	138	1	0	42	0	978	0	
5690.000000	0	0	3	91	37	1007	0	0	999	150	0	12	0	136	1	0	34	0	998	0	
5700.000000	1	0	3	81	39	991	0	0	989	191	0	10	0	137	1	0	33	0	992	0	
5710.000000	1	0	3	74	44	1015	0	0	993	235	0	9	0	137	1	0	30	0	1004	0	
5720.000000	3	0	3	71	51	1008	0	0	1020	275	0	9	0	135	1	0	27	0	1000	0	
5730.000000	5	0	3	66	56	1007	0	0	1027	299	0	9	0	134	1	1	27	0	999	0	
5740.000000	14	5	4	62	66	996	0	0	1042	285	0	9	0	124	1	1	26	0	1015	0	
5750.000000	24	21	7	61	65	1019	0	1	1028	265	0	7	0	130	1	1	25	0	1025	0	
5760.000000	35	44	29	60	63	1040	0	1	1022	304	0	6	0	135	1	0	24	0	1007	0	
5770.000000	36	69	68	100	65	1062	0	2	990	332	0	5	0	130	1	1	21	0	1002	0	
5780.000000	33	89	116	152	72	1046	0	1	984	312	0	5	0	134	1	1	17	0	1030	0	
5790.000000	28	107	163	211	70	1036	0	1	977	275	0	5	0	136	1	1	16	0	1010	0	
5800.000000	25	111	218	285	74	1045	0	1	991	245	0	5	0	135	1	2	15	0	1002	0	
5810.000000	23	117	266	341	79	1009	0	2	998	223	0	4	0	136	1	2	14	0	1013	0	
5820.000000	22	122	323	410	82	1014	0	2	989	208	0	4	0	131	1	2	13	0	990	0	
5830.000000	19	125	359	444	90	1005	0	3	983	194	0	4	0	137	1	2	13	0	984	0	
5840.000000	17	128	396	492	83	999	0	3	973	171	0	4	0	146	1	1	11	0	994	0	
5850.000000	14	121	453	544	93	985	0	3	980	157	0	4	0	145	1	1	11	0	1011	0	
5860.000000	13	111	480	591	92	1003	0	3	1006	140	0	4	0	136	1	1	11	0	1015	0	
5870.000000	11	107	508	618	96	996	0	3	995	124	0	3	0	144	1	1	10	0	1018	0	
5880.000000	9	102	538	668	97	996	0	3	985	113	0	3	0	138	1	1	10	0	990	0	
5890.000000	9	96	566	720	99	996	0	4	1010	147	0	3	0	140	1	1	10	0	996	0	
5900.000000	8	84	597	747	103	999	0	4	1004	134	0	3	0	132	1	1	10	0	973	0	
5910.000000	7	78	623	757	105	1012	0	3	1007	125	0	3	0	138	1	1	10	0	983	0	
5920.000000	7	75	626	767	103	1013	0	3	1031	125	0	3	0	137	1	0	10	0	1007	0	
5930.000000	7	76	627	807	109	1006	0	2	1014	212	0	2	0	132	1	0	9	0	1015	0	
5940.000000	7	66	650	829	112	987	0	3	1019	261	0	2	0	129	1	0	9	0	1020	0	
5950.000000	5	59	644	831	117	969	0	4	1017	310	0	2	0	135	1	0	9	0	1023	0	
5960.000000	5	56	635	856	116	986	0	4	1023	378	0	2	0	135	1	0	8	0	1033	0	
5970.000000	4	52	614	871	117	980	0	5	1030	438	0	2	0	133	1	0	8	0	1036	0	
5980.000000	4	48	596	870	126	971	0	5	1040	483	0	2	0	136	1	0	8	0	1036	0	
5990.000000	4	45	588	889	123	976	0	5	1047	519	0	2	0	138	1	0	7	0	1047	0	
6000.000000	4	42	565	883	118	977	0	5	1044	573	0	2	0	134	1	0	7	0	1033	0	
6010.000000	3	40	558	897	120	967	0	6	1035	627	0	2	0	133	1	0	6	0	1024	0	
6020.000000	3	37	542	888	120	960	0	6	1028	644	0	1	0	132	1	0	6	0	1020	0	
6030.000000	2	36	546	902	120	949	0	5	1014	658	0	1	0	139	1	0	6	0	1018	0	
6040.000000	2	34	545	913	117	942	0	4	1001	650	0	1	0	139	1	0	5	0	1037	0	
6050.000000	2	33	516	935	115	942	0	4	1007	625	0	0	0	132	1	1	42	0	1025	0	
6060.000000	1	27	497	938	106	920	0	5	1014	570	0	0	0	128	1	1	104	0	1036	0	
6070.000000	1	26	480	974	98	953	0	5	1024	531	0	0	0	131	1	1	175	0	1058	0	
6080.000000	1	22	453	965	87	956	0	5	1020	481	0	0	0	133	1	1	229	0	1048	0	
6090.000000	1	19	415	964	81	967	0	4	1005	440	0	0	0	131	1	1	300	0	1038	0	
6100.000000	1	14	376	973	76	960	0	4	982	406	0	0	0	133	1	1	351	0	1056	0	
6110.000000	1	13	342	977	73	994	0	4	989	374	0	0	0	134	1	1	402	0	1064	0	
6120.000000	1	12	317	959	66	980	0	3	981	338	0	0	0	140	1	1	441	0	1059	0	
6130.000000	1	11	293	962	61	969	0	2	974	305	0	0	0	142	1	1	495	0	1066	0	
6140.000000	1	10	275	959	55	968	0	2	985	278	0	0	0	138	1	1	533	0	1053	0	
6150.000000	1	10	246	968	52	982	0	1	980	257	0	0	0	137	1	1	558	0	1049	0	
6160.000000	0	9	228	942	49	980	0	0	978	234	0	0	0	138	1	1	595	0	1029	0	
6170.000000	0	9	214	924	47	1017	0	0	964	212	0	0	0	132	1	1	634	0	1056	0	
6180.000000	0	9	194	935	45	1025	0	0	960	191	0	1	0	137	1	0	629	0	1052	0	
6190.000000	0	9	181	931	43	1020	0	0	967	170	0	1	0	128	1	0	572	0	1059	0	
6200.000000	0	9	173	914	42	1011	0	0	992	155	0	1	0	123	1	0	560	0	1047	0	
6210.000000	0	7	160	913	42	1027	1	1	974	147	0	1	0	126	1	0	510	0	1055	0	
6220.000000	0	7	146	881	39	1049	1	2	981	143	0	1	0	126	1	0	468	0	1062	0	
6230.000000	0	7	138	868	33	1054	1	2	979	134	0	1	0	129	1	1	424	0	1050	0	
6240.000000	0	7	135	876	30	1061	1	3	969	121	0	1	0	128	1	1	387	0	1041	0	
6250.000000	0	7	126	898	28	1033	1	3	980	109	0	1	0	126	1	1	351	0	1043	0	
6260.000000	0	7	118	896	24	1016	1	2	973	101	0	1	0	122	1	2	316	0	1040	0	
6270.000000	0	6	110	876	22	1014	1	2	987	99	0	1	0	135	1	2	298	0	1010	0	
6280.000000	0	5	98	878	22	1010	1	2	1018	92	0	0	0	131	1	3	310	0	1015	0	
6290.000000	0	3	88	885	20	1003	1	2	1023	85	0	0	0	136	1	3	359	0	1012	0	
6300.000000	0	2	81	872	20	998	1	2	1033	76	0	0	0	130	1	3	390	0	993	0	
6310.000000	0	0	77	871	18	1002	1	1	1020	70	0	0	0	128	1	4	410	0	1003	0	
6320.000000	0	0	72	844	17	1019	1	1	1007	61	0	0	0	126	1	5	453	0	986	0	
6330.000000	0	0	63	801	15	997	1	1	1001	56	0	0	0	126	1	4	478	0	994	0	
6340.000000	0	0	55	792	13	1002	1	2	1005	53	0	0	0	129	1	4	513	0	967	0	
6350.000000	0	0	50	783	11	986	1	3	1015	49	0	0	0	129	1	4	544	0	982	0	
6360.000000	0	0	47	772	10	1002	1	3	1004	45	0	0	0	125	1	4	576	0	1007	0	
6370.000000	0	0	42	744	10	999	1	3	1009	40	0	0	0	129	1	4	615	0	980	0	
6380.000000	0	0	38	715	8	1000	1	3	1000	38	0	0	0	129	1	4	632	0	975	0	
6390.000000	0	0	38	672	8	1013	0	3	993	36	0	0	0	128	1	4	646	0	997	0	
6400.000000	0	0	34	633	7	1020	0	4	1003	31	0	0	0	124	1	4	666	0	989	0	
6410.000000	0	0	29	605	8	1000	0	4	1006	27	0	0	0	118	1	3	684	0	977	0	
6420.000000	0	0	25	583	8	1013	0	4	1019	24	0	0	0	121	1	2	702	0	976	0	
6430.000000	0	0	23	543	8	994	0	3	1034	22	0	0	0	120	1	1	704	0	976	0	
6440.000000	0	0	20	507	8	997	0	3	1040	17	0	0	0	124	1	1	721	0	972	0	
6450.000000	0	0	20	479	9	1006	0	3	1048	15	0	0	0	124	1	1	731	0	966	0	
6460.000000	0	0	17	453	9	996	0	4	1031	13	0	0	0	127	1	1	740	0	962	0	
6470.000000	0	0	16	419	9	984	0	4	1010	11	0	0	0	133	1	1	757	0	966	0	
6480.000000	0	0	14	394	9	1001	0	2	1007	9	0	0	0	136	1	2	758	0	990	0	
6490.000000	0	0	13	371	7	978	0	3	1010	8	0	0	0	127	1	2	755	0	1006	0	
6500.000000	0	0	12	349	7	982	0	3	1015	7	0	0	0	135	1	2	746	0	1011	0	
6510.000000	0	0	11	321	5	987	0	3	1016	6	0	0	0	135	1	2	766	0	1036	0	
6520.000000	0	0	7	294	4	990	0	2	997	6	0	0	0	137	1	1	786	0	1022	0	
6530.000000	0	0	5	276	4	1002	0	2	1007	4	0	0	0	136	1	1	781	0	1007	0	
6540.000000	0	0	4	251	4	1007	0	2	1003	4	0	0	0	131	1	1	799	0	972	0	
6550.000000	0	0	4	230	4	1006	0	2	991	2	0	0	0	132	1	2	792	0	978	0	
6560.000000	0	0	4	220	4	1011	0	2	993	2	0	0	0	126	1	2	812	0	974	0	
6570.000000	0	0	3	205	4	994	0	2	1008	2	0	0	0	129	1	2	819	0	966	0	
6580.000000	0	0	3	187	3	984	0	2	986	2	0	0	0	127	1	3	864	0	958	0	
6590.000000	0	0	2	177	3	992	0	2	984	2	0	0	0	134	1	3	859	0	959	0	
6600.000000	0	0	2	167	3	1009	0	2	974	2	0	0	0	127	1	2	863	0	976	0	
6610.000000	0	0	1	153	2	999	0	3	968	2	0	0	0	122	1	2	888	0	979	0	
6620.000000	0	0	1	140	2	992	0	3	967	2	0	0	0	127	1	3	861	0	961	0	
6630.000000	0	0	1	131	2	993	0	3	975	1	0	0	0	128	1	3	851	0	967	0	
6640.000000	0	0	1	115	2	986	0	2	971	0	0	0	0	126	1	3	864	0	992	0	
6650.000000	0	0	1	105	2	950	0	1	983	0	0	0	0	127	1	2	855	0	1014	0	
6660.000000	0	0	1	95	2	952	0	1	989	0	1	0	0	122	1	2	847	0	1028	0	
6670.000000	1	0	1	87	2	968	0	2	970	0	2	0	0	111	1	2	846	0	1025	0	
6680.000000	1	0	1	81	2	942	0	2	978	0	2	0	0	105	1	2	833	0	1016	0	
6690.000000	1	0	1	75	2	932	0	2	980	0	2	0	0	94	1	2	823	0	999	0	
6700.000000	2	1	1	71	2	930	0	2	974	0	2	0	0	89	1	2	818	0	991	0	
6710.000000	4	1	1	66	1	940	0	2	968	0	2	0	0	84	2	2	803	0	993	0	
6720.000000	8	2	1	60	1	970	0	3	948	0	2	0	0	76	3	1	793	0	994	0	
6730.000000	21	7	1	55	2	997	0	3	957	0	1	0	0	66	3	1	787	0	994	0	
6740.000000	67	32	7	49	2	1006	0	3	950	0	1	0	0	61	4	1	762	0	1005	0	
6750.000000	83	97	53	68	3	979	0	3	968	0	0	0	0	83	4	1	756	0	1001	0	
6760.000000	73	167	120	126	4	991	0	3	950	0	0	0	0	92	6	2	786	0	1014	0	
6770.000000	68	204	205	191	4	994	0	3	921	0	0	0	0	108	8	2	796	0	1009	0	
6780.000000	61	250	270	276	3	1011	0	3	927	0	0	0	0	106	10	2	795	0	1001	0	
6790.000000	56	272	353	335	3	1003	0	3	932	0	0	0	0	105	16	2	802	0	974	0	
6800.000000	48	300	417	397	2	993	0	2	950	0	0	0	0	109	18	2	809	0	991	0	
6810.000000	43	316	465	442	2	993	0	2	958	0	0	0	0	108	18	2	792	0	988	0	
6820.000000	42	328	502	495	2	998	0	2	959	0	1	0	0	110	26	1	812	0	982	0	
6830.000000	40	348	544	536	2	1030	0	2	966	0	1	0	0	106	49	1	828	0	973	0	
6840.000000	39	345	583	585	2	1002	0	3	958	0	1	0	0	93	83	3	823	0	941	0	
6850.000000	36	345	605	619	2	1003	0	2	947	0	0	0	0	92	130	3	814	0	944	0	
6860.000000	32	336	629	653	2	1004	0	3	947	0	0	0	0	102	168	3	788	0	955	0	
6870.000000	28	333	658	677	2	978	0	2	946	0	0	0	0	105	224	2	788	0	965	0	
6880.000000	25	330	699	708	2	974	0	3	947	0	0	0	0	113	275	2	763	0	958	0	
6890.000000	22	317	720	724	2	982	0	2	963	0	0	0	0	116	324	2	751	0	977	0	
6900.000000	21	307	743	744	2	984	0	2	974	0	0	0	0	127	371	2	768	0	960	0	
6910.000000	20	303	779	757	2	997	0	2	998	0	1	0	0	128	413	2	797	0	948	0	
6920.000000	18	290	801	776	2	1011	0	2	995	0	1	0	0	118	471	2	790	0	962	0	
6930.000000	17	270	821	779	2	1007	0	3	984	0	2	0	0	108	486	2	807	0	967	0	
6940.000000	14	253	827	799	2	1010	0	2	993	0	2	0	0	97	517	2	776	0	957	0	
6950.000000	13	235	850	813	2	1010	0	3	991	0	3	0	0	92	526	2	796	0	952	0	
6960.000000	12	221	841	837	2	1008	0	3	979	0	3	0	0	86	556	2	786	0	956	0	
6970.000000	11	217	863	846	2	1000	0	3	1000	0	3	0	0	77	573	2	783	0	951	0	
6980.000000	10	204	871	862	2	992	0	4	1006	0	2	0	0	69	576	2	787	0	959	0	
6990.000000	10	184	911	876	2	978	0	4	1041	0	2	0	0	62	587	2	762	0	939	0	
7000.000000	10	167	903	885	0	979	0	4	1035	0	1	0	0	55	593	2	747	0	933	0	
7010.000000	9	155	885	898	0	964	0	3	1020	0	0	0	0	59	599	2	745	0	927	0	
7020.000000	8	144	890	896	0	960	0	4	1007	0	1	0	0	58	598	2	725	0	930	0	
7030.000000	8	128	891	893	0	951	0	4	1010	0	1	0	0	56	600	2	693	0	932	0	
7040.000000	8	126	891	871	0	983	0	5	1032	0	0	0	0	78	595	1	690	0	937	0	
7050.000000	6	114	901	887	0	970	0	5	1035	0	0	0	0	96	605	1	683	0	960	0	
7060.000000	5	105	906	875	0	976	0	6	1054	0	0	0	0	110	619	1	684	0	965	0	
7070.000000	5	96	887	887	0	994	0	6	1051	0	0	0	0	111	640	1	708	0	977	0	
7080.000000	5	86	872	878	0	1003	0	5	1026	0	1	0	0	115	669	1	724	0	977	0	
7090.000000	5	77	858	881	0	1009	0	5	1034	0	1	0	0	106	665	1	737	0	989	0	
7100.000000	5	73	854	882	0	1010	0	5	1039	0	2	0	0	96	683	1	729	0	968	0	
7110.000000	5	69	830	876	0	1005	0	4	1030	0	2	0	0	86	692	1	735	0	957	0	
7120.000000	4	64	802	890	0	1045	0	4	1028	0	2	0	0	82	700	1	732	0	968	0	
7130.000000	4	60	773	894	0	1038	0	4	1016	0	2	0	0	75	692	1	730	0	978	0	
7140.000000	4	52	767	878	0	1040	0	4	1002	0	2	0	0	66	698	1	720	0	987	0	
7150.000000	3	47	754	884	0	1030	0	5	1011	1	2	0	0	56	688	0	727	0	997	0	
7160.000000	3	44	742	897	0	1032	0	4	1001	1	1	0	0	54	658	0	693	0	992	0	
7170.000000	3	39	710	934	0	1024	0	4	1028	0	1	0	0	50	636	0	677	0	960	0	
7180.000000	3	38	668	935	0	1025	1	4	1030	1	0	0	0	69	634	0	662	0	988	0	
7190.000000	3	33	640	932	0	1013	1	4	1032	1	0	0	0	89	642	0	664	0	994	0	
7200.000000	3	32	607	940	0	1010	1	3	1046	1	0	0	0	96	647	0	685	0	977	0	
7210.000000	3	30	578	949	0	1010	1	3	1042	2	0	0	0	99	661	0	693	0	994	0	
7220.000000	3	27	547	937	0	1003	1	5	1060	2	0	0	0	108	674	0	706	0	984	0	
7230.000000	2	25	510	928	0	1003	1	5	1047	2	0	0	0	117	684	0	711	0	985	0	
7240.000000	2	21	480	947	0	1000	1	5	1021	2	0	0	0	116	693	0	729	0	1000	0	
7250.000000	2	19	439	957	0	1030	1	5	1025	2	0	0	0	113	705	0	742	0	1007	0	
7260.000000	1	18	412	971	0	1045	1	4	1028	2	0	0	0	124	729	0	748	0	995	0	
7270.000000	1	19	393	991	0	1032	1	4	1009	3	0	0	0	132	743	0	766	0	990	0	
7280.000000	1	17	356	1002	0	1013	0	4	1016	3	0	0	0	135	771	0	778	0	993	0	
7290.000000	1	15	331	1016	0	999	0	3	1034	4	0	0	0	139	764	0	791	0	1001	0	
7300.000000	1	14	305	1024	0	985	0	3	1043	4	0	0	0	131	788	0	815	0	1019	0	
7310.000000	1	13	291	1015	0	980	0	3	1045	3	0	0	0	133	802	0	815	0	1027	0	
7320.000000	1	12	279	1012	0	1000	0	3	1026	3	0	0	0	134	797	0	815	0	1039	0	
7330.000000	1	12	263	989	0	1001	0	2	1017	4	0	0	0	133	791	0	826	0	1033	0	
7340.000000	1	10	239	982	0	1001	0	2	992	4	0	0	0	135	781	0	828	0	1029	0	
7350.000000	1	9	213	983	0	1000	0	2	994	5	0	0	0	127	805	0	824	0	1025	0	
7360.000000	1	9	200	981	0	992	0	2	988	5	0	0	0	129	824	0	846	0	1031	0	
7370.000000	1	9	180	970	0	999	0	2	994	5	0	0	0	132	833	0	851	0	1041	0	
7380.000000	1	8	171	953	0	996	0	3	977	6	0	0	0	127	825	0	841	0	1050	0	
7390.000000	1	5	159	928	0	985	1	2	988	5	0	0	0	125	849	0	840	0	1048	0	
7400.000000	1	5	142	911	0	981	2	1	997	5	0	0	0	129	849	0	842	0	1041	0	
7410.000000	1	5	136	912	0	1000	4	1	998	5	0	0	0	125	834	0	834	0	1038	0	
7420.000000	1	5	129	884	0	1015	4	1	973	4	0	0	0	125	857	0	858	0	1034	0	
7430.000000	1	4	114	868	0	997	5	1	981	5	0	0	0	129	864	0	857	0	1048	0	
7440.000000	1	4	105	850	0	977	3	2	988	5	0	0	0	137	862	0	850	0	1030	0	
7450.000000	1	4	98	848	0	970	2	2	981	5	0	0	0	136	883	0	855	0	1037	0	
7460.000000	1	4	88	872	0	979	2	2	988	3	0	0	0	138	896	0	852	0	1043	0	
7470.000000	1	4	78	853	0	996	2	2	977	3	0	0	0	137	918	0	836	0	1034	0	
7480.000000	1	4	73	845	0	993	2	2	978	3	0	0	0	136	930	0	839	0	1023	0	
7490.000000	1	3	68	841	0	1012	2	2	966	3	0	0	0	136	931	0	855	0	1029	0	
7500.000000	0	3	63	804	0	1006	2	1	958	3	0	0	0	136	920	0	841	0	1049	0	
7510.000000	0	3	61	787	0	998	2	1	957	3	0	0	0	140	920	0	854	0	1047	0	
7520.000000	0	3	56	775	0	996	2	1	970	3	0	0	0	141	930	0	866	0	1021	0	
7530.000000	0	2	52	756	0	1002	2	1	984	2	0	0	0	142	932	0	876	0	1036	0	
7540.000000	0	2	49	743	0	1014	2	2	981	3	0	0	0	143	911	0	894	0	1046	0	
7550.000000	0	2	42	726	0	1030	2	2	968	2	0	0	0	143	913	0	890	0	1054	0	
7560.000000	0	2	40	688	0	1046	2	1	973	2	0	0	0	140	913	0	871	0	1042	0	
7570.000000	0	2	35	672	0	1034	2	1	958	2	0	0	0	138	899	0	895	0	1017	0	
7580.000000	0	2	33	645	0	1044	2	1	984	2	0	0	0	138	880	0	880	0	1005	0	
7590.000000	0	2	29	628	0	1024	3	1	972	2	0	0	0	132	875	0	896	0	981	0	
7600.000000	0	1	26	604	0	1024	3	1	975	2	0	0	0	137	871	0	892	0	967	0	
7610.000000	0	1	25	566	0	1037	3	0	972	2	0	0	0	138	888	0	892	0	958	0	
7620.000000	0	0	21	542	0	1030	3	0	964	2	0	0	0	135	889	0	916	0	956	0	
7630.000000	0	0	16	494	0	1022	3	0	960	2	0	0	0	126	906	0	921	0	984	0	
7640.000000	0	0	14	456	0	1015	3	0	983	2	0	0	0	123	895	0	913	0	979	0	
7650.000000	0	0	12	418	0	1029	4	0	989	1	0	0	0	118	867	0	922	0	978	0	
7660.000000	0	0	12	392	0	1025	4	0	1003	2	0	0	0	119	878	0	917	0	971	0	
7670.000000	0	0	11	358	0	1023	4	0	990	2	0	0	0	127	846	0	928	0	985	0	
7680.000000	0	0	8	331	0	1005	4	0	1006	2	0	0	0	136	858	0	910	0	980	0	
7690.000000	0	0	7	298	0	1002	4	0	1027	2	0	0	0	136	856	0	903	0	992	0	
7700.000000	0	0	7	276	0	1004	4	0	1042	1	0	0	0	135	869	0	890	0	993	0	
7710.000000	0	0	6	252	0	1003	4	0	1011	2	0	0	0	135	882	0	881	0	1008	0	
7720.000000	0	0	5	236	0	995	3	0	1009	2	0	0	0	134	880	0	885	0	991	0	
7730.000000	0	0	5	213	0	998	3	1	1014	2	0	0	0	132	889	0	893	0	994	0	
7740.000000	0	0	5	191	0	1006	4	1	1011	1	0	0	0	132	895	0	891	0	996	0	
7750.000000	0	0	5	169	0	993	4	1	990	1	0	0	0	127	871	0	906	0	969	0	
7760.000000	0	0	5	144	0	1005	5	2	984	0	0	0	0	129	880	0	909	0	965	0	
7770.000000	0	0	4	132	0	1010	5	2	973	0	0	0	0	129	892	0	896	0	975	0	
7780.000000	0	0	4	116	0	1000	4	2	971	1	1	0	0	126	871	0	895	0	993	0	
7790.000000	0	0	3	104	0	984	4	2	971	2	1	0	0	114	873	0	882	0	979	0	
7800.000000	0	0	3	98	0	996	4	3	962	3	1	0	0	106	839	0	900	0	975	0	
7810.000000	0	0	3	91	0	983	4	3	957	3	1	0	0	98	825	0	909	0	989	0	
7820.000000	0	0	3	85	0	990	5	1	957	3	1	0	0	90	819	0	891	0	1011	0	
7830.000000	1	0	1	80	0	991	4	1	968	3	1	0	0	85	800	0	875	0	1012	0	
7840.000000	2	0	1	72	0	1014	3	1	992	4	1	0	0	75	782	0	847	0	999	0	
7850.000000	3	0	0	68	0	982	3	1	976	4	0	0	0	79	762	0	837	0	992	0	
7860.000000	15	5	0	59	0	981	4	1	979	4	0	0	0	93	758	0	812	0	981	0	
7870.000000	49	24	6	50	0	977	4	1	984	4	0	0	0	97	760	0	800	0	985	0	
7880.000000	83	57	34	57	0	974	4	0	989	3	0	0	0	112	755	0	808	0	996	0	
7890.000000	76	104	96	92	0	969	4	0	998	3	0	1	0	121	703	0	747	0	1011	0	
7900.000000	70	169	163	149	0	990	4	0	997	3	0	1	0	123	640	0	681	0	1017	0	
7910.000000	61	212	237	225	0	982	3	1	1022	3	0	1	0	124	591	0	632	0	1011	0	
7920.000000	53	237	293	285	0	978	2	1	1009	4	0	1	0	131	539	0	580	0	1008	0	
7930.000000	48	265	350	346	0	989	1	1	1029	5	0	1	0	133	486	0	537	0	987	0	
7940.000000	45	276	408	404	0	985	1	2	1011	6	0	1	0	134	441	0	493	0	1001	0	
7950.000000	40	295	479	466	0	990	1	2	987	6	0	1	0	133	391	0	454	0	1001	0	
7960.000000	38	304	529	526	0	970	2	2	1003	7	0	1	0	129	360	0	430	0	1013	0	
7970.000000	34	318	554	559	0	971	2	2	993	8	0	0	0	125	349	0	430	0	995	0	
7980.000000	32	329	565	598	0	971	2	2	993	10	0	0	0	130	388	0	468	0	1007	0	
7990.000000	31	315	606	635	0	967	2	2	997	12	0	0	0	119	436	0	504	0	989	0	
8000.000000	28	307	624	657	0	972	1	2	1000	12	0	0	0	115	454	0	562	0	1002	0	
8010.000000	26	307	676	702	0	991	0	2	1005	11	0	0	0	120	479	0	577	0	998	0	
8020.000000	22	305	677	719	0	989	0	2	1030	11	0	0	0	117	509	0	609	0	1019	0	
8030.000000	21	296	688	754	0	984	0	2	1038	12	0	0	0	112	531	0	625	0	990	0	
8040.000000	15	279	730	763	0	986	1	2	1036	12	0	0	0	103	557	0	648	0	992	0	
8050.000000	14	258	727	772	0	992	1	2	1033	12	0	0	0	112	593	0	664	0	990	0	
8060.000000	12	243	749	777	0	985	1	2	1021	12	0	0	0	109	610	0	666	0	996	0	
8070.000000	12	223	767	794	0	973	1	2	1012	13	0	0	0	111	627	0	680	0	1026	0	
8080.000000	11	207	788	812	0	975	2	2	999	13	0	0	0	117	631	0	706	0	1031	0	
8090.000000	10	194	797	802	0	974	2	2	1016	12	0	0	0	114	659	0	709	0	1029	0	
8100.000000	9	179	839	825	0	967	2	2	1005	11	0	0	0	126	670	0	724	0	1019	0	
8110.000000	8	174	843	841	0	976	3	3	1028	11	0	0	0	126	665	0	762	0	1024	0	
8120.000000	7	167	857	830	0	994	3	3	1043	13	0	0	0	136	694	0	756	0	1032	0	
8130.000000	7	149	825	809	0	977	3	3	1038	13	0	0	0	121	703	0	779	0	1021	0	
8140.000000	7	132	842	824	0	984	2	3	1031	11	0	0	0	123	707	0	786	0	1008	0	
8150.000000	6	125	835	840	0	981	3	2	1041	10	0	0	0	123	726	0	791	0	986	0	
8160.000000	5	115	841	866	0	969	4	2	1031	9	0	0	0	119	726	0	796	0	983	0	
8170.000000	4	104	828	870	0	995	4	2	1044	10	0	0	0	122	753	0	782	0	986	0	
8180.000000	4	95	820	865	0	1008	4	2	1029	10	0	0	0	116	751	0	793	0	996	0	
8190.000000	4	92	807	869	0	1006	3	3	996	12	0	0	0	117	758	0	816	0	994	0	
8200.000000	4	83	816	873	0	1016	3	3	993	12	0	0	0	120	745	0	822	0	1003	0	
8210.000000	4	80	823	896	0	1016	3	2	1014	10	0	0	0	118	749	0	841	0	995	0	
8220.000000	4	70	812	898	0	1014	3	2	1011	8	0	0	0	118	753	0	858	0	1015	0	
8230.000000	4	66	804	896	0	999	2	2	1005	8	0	0	0	125	757	0	854	0	1037	0	
8240.000000	4	61	763	914	0	994	2	2	982	8	0	0	0	129	771	0	849	0	1043	0	
8250.000000	4	56	753	931	0	995	3	2	964	8	0	0	0	123	774	0	836	0	1054	0	
8260.000000	3	54	747	942	0	984	3	2	970	8	0	0	0	135	788	0	846	0	1050	0	
8270.000000	3	53	714	951	0	988	3	2	960	8	0	0	0	131	799	0	852	0	1048	0	
8280.000000	3	50	677	964	0	985	3	2	975	7	0	0	0	129	814	0	874	0	1045	0	
8290.000000	3	44	646	970	0	985	3	3	992	6	0	0	0	130	815	0	887	0	1051	0	
8300.000000	3	46	635	974	0	987	3	3	993	6	0	0	0	131	838	0	869	0	1022	0	
8310.000000	3	42	624	978	0	984	2	3	984	6	0	0	0	126	826	0	855	0	1023	0	
8320.000000	3	39	596	995	0	997	2	3	990	7	0	0	0	127	841	0	858	0	1016	0	
8330.000000	3	35	577	995	0	986	2	3	1000	8	0	0	0	131	853	0	842	0	1000	0	
8340.000000	3	34	541	999	0	971	2	3	1007	9	0	0	0	129	852	0	873	0	1018	0	
8350.000000	2	35	518	1004	0	969	2	3	1000	8	0	0	0	133	854	0	885	0	1021	0	
8360.000000	1	33	492	1000	0	967	1	2	1006	9	0	0	0	131	867	0	868	0	1018	0	
8370.000000	1	27	458	1016	0	962	1	2	1022	9	0	0	0	133	868	0	846	0	1009	0	
8380.000000	1	24	425	1037	0	958	1	2	1040	8	0	0	0	135	867	0	859	0	1019	0	
8390.000000	1	23	406	1011	0	982	0	2	1019	8	0	0	0	138	879	0	867	0	1000	0	
8400.000000	1	22	377	1002	0	979	0	2	1018	9	0	0	0	129	874	0	862	0	1007	0	
8410.000000	1	22	370	1004	0	971	0	4	1006	9	0	0	0	129	855	0	873	0	1003	0	
8420.000000	1	20	363	1004	0	978	0	4	1013	9	0	0	0	137	863	0	857	0	1009	0	
8430.000000	0	18	332	1019	0	970	0	4	1006	9	0	0	0	133	856	0	855	0	1003	0	
8440.000000	0	17	318	1006	0	959	0	5	994	9	0	0	0	130	855	0	865	0	997	0	
8450.000000	0	16	292	994	0	964	0	5	978	7	0	0	0	130	853	0	880	0	987	0	
8460.000000	0	14	272	1026	0	987	0	5	974	6	0	0	0	130	842	0	893	0	999	0	
8470.000000	0	14	244	1022	0	995	0	4	982	5	0	0	0	130	843	0	867	0	968	0	
8480.000000	0	13	230	1009	0	1012	1	4	994	4	0	0	0	134	859	0	850	0	976	0	
8490.000000	0	13	215	973	0	998	1	4	988	4	0	0	0	132	860	0	838	0	998	0	
8500.000000	0	11	203	958	0	996	1	4	1012	5	0	0	0	130	860	0	851	0	1004	0	
8510.000000	0	11	189	954	0	987	1	4	1005	5	0	0	0	130	855	0	853	0	1012	0	
8520.000000	0	11	176	945	0	984	1	4	1010	5	0	0	0	134	856	0	841	0	1009	0	
8530.000000	0	10	160	948	0	966	1	3	1003	4	0	0	0	129	865	0	851	0	990	0	
8540.000000	0	9	151	932	0	956	1	2	1026	4	0	0	0	127	874	0	845	0	987	0	
8550.000000	0	8	136	939	0	947	1	1	1016	3	0	0	0	123	895	0	833	0	981	0	
8560.000000	0	7	131	933	0	962	1	1	1020	3	0	0	0	124	889	0	827	0	987	0	
8570.000000	0	7	118	902	0	945	1	1	1022	3	0	0	0	125	900	0	825	0	970	0	
8580.000000	0	7	113	888	0	956	1	1	1037	4	0	0	0	125	891	0	818	0	954	0	
8590.000000	0	6	104	869	0	942	1	0	1034	4	0	0	0	130	881	0	828	0	976	0	
8600.000000	0	6	95	846	0	934	2	0	1040	4	0	0	0	127	892	0	833	0	988	0	
8610.000000	0	6	93	832	0	936	2	0	1026	5	0	0	0	131	888	0	830	0	987	0	
8620.000000	0	5	86	829	0	947	2	1	1031	5	0	0	0	120	879	0	826	0	998	0	
8630.000000	0	5	79	813	0	955	2	3	1041	7	0	0	0	125	872	0	795	0	979	0	
8640.000000	0	5	71	800	0	970	3	4	1023	7	0	0	0	125	883	0	803	0	998	0	
8650.000000	0	5	66	790	0	973	2	3	1023	7	0	0	0	127	899	0	825	0	999	0	
8660.000000	0	4	61	778	0	961	2	3	1024	7	0	0	0	126	912	0	840	0	1013	0	
8670.000000	0	4	55	754	0	964	1	3	1012	7	0	0	0	137	925	0	852	0	1037	0	
8680.000000	0	4	52	730	0	978	1	3	1007	7	0	0	0	132	918	0	860	0	1019	0	
8690.000000	0	4	45	707	0	995	1	3	1031	7	0	0	0	130	922	0	872	0	1022	0	
8700.000000	0	4	41	669	0	990	1	4	1021	8	0	0	0	125	895	0	861	0	1017	0	
8710.000000	0	4	38	648	0	990	2	4	1030	7	0	0	0	122	889	0	868	0	1027	0	
8720.000000	0	4	33	629	0	992	2	4	1021	5	0	0	0	126	892	0	854	0	1020	0	
8730.000000	0	4	29	602	0	989	3	4	1036	5	0	0	0	124	885	0	864	0	1009	0	
8740.000000	0	3	27	569	0	1001	3	4	1057	7	0	0	0	125	887	0	881	0	994	0	
8750.000000	0	3	26	541	0	979	2	5	1047	6	0	0	0	119	882	0	873	0	1002	0	
8760.000000	0	3	25	519	0	994	2	3	1052	6	0	0	0	125	902	0	889	0	978	0	
8770.000000	0	2	24	486	0	987	3	3	1042	7	0	0	0	124	893	0	883	0	985	0	
8780.000000	0	1	19	457	0	982	3	3	1047	7	0	0	0	120	892	0	884	0	960	0	
8790.000000	0	0	16	426	0	982	3	3	1061	6	0	0	0	117	867	0	889	0	975	0	
8800.000000	0	0	14	404	0	989	3	4	1065	4	0	0	0	124	882	0	887	0	973	0	
8810.000000	0	0	14	369	0	964	3	4	1079	2	0	0	0	126	887	0	887	0	957	0	
8820.000000	0	0	11	339	0	966	3	4	1080	2	0	0	0	124	886	0	898	0	948	0	
8830.000000	0	0	10	312	0	956	3	5	1064	2	0	0	0	122	869	0	901	0	942	0	
8840.000000	0	0	10	287	0	953	4	5	1041	1	0	0	0	123	867	0	899	0	943	0	
8850.000000	0	0	10	269	0	959	3	5	1037	0	1	0	0	125	862	0	916	0	947	0	
8860.000000	0	0	10	251	0	968	4	5	1014	0	1	0	0	115	865	0	907	0	952	0	
8870.000000	0	0	9	232	0	971	4	5	1001	0	1	0	0	105	855	0	920	0	949	0	
8880.000000	0	0	8	211	0	971	3	6	1011	0	1	0	0	100	847	0	926	0	948	0	
8890.000000	0	0	7	204	0	970	4	6	1028	1	1	0	0	91	834	0	920	0	963	0	
8900.000000	0	0	6	182	0	969	5	4	1023	1	1	0	0	85	833	0	916	0	982	0	
8910.000000	0	0	5	164	0	964	4	5	1036	1	1	0	0	76	816	0	886	0	999	0	
8920.000000	0	0	5	152	0	973	5	5	1034	0	1	0	0	71	817	0	892	0	1003	0	
8930.000000	0	0	5	137	0	964	4	5	1032	0	1	0	0	64	791	0	865	0	998	0	
8940.000000	0	0	5	126	0	959	4	6	1020	0	1	0	0	61	777	0	859	0	999	0	
8950.000000	0	0	5	115	0	972	4	6	1011	0	2	0	0	56	763	0	854	0	996	0	
8960.000000	0	0	5	105	0	985	4	8	992	0	3	0	0	55	760	0	821	0	1009	0	
8970.000000	1	0	5	96	0	981	4	7	1008	0	3	0	0	54	749	0	785	0	1007	0	
8980.000000	1	0	5	89	0	982	4	7	1030	1	4	0	0	49	726	0	760	0	1011	0	
8990.000000	1	0	5	81	0	972	4	7	1034	2	4	0	0	44	716	0	741	0	1014	0	
9000.000000	0	1	5	78	0	964	4	6	1050	2	4	0	0	42	677	0	721	0	1017	0	
9010.000000	1	1	5	71	0	969	3	6	1038	2	3	0	0	40	652	0	693	0	1021	0	
9020.000000	10	1	5	62	0	960	3	5	1043	2	3	0	0	38	621	0	654	0	1022	0	
9030.000000	20	8	5	57	0	961	4	5	1063	4	2	0	0	38	608	0	640	0	1027	0	
9040.000000	38	32	19	57	0	975	4	5	1052	4	1	0	0	36	587	0	612	0	1018	0	
9050.000000	49	78	64	74	0	988	3	4	1052	4	1	0	0	31	569	0	578	0	1020	0	
9060.000000	46	118	118	135	0	980	3	3	1043	4	1	0	0	27	544	0	550	0	1026	0	
9070.000000	45	138	172	187	0	986	2	3	1031	4	1	0	0	26	519	0	533	0	1017	0	
9080.000000	36	156	234	244	0	992	2	3	1019	6	1	0	0	22	490	0	505	0	999	0	
9090.000000	35	173	297	301	0	995	1	4	1013	7	1	0	0	18	469	0	466	0	1030	0	
9100.000000	30	188	361	361	0	973	2	4	987	7	1	0	0	18	446	0	434	0	1025	0	
9110.000000	28	193	408	416	0	977	3	3	994	8	1	0	0	15	414	0	419	0	1007	0	
9120.000000	27	187	448	479	0	977	3	3	1008	12	1	0	0	14	381	0	396	0	1010	0	
9130.000000	24	183	474	527	0	943	3	3	1017	11	0	0	0	62	378	0	386	0	1032	0	
9140.000000	18	179	521	585	0	952	4	2	1008	8	0	0	0	84	393	0	413	0	1050	0	
9150.000000	17	176	559	610	0	952	3	2	1006	10	0	0	0	85	429	0	442	0	1035	0	
9160.000000	17	171	584	636	0	988	3	2	1017	10	0	0	0	97	451	0	443	0	1033	0	
9170.000000	15	164	613	663	0	985	4	0	1007	10	0	1	1	107	466	0	451	0	1043	0	
9180.000000	15	157	636	687	0	992	4	0	1011	10	0	1	1	115	425	0	410	0	1049	0	
9190.000000	15	153	638	704	0	988	4	0	984	11	0	1	1	118	391	0	385	0	1049	0	
9200.000000	14	150	658	733	0	1006	4	1	970	10	0	1	0	119	364	0	362	0	1054	0	
9210.000000	14	142	678	767	0	1019	4	1	973	12	0	1	0	133	338	0	327	0	1045	0	
9220.000000	13	140	680	812	0	1005	2	1	961	12	0	1	0	135	311	0	301	0	1044	0	
9230.000000	13	130	688	851	0	995	3	2	966	13	0	1	0	135	276	0	271	0	1021	0	
9240.000000	10	125	706	852	0	1016	2	2	955	14	0	1	0	139	259	0	252	0	1019	0	
9250.000000	10	117	703	865	0	1026	2	2	965	15	0	1	0	134	238	0	227	0	1006	0	
9260.000000	7	110	716	870	0	1017	2	2	954	18	0	1	0	132	216	0	209	0	1016	0	
9270.000000	6	103	712	892	0	994	2	3	987	24	0	1	0	139	190	0	184	0	1012	0	
9280.000000	4	96	716	928	0	995	3	4	994	32	0	1	0	134	170	0	166	0	1022	0	
9290.000000	4	88	707	940	0	997	3	5	990	41	0	1	0	135	157	0	154	0	1021	0	
9300.000000	4	81	701	969	0	1017	4	5	984	45	0	1	0	133	146	0	140	0	1009	0	
9310.000000	4	74	710	975	0	1002	3	5	1004	54	0	1	0	136	140	0	129	0	1010	0	
9320.000000	4	69	718	970	0	995	4	6	1006	56	0	1	0	135	126	0	115	0	999	0	
9330.000000	4	67	714	949	1	990	2	6	1008	69	0	1	0	129	118	0	105	0	1009	0	
9340.000000	4	67	720	947	1	1000	2	5	1003	80	0	1	0	124	105	0	93	0	1012	0	
9350.000000	3	60	698	982	1	1000	2	5	981	100	0	1	1	125	97	0	83	0	1003	0	
9360.000000	3	55	678	958	1	1001	2	6	964	114	0	1	1	122	90	0	79	0	990	0	
9370.000000	3	52	659	965	0	1017	2	6	969	132	0	1	1	129	82	0	75	0	991	0	
9380.000000	2	46	643	991	0	1034	2	6	955	150	0	1	0	128	77	0	72	0	988	0	
9390.000000	2	44	634	997	1	1038	2	6	944	161	0	1	0	134	73	0	68	0	1005	0	
9400.000000	2	44	609	1009	3	1027	2	6	943	189	0	1	0	132	67	0	61	0	1003	0	
9410.000000	2	41	577	1011	3	1016	2	4	946	214	0	1	0	124	62	0	54	0	1004	0	
9420.000000	1	37	572	996	6	1022	4	4	941	234	0	1	0	129	57	0	52	0	1017	0	
9430.000000	1	36	548	991	9	1033	3	5	979	270	0	1	0	135	53	0	49	0	1002	0	
9440.000000	1	30	521	994	8	1037	3	2	984	297	0	1	0	138	51	0	44	0	1015	0	
9450.000000	1	27	502	1009	10	1034	4	2	973	317	0	1	0	142	46	0	40	0	1043	0	
9460.000000	0	26	481	993	11	1048	4	2	980	342	0	1	0	137	42	0	32	0	1039	0	
9470.000000	0	25	465	998	10	1054	4	2	967	368	0	1	0	140	36	0	27	0	1030	0	
9480.000000	0	21	436	993	15	1054	4	2	975	373	0	1	0	138	34	1	25	0	1031	0	
9490.000000	0	19	417	995	20	1068	4	3	974	338	0	1	0	141	31	1	20	0	1048	0	
9500.000000	0	16	400	961	22	1055	4	2	985	308	0	1	0	145	29	2	17	0	1027	0	
9510.000000	0	16	370	951	28	1044	3	2	1002	285	0	1	0	149	27	2	16	0	1051	0	
9520.000000	0	14	334	933	29	1035	2	2	983	267	0	1	0	149	22	2	14	0	1042	0	
9530.000000	0	12	309	933	35	1022	2	3	999	245	0	1	0	147	20	2	13	0	1028	0	
9540.000000	0	11	287	934	42	1032	2	3	1010	222	0	1	0	142	18	2	11	0	1029	0	
9550.000000	0	11	272	924	46	1021	2	2	1031	209	0	1	0	144	12	2	10	0	1036	0	
9560.000000	0	10	254	935	50	1015	1	2	1034	197	0	1	0	139	11	2	9	0	1034	0	
9570.000000	0	10	237	951	53	988	1	3	1032	182	0	1	0	135	10	2	8	0	1043	0	
9580.000000	0	10	217	965	61	995	0	3	1022	164	0	1	0	138	10	2	7	0	1048	0	
9590.000000	0	8	199	962	64	995	0	3	1012	152	0	1	0	138	10	2	6	0	1031	0	
9600.000000	0	7	186	952	69	993	0	3	994	144	0	1	0	131	9	2	6	0	1065	0	
9610.000000	0	6	172	944	82	998	0	4	973	137	0	1	0	129	8	2	6	0	1048	0	
9620.000000	0	5	157	939	87	983	0	3	968	125	0	1	0	135	7	3	6	0	1047	0	
9630.000000	0	5	144	922	84	980	0	3	977	119	0	1	0	139	6	3	5	0	1040	0	
9640.000000	0	5	136	906	87	964	0	4	984	113	0	0	0	137	6	3	64	0	1020	0	
9650.000000	0	4	125	899	83	957	0	5	969	100	0	0	0	137	12	3	147	0	1018	0	
9660.000000	0	4	119	913	82	970	0	5	965	93	0	0	0	136	16	4	197	0	1012	0	
9670.000000	0	4	110	926	74	970	0	5	970	86	0	0	0	133	24	3	245	0	980	0	
9680.000000	0	4	98	917	61	961	0	4	980	81	0	0	0	133	43	3	300	0	986	0	
9690.000000	0	4	89	893	56	959	0	4	980	74	0	0	0	134	88	3	330	0	971	0	
9700.000000	0	3	84	875	48	950	0	4	958	67	0	0	0	130	143	3	380	0	953	0	
9710.000000	0	3	78	869	42	966	0	5	958	57	0	0	0	136	196	2	418	0	944	0	
9720.000000	0	2	71	850	37	970	0	3	956	49	0	0	0	134	245	2	461	0	959	0	
9730.000000	0	1	65	852	34	972	0	4	964	45	0	0	0	133	303	2	497	0	970	0	
9740.000000	0	1	59	831	32	980	0	4	958	42	0	0	0	135	357	2	532	0	949	0	
9750.000000	0	1	55	801	30	1009	0	4	931	39	0	0	0	131	403	2	558	0	940	0	
9760.000000	0	1	48	762	29	988	0	4	910	37	0	0	0	133	444	2	584	0	931	0	
9770.000000	0	1	44	750	27	997	0	5	915	33	0	0	0	138	506	1	617	0	953	0	
9780.000000	0	1	41	722	25	977	0	4	938	30	0	0	0	137	566	0	639	0	950	0	
9790.000000	0	1	39	678	24	988	0	3	931	29	0	0	0	141	574	0	653	0	963	0	
9800.000000	0	1	38	658	21	1002	0	4	933	27	0	0	0	137	585	0	677	0	989	0	
9810.000000	0	1	35	633	20	1004	0	2	925	24	0	0	0	136	613	0	670	0	1024	0	
9820.000000	0	1	33	602	18	1001	0	3	901	23	0	0	0	140	621	0	702	0	1037	0	
9830.000000	0	1	27	572	16	1017	0	3	906	22	0	0	0	137	642	0	724	0	1048	0	
9840.000000	0	0	24	563	16	1011	0	0	916	18	0	0	0	138	666	0	738	0	1057	0	
9850.000000	0	0	22	522	14	1011	0	0	937	17	0	0	0	137	695	0	750	0	1065	0	
9860.000000	0	0	20	491	13	1032	0	0	967	17	0	0	0	139	696	1	748	0	1064	0	
9870.000000	0	0	18	458	12	1016	0	0	973	15	0	0	0	129	718	1	747	0	1074	0	
9880.000000	0	0	16	425	10	1014	0	1	969	15	0	0	0	132	715	1	743	0	1055	0	
9890.000000	0	0	16	404	9	1020	0	2	959	13	0	0	0	134	752	1	758	0	1050	0	
9900.000000	0	0	15	378	9	1015	0	2	986	13	0	0	0	140	773	1	773	0	1043	0	
9910.000000	0	0	11	353	8	1009	0	1	996	11	0	0	0	141	777	1	772	0	1044	0	
9920.000000	0	0	10	320	8	1023	0	1	996	11	0	0	0	138	770	1	779	0	1049	0	
9930.000000	0	0	9	290	7	1053	0	1	1018	11	0	0	0	127	791	0	816	0	1031	0	
9940.000000	0	0	9	268	7	1034	0	1	1029	12	0	0	0	128	798	0	821	0	1030	0	
9950.000000	0	0	8	239	6	1018	0	1	1025	12	0	0	1	127	826	0	820	0	1011	0	
9960.000000	0	0	6	219	6	1036	1	0	1038	10	0	0	1	124	833	0	790	0	1008	0	
9970.000000	0	0	6	202	4	1028	2	0	1029	11	0	0	1	121	859	0	788	0	1005	0	
9980.000000	0	0	5	194	4	1018	2	0	1002	8	0	0	0	123	870	0	800	0	1015	0	
9990.000000	0	0	5	172	4	1003	3	0	987	7	0	0	0	128	853	0	810	0	1010	0	
10000.000000	0	0	5	156	3	1007	3	1	970	8	0	0	0	119	848	0	790	0	1014	0	
