0.000000	10	10	10	10	10	10	0	0	0	0	0	0	0	0	0	0	0	0	0	0	
0.000000	10	10	11	10	10	10	0	0	0	0	0	0	0	0	0	0	0	0	0	0	
10.000000	78	55	21	17	42	98	3	1	83	92	85	0	0	72	78	89	0	12	0	6	
20.000000	128	111	87	70	39	167	3	7	159	168	170	0	0	151	151	171	0	14	0	7	
30.000000	123	192	157	134	36	233	4	11	225	245	262	0	0	220	230	246	0	11	0	6	
40.000000	118	238	226	186	34	295	6	10	292	316	339	0	0	290	292	307	0	10	0	6	
50.000000	102	293	287	263	33	345	7	13	353	380	397	0	0	344	373	346	0	9	0	4	
60.000000	89	328	341	319	32	404	8	16	406	431	457	0	0	399	419	403	0	7	0	4	
70.000000	81	360	381	393	31	461	9	15	440	482	527	0	0	448	488	456	0	6	0	3	
80.000000	73	400	441	440	30	503	9	14	495	550	573	0	0	492	530	497	0	5	0	3	
90.000000	65	437	477	496	25	562	8	15	543	569	599	0	0	531	573	540	0	5	0	2	
100.000000	56	454	537	538	23	600	8	16	600	612	620	0	0	576	622	581	0	5	0	2	
110.000000	53	455	580	583	21	641	8	14	629	639	661	0	0	604	660	634	0	5	0	2	
120.000000	49	453	640	616	19	662	8	13	665	646	696	0	0	657	675	653	0	5	0	2	
130.000000	40	464	648	662	18	691	7	12	703	698	722	0	0	694	717	688	0	5	0	2	
140.000000	37	470	693	669	17	714	6	13	734	750	757	0	0	704	744	709	0	5	0	0	
150.000000	36	463	706	697	15	735	5	10	766	771	791	0	0	738	775	728	0	5	0	0	
160.000000	29	442	738	710	13	757	5	10	787	767	806	0	0	736	777	762	0	5	0	0	
170.000000	27	425	772	734	13	782	5	10	815	806	819	0	0	774	825	793	0	4	0	0	
180.000000	26	409	799	759	11	813	5	10	818	823	848	0	0	800	840	799	0	4	0	0	
190.000000	26	395	829	783	9	828	5	9	814	840	879	0	0	844	858	840	0	3	0	0	
200.000000	24	379	843	803	8	847	4	9	825	835	878	0	0	847	867	859	0	3	0	0	
210.000000	23	364	832	807	8	848	4	8	861	878	906	0	0	860	879	862	0	3	0	0	
220.000000	21	347	826	806	7	844	3	7	872	891	912	0	0	871	881	866	0	3	0	0	
230.000000	20	320	844	853	7	824	3	7	878	909	919	0	0	855	871	861	0	3	0	0	
240.000000	18	305	836	879	7	839	3	8	900	931	919	0	0	854	848	867	0	3	0	0	
250.000000	16	295	833	905	6	847	3	7	908	944	925	0	0	866	867	884	0	2	0	0	
260.000000	14	266	859	925	5	877	3	6	927	945	948	0	0	866	889	901	0	2	0	0	
270.000000	12	258	858	925	5	872	2	6	932	942	940	0	0	902	889	914	0	2	0	0	
280.000000	11	245	879	915	5	894	2	6	943	958	933	0	0	910	888	934	0	2	0	0	
290.000000	10	225	873	940	5	918	2	6	938	967	927	0	0	897	896	928	0	2	0	0	
300.000000	8	207	882	917	5	934	1	5	975	960	949	0	0	885	895	933	0	2	0	0	
310.000000	8	190	896	921	5	948	1	4	985	972	967	0	0	891	905	926	0	2	0	0	
320.000000	8	173	915	918	5	945	1	4	983	1001	937	0	0	888	902	889	0	1	0	0	
330.000000	7	159	902	943	4	971	1	4	1004	1012	942	0	0	891	909	890	0	1	0	0	
340.000000	7	152	878	974	3	997	1	3	1017	999	965	0	0	891	920	901	0	1	0	0	
350.000000	5	144	903	993	3	979	1	3	1021	1021	965	0	0	912	954	898	0	1	0	0	
360.000000	4	133	921	1002	3	970	1	3	1026	1001	975	0	0	897	983	915	0	1	0	0	
370.000000	3	126	924	1004	3	993	1	3	1025	989	985	0	0	892	950	909	0	1	0	0	
380.000000	3	114	912	1026	3	976	0	2	1032	1005	975	0	0	878	964	914	0	1	0	0	
390.000000	1	104	920	1034	3	962	0	2	1030	1003	1003	0	0	917	965	886	0	1	0	0	
400.000000	1	91	913	1038	3	976	0	2	1037	1003	1023	0	0	932	969	917	0	1	0	0	
410.000000	1	88	894	1042	3	980	0	2	1030	1010	1016	0	0	956	983	936	0	1	0	0	
420.000000	1	82	865	1044	2	985	0	2	1001	1025	991	0	0	940	979	952	0	1	0	0	
430.000000	1	77	848	1036	2	995	0	2	997	1041	1011	0	0	941	1004	938	0	1	0	0	
440.000000	1	69	846	1033	2	1014	0	2	1002	1050	998	0	0	934	983	940	0	1	0	0	
450.000000	1	66	828	1062	2	1020	0	2	979	1061	1012	0	0	930	984	934	0	1	0	0	
460.000000	1	62	806	1051	2	1020	0	2	1002	1050	1018	0	0	941	984	940	0	1	0	0	
470.000000	1	60	795	1034	2	1035	0	1	1001	1042	1025	0	0	952	991	965	0	1	0	0	
480.000000	1	54	780	1043	2	1030	0	1	1011	1027	1015	0	0	986	1002	962	0	1	0	0	
490.000000	1	48	754	1032	2	1036	0	1	986	1016	1016	0	0	998	995	961	0	1	0	0	
500.000000	1	47	733	1026	2	1017	0	1	984	991	1017	0	0	973	978	982	0	1	0	0	
510.000000	1	41	690	1014	2	971	0	27	983	1007	1004	43	0	994	986	956	43	0	0	0	
520.000000	1	39	662	1018	2	885	0	116	1010	1012	1003	140	0	1002	985	936	113	0	0	0	
530.000000	1	38	649	1031	2	794	0	206	984	994	996	222	0	995	979	964	197	0	0	0	
540.000000	1	34	612	1027	2	728	0	270	983	997	1008	294	0	990	995	982	259	0	0	0	
550.000000	1	31	599	1007	1	663	0	337	983	999	1011	353	0	985	1006	976	325	0	0	0	
560.000000	0	28	575	1020	1	600	0	402	987	1021	989	407	0	992	1001	979	375	0	0	0	
570.000000	0	27	539	1016	1	546	0	478	1007	1021	987	452	0	975	994	985	425	0	0	0	
580.000000	0	24	499	1019	1	505	0	493	1008	1013	977	514	0	984	1011	1017	471	0	0	0	
590.000000	0	23	481	1025	1	466	0	541	987	1008	962	556	0	964	973	1029	511	0	0	0	
600.000000	0	20	461	1022	0	426	0	581	974	1024	970	569	0	950	978	1048	553	0	0	0	
610.000000	0	17	431	1016	0	399	0	593	961	1031	945	611	0	940	989	1055	605	0	0	0	
620.000000	0	14	399	1010	0	366	0	624	969	1002	946	649	0	915	1008	1052	629	0	0	0	
630.000000	0	14	371	986	0	338	0	654	969	1009	948	684	0	951	1012	1052	670	0	0	0	
640.000000	0	11	352	967	0	307	0	676	949	986	946	716	0	980	1012	1032	687	0	0	0	
650.000000	0	11	319	974	0	287	0	702	947	995	950	747	0	995	1020	1032	714	0	0	0	
660.000000	0	10	301	971	0	260	0	712	961	983	978	749	0	1029	1045	1031	736	0	0	0	
670.000000	0	8	280	987	0	236	0	732	1000	986	966	775	0	1025	1040	1005	743	0	0	0	
680.000000	0	7	257	1021	0	216	0	755	993	972	980	775	0	1046	1042	995	781	0	0	0	
690.000000	0	7	236	1022	0	192	0	797	991	975	988	784	0	1042	1047	1000	776	0	0	0	
700.000000	0	5	218	1026	0	171	0	802	976	980	989	814	0	1041	1047	978	797	0	0	0	
710.000000	0	4	200	1004	0	157	0	822	993	994	971	829	0	1038	1048	988	819	0	0	0	
720.000000	0	4	189	987	0	140	0	823	1025	989	984	851	0	1037	1049	984	829	0	0	0	
730.000000	0	3	167	994	0	133	0	825	1018	1007	1002	861	0	1022	1055	988	818	0	0	0	
740.000000	0	3	151	988	0	122	0	831	1028	1010	991	862	0	1012	1046	977	859	0	0	0	
750.000000	0	3	138	973	0	111	0	847	1026	1002	1008	899	0	1003	1035	986	874	0	0	0	
760.000000	0	3	123	970	0	101	0	856	1026	1003	1015	888	0	1016	1036	994	890	0	0	0	
770.000000	0	3	115	962	0	90	0	860	1027	1010	1018	907	0	1000	1043	994	893	0	0	0	
780.000000	0	3	105	949	0	84	0	878	1014	1018	1016	925	0	1015	1063	980	910	0	0	0	
790.000000	0	3	98	930	0	80	0	901	1009	1020	1030	934	0	1024	1055	989	926	0	0	0	
800.000000	0	3	87	911	0	76	0	910	1007	1019	1032	934	0	1011	1044	1000	927	0	0	0	
810.000000	0	3	83	898	0	69	0	911	1021	1005	1020	938	0	1008	1039	1015	941	0	0	0	
820.000000	0	3	73	891	0	64	0	914	1024	1019	998	928	0	990	1041	1033	947	0	0	0	
830.000000	0	3	63	861	0	60	0	964	1022	1013	1012	950	0	989	1043	1005	955	0	0	0	
840.000000	0	3	58	826	0	55	0	958	1047	1001	1009	952	0	968	1042	966	952	0	0	0	
850.000000	0	3	53	799	0	53	0	955	1047	989	1000	938	0	958	1054	980	945	0	0	0	
860.000000	0	3	42	738	0	53	0	964	1057	988	976	946	0	988	1044	985	987	0	0	0	
870.000000	0	3	39	701	0	53	0	967	1053	979	963	945	0	992	1051	998	989	0	0	0	
880.000000	0	3	37	696	0	47	0	948	1053	996	958	942	0	980	1051	984	996	0	0	0	
890.000000	0	3	34	660	0	42	0	949	1049	1005	948	964	0	985	1048	978	988	0	0	0	
900.000000	0	3	31	619	0	41	0	964	1026	1000	958	957	0	998	1042	968	1005	0	0	0	
910.000000	0	3	31	590	0	39	0	982	1034	1000	974	972	0	984	1037	977	1024	0	0	0	
920.000000	0	3	29	560	0	37	0	994	1014	970	984	967	0	984	1021	979	1036	0	0	0	
930.000000	0	3	27	516	0	31	0	1001	1001	964	994	974	0	969	1015	953	1034	0	0	0	
940.000000	0	3	24	479	0	30	0	980	967	964	1001	990	0	950	1021	952	1050	0	0	0	
950.000000	0	3	22	455	0	28	0	975	971	947	1007	959	0	953	1031	949	1030	0	0	0	
960.000000	0	3	19	427	0	25	0	984	977	955	1009	960	0	949	1010	955	1022	0	0	0	
970.000000	0	3	19	402	0	20	0	998	967	962	1003	944	0	948	1004	976	1021	0	0	0	
980.000000	0	2	19	375	0	20	0	997	978	981	1025	961	0	944	983	993	999	0	0	0	
990.000000	0	2	17	348	0	19	0	1004	979	985	1024	961	0	949	983	1016	1004	0	0	0	
1000.000000	0	2	18	322	0	18	0	993	968	979	1028	960	0	947	988	1027	1003	0	0	0	
1010.000000	0	2	17	302	0	17	0	982	959	984	1036	943	0	956	972	1033	1006	0	0	0	
1020.000000	0	1	14	284	0	15	0	967	946	980	1033	930	0	965	979	1042	1005	0	0	0	
1030.000000	0	1	12	271	0	14	0	972	944	997	1046	934	0	988	1000	1028	1014	0	0	0	
1040.000000	0	1	10	247	0	13	0	984	959	998	1055	938	0	992	980	1024	1029	0	0	0	
1050.000000	0	1	10	219	0	11	0	1009	944	1000	1055	954	0	998	981	1031	1020	0	0	0	
1060.000000	0	1	10	204	0	9	0	1018	945	993	1062	959	0	1002	986	1016	1025	0	0	0	
1070.000000	0	1	10	193	0	9	0	997	940	989	1071	941	0	986	958	1007	1003	0	0	0	
1080.000000	0	1	8	181	0	8	0	999	946	991	1083	954	0	986	984	1015	1003	0	0	0	
1090.000000	0	1	8	161	0	8	0	983	949	983	1071	977	0	987	984	1025	1004	0	0	0	
1100.000000	0	1	7	154	0	6	0	981	938	968	1079	967	0	986	982	1009	1016	0	0	0	
1110.000000	0	1	7	138	0	5	0	971	967	950	1060	963	0	983	979	1012	1011	0	0	0	
1120.000000	0	1	7	121	0	4	0	946	954	964	1033	968	0	959	971	1007	1036	0	0	0	
1130.000000	0	1	7	119	0	2	0	950	946	965	1019	975	0	930	985	1009	1050	0	0	0	
1140.000000	0	1	7	106	0	2	0	959	964	969	1016	990	0	938	1003	1024	1040	0	0	0	
1150.000000	0	1	7	105	0	2	0	961	959	976	1002	995	0	941	998	1013	1054	0	0	0	
1160.000000	0	1	7	98	0	2	0	959	960	978	1018	996	0	936	1008	1012	1059	0	0	0	
1170.000000	0	1	7	95	0	2	0	942	976	1000	1003	987	0	942	1014	998	1036	0	0	0	
1180.000000	0	0	7	90	0	1	0	946	968	994	1023	998	0	937	990	994	1029	0	0	0	
1190.000000	0	0	6	82	0	1	0	948	978	984	1024	1005	0	956	988	984	1025	0	0	0	
1200.000000	2	0	4	73	0	1	0	932	979	983	1048	994	0	979	1008	999	1017	0	0	0	
1210.000000	4	0	4	67	0	1	0	937	992	979	1059	996	0	964	1008	996	1021	0	0	0	
1220.000000	9	1	4	62	0	1	0	912	1004	982	1044	974	0	955	1008	1007	1014	0	0	0	
1230.000000	17	7	7	56	0	1	0	919	1004	974	1034	979	0	939	1012	985	1021	0	0	0	
1240.000000	33	33	20	57	0	1	0	923	1012	988	1036	963	0	963	1027	1009	998	0	0	0	
1250.000000	35	58	50	80	0	1	0	931	997	982	1012	961	0	939	1005	980	993	0	0	0	
1260.000000	33	83	105	131	0	1	0	938	991	992	998	954	0	947	1024	994	980	0	0	0	
1270.000000	30	88	172	196	0	1	0	954	1001	980	1018	959	0	964	1021	1010	1001	0	0	0	
1280.000000	27	107	247	261	0	1	0	989	998	981	1006	974	0	961	1033	1016	998	0	0	0	
1290.000000	25	114	305	322	0	1	0	1003	1015	1005	981	949	0	972	1026	1025	1011	0	0	0	
1300.000000	23	121	357	381	0	1	0	992	1002	1000	1004	960	0	996	1030	1028	981	0	0	0	
1310.000000	21	129	409	442	0	1	0	994	996	1000	968	954	0	1003	1029	1017	988	0	0	0	
1320.000000	21	134	447	470	0	1	0	976	963	1005	966	970	0	1000	1035	1031	976	0	0	0	
1330.000000	21	140	489	505	0	0	0	994	945	1006	978	968	0	993	1055	1031	965	0	0	0	
1340.000000	20	134	529	548	0	0	0	973	945	1000	992	997	0	993	1034	1037	949	0	0	0	
1350.000000	18	130	559	590	0	0	0	979	952	999	972	1007	0	993	1058	1040	960	0	0	0	
1360.000000	17	120	585	643	0	0	0	977	947	981	976	1014	0	999	1063	1029	958	0	0	0	
1370.000000	14	115	615	674	0	0	0	988	951	981	988	1005	0	974	1061	1045	985	0	0	0	
1380.000000	14	107	635	703	0	0	0	996	960	980	975	1006	0	965	1053	1051	969	0	0	0	
1390.000000	13	104	662	741	0	0	0	982	947	986	986	994	0	944	1056	1054	988	0	0	0	
1400.000000	11	106	674	765	0	0	0	998	965	986	967	1009	0	943	1052	1026	990	0	0	0	
1410.000000	10	100	706	788	0	0	0	1009	928	1013	945	988	0	938	1059	1029	998	0	0	0	
1420.000000	8	94	730	808	0	0	0	995	946	1002	929	993	0	951	1047	996	985	0	0	0	
1430.000000	7	89	732	831	0	0	0	977	944	987	922	1001	0	969	1050	993	990	0	0	0	
1440.000000	7	80	739	855	0	0	0	991	956	966	946	988	0	972	1052	977	995	0	0	0	
1450.000000	5	72	736	872	0	0	0	1012	963	970	945	966	0	974	1030	1002	1019	0	0	0	
1460.000000	4	74	745	874	0	0	0	1023	982	999	941	977	0	983	1035	1000	1034	0	0	0	
1470.000000	3	70	725	886	0	0	0	1033	990	998	942	988	0	982	1015	981	1037	0	0	0	
1480.000000	3	62	734	909	0	0	0	1030	990	976	943	978	0	975	1014	989	1010	0	0	0	
1490.000000	2	55	717	912	0	0	0	1011	995	978	960	981	0	993	1031	983	1025	0	0	0	
1500.000000	2	48	703	900	0	0	0	992	996	980	965	982	0	999	1031	974	1002	0	0	0	
1510.000000	2	47	690	918	0	0	0	1003	994	960	970	980	0	988	1018	981	1009	0	0	0	
1520.000000	2	43	662	917	0	0	0	1013	1007	947	973	993	0	1008	1012	946	1025	0	0	0	
1530.000000	2	40	650	924	0	0	0	1010	968	954	993	1024	0	1009	1006	948	1026	0	0	0	
1540.000000	2	36	621	930	0	0	0	1004	972	941	987	1011	0	1004	1000	953	1031	0	0	0	
1550.000000	2	33	579	941	0	0	0	1012	977	944	985	1001	0	992	997	947	1017	0	0	0	
1560.000000	2	31	554	959	0	0	0	1015	988	941	959	999	0	985	1014	931	996	0	0	0	
1570.000000	2	30	535	995	0	0	0	1016	978	933	960	1016	0	980	1009	934	992	0	0	0	
1580.000000	2	26	512	974	0	0	0	1028	979	925	975	1014	0	976	998	950	1007	0	0	0	
1590.000000	2	22	480	969	0	0	0	1020	999	928	980	1007	0	960	994	948	997	0	0	0	
1600.000000	2	18	444	976	0	0	0	1020	984	938	995	985	0	973	995	971	973	0	0	0	
1610.000000	2	16	410	965	0	0	0	1029	995	949	986	987	0	963	994	987	987	0	0	0	
1620.000000	2	13	372	969	0	0	0	1036	1003	950	987	991	0	965	980	984	987	0	0	0	
1630.000000	1	12	348	963	0	0	0	1020	1020	964	984	1005	0	974	981	970	976	0	0	0	
1640.000000	1	12	320	962	0	0	0	1020	1022	1001	984	994	0	977	990	957	960	0	0	0	
1650.000000	1	12	295	958	0	0	0	1023	1036	1004	981	1007	0	973	985	949	981	0	0	0	
1660.000000	1	11	269	926	0	0	0	1011	1027	1000	978	1008	0	959	993	953	994	0	0	0	
1670.000000	1	11	244	947	0	0	0	1013	1020	996	971	1020	0	982	990	967	1013	0	0	0	
1680.000000	1	8	222	944	0	0	0	998	1033	1009	972	1026	0	971	991	980	1003	0	0	0	
1690.000000	1	7	207	956	0	0	0	985	1029	996	998	1022	0	958	989	985	998	0	0	0	
1700.000000	1	6	185	939	0	0	0	982	1020	1012	993	1034	0	953	987	978	997	0	0	0	
1710.000000	1	6	163	938	0	0	0	957	1023	1033	975	1032	0	950	993	976	1012	0	0	0	
1720.000000	0	4	156	929	0	0	0	963	1009	1017	937	1013	0	956	1003	959	1013	0	0	0	
1730.000000	0	4	146	940	0	0	0	954	1003	1013	947	1022	0	958	983	965	1016	0	0	0	
1740.000000	0	4	137	930	0	0	0	938	1003	1010	954	1010	0	979	996	998	1010	0	0	0	
1750.000000	0	3	126	927	0	0	0	953	1016	1014	945	1000	0	1006	987	988	996	0	0	0	
1760.000000	0	3	115	933	0	0	0	966	1037	1009	979	994	0	1011	976	997	1008	0	0	0	
1770.000000	0	2	103	926	0	0	0	964	1042	1002	1001	994	0	1014	983	1025	1019	0	0	0	
1780.000000	0	2	88	894	0	0	0	974	1032	999	987	974	0	988	974	1045	988	0	0	0	
1790.000000	0	2	80	867	0	0	0	978	1040	988	985	969	0	1011	997	1036	972	0	0	0	
1800.000000	0	2	71	856	0	0	0	992	1059	996	979	974	0	1003	1001	1046	999	0	0	0	
1810.000000	0	2	63	843	0	0	0	982	1053	982	968	1003	0	997	984	1042	1014	0	0	0	
1820.000000	0	2	59	852	0	0	0	1007	1030	992	977	994	0	1016	990	1039	994	0	0	0	
1830.000000	0	2	55	819	0	0	0	985	1021	1006	973	1002	0	1022	990	1038	979	0	0	0	
1840.000000	0	2	50	782	0	0	0	998	1016	1000	986	1000	0	990	1012	1034	964	0	0	0	
1850.000000	0	2	42	743	0	0	0	979	1015	1015	1001	1010	0	967	1013	1027	968	0	0	0	
1860.000000	0	2	37	701	0	0	0	990	1017	1020	987	1016	0	978	1030	1021	951	0	0	0	
1870.000000	0	1	35	671	0	0	0	976	1020	1023	1002	1022	0	967	1032	998	927	0	0	0	
1880.000000	0	1	34	644	0	0	0	971	1006	1007	997	1025	0	970	1021	995	936	0	0	0	
1890.000000	0	1	31	614	0	0	0	989	1031	995	1003	1009	0	981	1015	980	932	0	0	0	
1900.000000	0	1	29	580	0	0	0	975	1021	1001	1012	1029	0	965	1023	956	927	0	0	0	
1910.000000	0	1	29	564	0	0	0	971	1045	1003	1005	1038	0	936	1000	935	951	0	0	0	
1920.000000	0	0	28	531	0	0	0	946	1037	990	1026	1018	0	946	989	945	953	0	0	0	
1930.000000	0	0	25	483	0	0	0	951	1029	990	1025	1016	0	950	1000	958	959	0	0	0	
1940.000000	0	0	25	450	0	0	0	942	999	1006	1032	1024	0	955	996	971	958	0	0	0	
1950.000000	0	0	24	426	0	0	0	953	1003	979	1042	1030	0	955	984	965	979	0	0	0	
1960.000000	0	0	24	409	0	0	0	973	1020	995	1044	1021	0	938	997	956	1009	0	0	0	
1970.000000	0	0	23	387	0	0	0	966	1028	974	1042	1016	0	968	982	957	998	0	0	0	
1980.000000	0	0	23	368	0	0	0	970	1040	991	1046	1012	0	954	997	976	989	0	0	0	
1990.000000	0	0	22	352	0	0	0	976	1020	977	1047	1013	0	971	977	960	975	0	0	0	
2000.000000	0	0	19	335	0	0	0	986	1035	986	1070	993	0	980	966	985	948	0	0	0	
2010.000000	0	0	17	318	0	0	0	962	1035	1002	1068	984	0	956	978	976	966	0	0	0	
2020.000000	0	0	15	294	0	0	0	951	1010	997	1072	971	0	960	964	967	977	0	0	0	
2030.000000	0	0	14	275	0	0	0	946	1009	972	1069	973	0	995	953	992	988	0	0	0	
2040.000000	0	0	13	264	0	0	0	940	1022	958	1073	978	0	1015	945	981	982	0	0	0	
2050.000000	0	0	13	249	0	0	0	956	991	955	1077	983	0	997	951	952	1010	0	0	0	
2060.000000	0	0	12	231	0	0	0	962	987	990	1074	976	0	1023	956	962	1011	0	0	0	
2070.000000	0	0	9	211	0	0	0	961	978	988	1058	980	0	1020	969	955	999	0	0	0	
2080.000000	0	0	9	199	0	0	0	944	981	977	1067	995	0	1031	974	991	995	0	0	0	
2090.000000	0	0	9	190	0	0	0	960	1009	989	1067	988	0	1009	999	1001	996	0	0	0	
2100.000000	0	0	9	178	0	0	0	954	1002	987	1047	962	0	1015	1000	986	998	0	0	0	
2110.000000	0	0	8	168	0	0	0	956	1005	1010	1043	946	0	1015	978	955	1004	0	0	0	
2120.000000	0	0	7	161	0	0	0	952	1016	1011	1050	957	0	1015	988	956	983	0	0	0	
2130.000000	0	0	7	142	0	0	0	947	1001	983	1050	955	0	1020	976	952	974	0	0	0	
2140.000000	0	0	7	128	0	0	0	947	997	959	1055	971	0	1025	1009	969	980	0	0	0	
2150.000000	0	0	6	117	0	0	0	944	1022	964	1057	979	0	1008	991	989	950	0	0	0	
2160.000000	0	0	6	105	0	0	0	940	1014	967	1038	970	0	1005	972	985	964	0	0	0	
2170.000000	0	0	6	100	0	0	0	925	1027	985	1022	975	0	1021	985	980	1004	0	0	0	
2180.000000	0	0	5	96	0	0	0	929	1014	984	1017	990	0	1009	967	970	1005	0	0	0	
2190.000000	0	0	4	88	0	0	0	920	998	994	1000	997	0	1000	974	990	1011	0	0	0	
2200.000000	1	0	4	85	0	0	0	912	979	981	1014	1003	0	1003	963	998	1016	0	0	0	
2210.000000	1	0	3	78	0	0	0	906	981	993	997	1024	0	1011	964	968	1017	0	0	0	
2220.000000	0	0	3	73	0	0	0	894	973	992	1002	1026	0	1009	971	995	1012	0	0	0	
2230.000000	2	0	2	66	0	0	0	921	985	1002	1006	1013	0	998	965	955	998	0	0	0	
2240.000000	7	0	2	65	0	0	0	913	980	989	1018	1018	0	988	968	952	1009	0	0	0	
2250.000000	14	4	2	62	0	0	0	913	987	991	1036	1000	0	1019	967	964	1011	0	0	0	
2260.000000	39	16	5	52	0	0	0	907	968	973	1036	993	0	988	971	952	1014	0	0	0	
2270.000000	64	74	46	62	0	0	0	902	951	960	1043	986	0	995	973	955	1024	0	0	0	
2280.000000	60	122	116	136	0	0	0	891	940	983	1038	969	0	985	954	974	1020	0	0	0	
2290.000000	54	165	189	226	0	0	0	891	928	985	1021	996	0	979	963	986	1051	0	0	0	
2300.000000	52	200	267	294	0	0	0	933	931	982	1036	992	0	995	958	1000	1048	0	0	0	
2310.000000	48	218	333	359	0	0	0	933	941	999	1028	1012	0	1013	992	997	1068	0	0	0	
2320.000000	45	234	380	415	0	0	0	938	921	1006	1039	980	0	1015	982	1003	1066	0	0	0	
2330.000000	42	252	431	446	0	0	0	953	916	1018	1026	981	0	1022	996	1002	1057	0	0	0	
2340.000000	38	265	478	503	0	0	0	977	927	1019	1023	985	0	994	1004	1001	1018	0	0	0	
2350.000000	33	283	512	543	0	0	0	1002	941	1029	1018	972	0	971	1001	1001	1023	0	0	0	
2360.000000	29	282	562	584	0	0	0	995	948	1011	1026	977	0	970	1004	993	1027	0	0	0	
2370.000000	27	271	618	637	0	0	0	1015	967	1017	1019	980	0	967	1011	978	1024	0	0	0	
2380.000000	25	275	643	686	0	0	0	998	950	1023	996	983	0	972	1000	981	1013	0	0	0	
2390.000000	21	262	677	715	0	0	0	982	982	1034	990	999	0	951	999	978	1008	0	0	0	
2400.000000	19	251	703	740	0	0	0	1004	971	1039	978	1015	0	959	1010	992	1003	0	0	0	
2410.000000	16	240	729	743	0	0	0	993	974	1053	1003	1012	0	960	994	1002	1000	0	0	0	
2420.000000	13	235	734	763	0	0	0	1017	973	1040	1010	1011	0	967	998	999	1010	0	0	0	
2430.000000	12	216	743	757	0	0	0	1005	983	1028	984	1028	0	974	1010	1007	990	0	0	0	
2440.000000	10	209	773	764	0	0	0	959	978	1015	974	1023	0	961	1014	1001	1011	0	0	0	
2450.000000	9	198	780	777	0	0	0	956	964	1031	963	1035	0	956	1021	986	1048	0	0	0	
2460.000000	9	180	807	799	0	0	0	973	967	1013	967	1055	0	969	1026	965	1027	0	0	0	
2470.000000	9	164	845	838	0	0	0	984	979	994	970	1051	0	959	1020	991	1008	0	0	0	
2480.000000	7	145	808	848	0	0	0	987	979	990	950	1066	0	959	1016	990	1019	0	0	0	
2490.000000	7	134	806	863	0	0	0	958	973	979	970	1072	0	986	1028	978	1018	0	0	0	
2500.000000	7	126	814	882	0	0	0	963	971	976	958	1066	0	992	1020	990	1022	0	0	0	
2510.000000	6	114	804	894	0	0	0	965	974	962	960	1069	0	1002	1015	1003	1027	0	0	0	
2520.000000	6	99	805	894	0	0	0	971	987	945	972	1070	0	1001	1022	1007	1019	0	0	0	
2530.000000	4	88	798	886	0	0	0	970	995	952	981	1062	0	993	1038	1010	1025	0	0	0	
2540.000000	4	78	805	895	0	0	0	987	1016	958	976	1057	0	981	1040	992	1035	0	0	0	
2550.000000	3	71	799	909	0	0	0	956	1025	966	981	1071	0	959	1048	986	1047	0	0	0	
2560.000000	2	63	799	902	0	0	0	976	1045	963	989	1053	0	967	1023	986	1048	0	0	0	
2570.000000	2	58	780	910	0	0	0	981	1049	947	991	1040	0	974	995	990	1038	0	0	0	
2580.000000	2	55	766	900	0	0	0	980	1037	962	998	1027	0	972	992	991	1044	0	0	0	
2590.000000	2	48	735	903	0	0	0	994	1037	945	975	1017	0	986	983	977	1024	0	0	0	
2600.000000	2	44	718	890	0	0	0	1000	1030	965	981	1043	0	982	988	969	1031	0	0	0	
2610.000000	2	42	677	902	0	0	0	1008	1021	962	980	1030	0	989	996	956	1031	0	0	0	
2620.000000	2	40	644	900	0	0	0	1014	1028	962	953	1013	0	995	997	960	1026	0	0	0	
2630.000000	2	36	626	889	0	0	0	1007	1018	969	971	1013	0	992	984	981	1013	0	0	0	
2640.000000	2	34	600	916	0	0	0	1000	1011	970	970	1029	0	1004	1006	963	1024	0	0	0	
2650.000000	2	34	590	938	0	0	0	1010	1015	954	984	1021	0	1010	1014	966	1014	0	0	0	
2660.000000	1	33	568	918	0	0	0	987	1031	962	992	1017	0	1022	1002	955	1023	0	0	0	
2670.000000	1	28	538	927	0	0	0	973	1037	950	999	1025	0	1014	1004	936	1011	0	0	0	
2680.000000	1	26	510	920	0	0	0	970	1039	938	990	1008	0	1004	1001	919	1026	0	0	0	
2690.000000	1	23	483	944	0	0	0	958	1047	934	957	1005	0	986	989	933	1017	0	0	0	
2700.000000	1	21	450	953	0	0	0	961	1039	923	958	979	0	1000	977	950	1018	0	0	0	
2710.000000	1	17	432	948	0	0	0	966	1035	927	976	982	0	1000	984	947	1023	0	0	0	
2720.000000	1	17	394	938	0	0	0	965	1049	935	993	992	0	1016	973	951	1024	0	0	0	
2730.000000	1	15	375	929	0	0	0	980	1037	932	1005	996	0	993	965	957	1022	0	0	0	
2740.000000	1	15	353	938	0	0	0	979	1043	961	988	1001	0	996	961	955	1008	0	0	0	
2750.000000	1	12	328	938	0	0	0	980	1055	953	1014	982	0	993	999	954	1021	0	0	0	
2760.000000	1	11	301	957	0	0	0	984	1057	965	1026	992	0	992	989	947	1016	0	0	0	
2770.000000	1	11	283	943	0	0	0	990	1032	978	1000	985	0	984	982	948	1017	0	0	0	
2780.000000	1	10	269	934	0	0	0	1004	1060	964	996	972	0	990	990	953	1007	0	0	0	
2790.000000	1	8	252	940	0	0	0	1004	1049	985	993	959	0	985	977	980	1022	0	0	0	
2800.000000	1	7	231	943	0	0	0	1004	1033	995	1003	971	0	995	974	979	1019	0	0	0	
2810.000000	1	6	212	946	0	0	0	1000	1020	1008	1013	1008	0	999	969	998	1024	0	0	0	
2820.000000	1	6	199	932	0	0	0	1003	1014	1014	1032	1032	0	1017	970	1014	1036	0	0	0	
2830.000000	1	4	184	919	0	0	0	1009	1017	1005	1043	1013	0	1009	970	1024	1019	0	0	0	
2840.000000	1	2	172	940	0	0	0	1023	1037	1004	1052	1042	0	989	975	1009	1032	0	0	0	
2850.000000	1	2	158	944	0	0	0	1049	1002	1015	1029	1046	0	995	978	1010	1014	0	0	0	
2860.000000	1	2	137	948	0	0	0	1030	1014	1011	1028	1034	0	1006	981	977	1029	0	0	0	
2870.000000	1	2	122	943	0	0	0	1023	1003	1008	1009	1027	0	1013	971	975	1022	0	0	0	
2880.000000	1	2	110	924	0	0	0	1013	998	991	994	1036	0	1009	993	965	1020	0	0	0	
2890.000000	0	2	100	929	0	0	0	1013	995	996	995	1037	0	1004	1000	964	1046	0	0	0	
2900.000000	0	2	91	927	0	0	0	1012	992	990	998	1049	0	1029	984	974	1042	0	0	0	
2910.000000	0	2	84	904	0	0	0	1019	992	972	992	1024	0	1038	978	981	1059	0	0	0	
2920.000000	0	2	75	894	0	0	0	1011	1008	962	994	1038	0	1041	982	976	1065	0	0	0	
2930.000000	0	2	65	873	0	0	0	1027	993	987	1002	1043	0	1016	989	971	1066	0	0	0	
2940.000000	0	1	60	853	0	0	0	1015	1007	978	1011	1036	0	1030	996	965	1071	0	0	0	
2950.000000	0	1	56	810	0	0	0	1013	1018	969	987	1012	0	1007	1006	949	1065	0	0	0	
2960.000000	0	1	51	771	0	0	0	1006	1005	969	999	1002	0	1030	1020	970	1054	0	0	0	
2970.000000	0	1	49	740	0	0	0	982	1003	961	976	1034	0	1007	1019	971	1039	0	0	0	
2980.000000	0	1	41	705	0	0	0	969	1009	978	995	1036	0	1006	1021	982	1036	0	0	0	
2990.000000	0	1	41	675	0	0	0	967	1015	1000	983	1011	0	1005	1048	984	1034	0	0	0	
3000.000000	0	1	34	652	0	0	0	983	1019	990	997	1028	0	1012	1037	978	1025	0	0	0	
3010.000000	0	1	31	621	0	0	0	955	1041	981	977	1024	0	1028	1028	992	1011	0	0	0	
3020.000000	0	1	30	589	0	0	0	959	1043	973	975	1006	0	1041	1052	989	1016	0	0	0	
3030.000000	0	1	25	551	0	0	0	940	1030	959	975	1023	0	1032	1048	1002	1026	0	0	0	
3040.000000	0	1	23	505	0	0	0	929	1032	971	973	1011	0	1033	1050	1014	1016	0	0	0	
3050.000000	0	1	23	480	0	0	0	932	1018	971	954	1021	0	1029	1059	1034	1026	0	0	0	
3060.000000	0	1	22	449	0	0	0	936	993	972	948	1044	0	1015	1058	1024	1015	0	0	0	
3070.000000	0	1	21	424	0	0	0	946	985	975	957	1056	0	1010	1061	1038	1002	0	0	0	
3080.000000	0	1	19	400	0	0	0	949	1004	977	937	1034	0	999	1064	1012	1012	0	0	0	
3090.000000	0	1	19	381	0	0	0	953	1009	1000	941	1039	0	975	1051	1024	1016	0	0	0	
3100.000000	0	1	19	363	0	0	0	978	980	994	951	1034	0	963	1040	1028	1028	0	0	0	
3110.000000	0	1	17	336	0	0	0	949	993	1007	937	1020	0	975	1024	1042	1023	0	0	0	
3120.000000	0	1	17	312	0	0	0	963	983	1024	933	1011	0	967	1029	1050	1023	0	0	0	
3130.000000	0	1	16	297	0	0	0	978	1009	1029	951	1017	0	948	1024	1049	1022	0	0	0	
3140.000000	0	0	14	283	0	0	0	977	1006	1017	949	1031	0	966	1031	1027	1019	0	0	0	
3150.000000	0	0	10	257	0	0	0	998	995	1006	934	1022	0	975	1039	1029	1028	0	0	0	
3160.000000	0	0	9	237	0	0	0	1012	1003	1015	927	1023	0	963	1017	1011	1034	0	0	0	
3170.000000	0	0	7	219	0	0	0	1021	991	1019	919	1002	0	985	1016	999	1029	0	0	0	
3180.000000	0	0	6	203	0	0	0	1011	998	1010	950	1014	0	996	1012	1008	1045	0	0	0	
3190.000000	0	0	5	186	0	0	0	1011	973	1015	951	998	0	1004	1004	1029	1036	0	0	0	
3200.000000	0	0	5	166	0	0	0	1011	982	1027	948	993	0	997	1012	1036	1041	0	0	0	
3210.000000	0	0	5	157	0	0	0	1032	980	1035	945	980	0	1014	1008	1037	1021	0	0	0	
3220.000000	0	0	5	147	0	0	0	1028	998	1038	941	985	0	1013	1013	1052	1034	0	0	0	
3230.000000	0	0	5	137	0	0	0	1014	982	1042	951	992	0	1019	1056	1052	1032	0	0	0	
3240.000000	0	0	5	129	0	0	0	1027	978	1059	961	976	0	1003	1039	1042	1032	0	0	0	
3250.000000	0	0	4	117	0	0	0	1005	979	1048	961	960	0	1025	1053	998	1002	0	0	0	
3260.000000	0	0	4	109	0	0	0	1021	985	1045	961	979	0	1001	1048	1009	1005	0	0	0	
3270.000000	0	0	4	100	0	0	0	1019	993	1035	957	1001	0	1004	1024	1003	1012	0	0	0	
3280.000000	0	0	4	93	0	0	0	1031	1009	1016	962	989	0	1002	1025	997	1023	0	0	0	
3290.000000	0	0	4	87	0	0	0	1025	1003	998	965	1006	0	1019	1041	1005	1019	0	0	0	
3300.000000	0	0	3	77	0	0	0	1009	993	994	982	998	0	1024	1037	979	1011	0	0	0	
3310.000000	2	0	3	69	0	0	0	1003	979	996	993	995	0	1007	1028	985	1004	0	0	0	
3320.000000	4	0	3	61	0	0	0	1010	981	982	996	989	0	976	1023	984	1009	0	0	0	
3330.000000	36	10	3	54	0	0	0	1008	990	985	992	976	0	980	1007	982	1009	0	0	0	
3340.000000	75	60	30	56	0	0	0	991	1002	965	963	985	0	977	1009	997	1003	0	0	0	
3350.000000	81	126	85	91	0	0	0	988	998	963	979	988	0	972	997	995	1021	0	0	0	
3360.000000	75	194	142	150	0	0	0	991	978	953	982	983	0	975	985	1002	1017	0	0	0	
3370.000000	66	240	197	219	0	0	0	990	993	964	975	1004	0	986	963	990	1004	0	0	0	
3380.000000	58	296	278	291	0	0	0	972	984	978	983	1011	0	988	934	1023	1012	0	0	0	
3390.000000	52	327	343	358	0	0	0	979	998	987	977	1000	0	998	943	1012	987	0	0	0	
3400.000000	46	339	404	404	0	0	0	991	992	989	986	999	0	1002	945	1018	1000	0	0	0	
3410.000000	40	334	457	461	0	0	0	1000	1007	978	963	1000	0	971	953	1006	997	0	0	0	
3420.000000	34	338	503	512	0	0	0	978	1015	974	992	995	0	999	959	1016	988	0	0	0	
3430.000000	31	331	535	567	0	0	0	960	1004	970	969	978	0	1006	966	1015	1000	0	0	0	
3440.000000	29	336	574	613	0	0	0	944	981	979	975	997	0	981	976	1019	987	0	0	0	
3450.000000	24	329	606	625	0	0	0	964	998	971	997	992	0	993	964	998	977	0	0	0	
3460.000000	22	318	635	629	0	0	0	967	1002	978	1006	987	0	997	958	996	985	0	0	0	
3470.000000	20	305	672	642	0	0	0	954	998	986	990	969	0	1007	970	1015	960	0	0	0	
3480.000000	19	282	701	680	0	0	0	961	994	979	990	963	0	1007	991	1016	938	0	0	0	
3490.000000	15	268	742	697	0	0	0	983	1002	977	1016	962	0	1011	997	993	951	0	0	0	
3500.000000	13	249	772	723	0	0	0	981	989	960	1008	974	0	1014	979	979	941	0	0	0	
3510.000000	11	229	780	754	0	0	0	1005	1014	961	993	976	0	1025	984	987	941	0	0	0	
3520.000000	10	209	792	754	0	0	0	1031	1017	963	1000	959	0	1026	991	973	947	0	0	0	
3530.000000	8	195	783	780	0	0	0	1044	1010	928	1004	995	0	1047	1002	954	946	0	0	0	
3540.000000	8	181	778	796	0	0	0	1045	975	960	987	1003	0	1028	1035	977	977	0	0	0	
3550.000000	7	168	787	819	0	0	0	1028	971	961	994	1002	0	1009	1037	987	981	0	0	0	
3560.000000	7	152	780	844	0	0	0	1024	989	950	1000	999	0	987	1022	982	1003	0	0	0	
3570.000000	7	139	784	861	0	0	0	1018	988	959	997	990	0	1013	1022	992	1008	0	0	0	
3580.000000	7	133	785	873	0	0	0	1012	993	945	981	1015	0	1015	1022	998	1005	0	0	0	
3590.000000	6	124	800	882	0	0	0	1005	977	950	974	986	0	1020	1019	1021	1001	0	0	0	
3600.000000	6	115	803	914	0	0	0	1015	985	938	985	994	0	1034	1011	1043	982	0	0	0	
3610.000000	6	106	812	906	0	0	0	1022	965	932	988	997	0	1034	971	1050	979	0	0	0	
3620.000000	4	102	815	926	0	0	0	1011	987	934	960	984	0	1019	969	1021	983	0	0	0	
3630.000000	3	89	832	925	0	0	0	993	971	947	975	1003	0	1039	966	1027	1003	0	0	0	
3640.000000	3	83	824	945	0	0	0	1015	973	961	979	1000	0	1051	947	999	1020	0	0	0	
3650.000000	3	79	828	944	0	0	0	1003	965	966	995	1002	0	1048	940	1007	1012	0	0	0	
3660.000000	3	73	822	947	0	0	0	1014	979	970	998	1015	0	1042	940	1041	1007	0	0	0	
3670.000000	3	63	808	963	0	0	0	1020	981	980	1000	1013	0	1026	930	1024	1008	0	0	0	
3680.000000	3	59	798	971	0	0	0	1003	976	969	983	1010	0	1020	937	1015	1017	0	0	0	
3690.000000	3	50	778	985	0	0	0	1030	976	970	995	997	0	1028	932	1031	1029	0	0	0	
3700.000000	3	47	752	990	0	0	0	1054	957	970	1023	998	0	1030	919	1029	1011	0	0	0	
3710.000000	3	43	732	995	0	0	0	1072	963	975	1029	986	0	1032	906	1047	1025	0	0	0	
3720.000000	3	40	686	994	0	0	0	1056	987	990	1047	987	0	1039	922	1041	1037	0	0	0	
3730.000000	3	36	664	1006	0	0	0	1044	982	993	1027	970	0	1043	927	1022	1047	0	0	0	
3740.000000	3	32	638	1003	0	0	0	1037	966	1010	1020	964	0	1048	919	1003	1057	0	0	0	
3750.000000	2	29	594	998	0	0	0	1025	984	1011	1045	968	0	1032	923	992	1038	0	0	0	
3760.000000	1	28	584	999	0	0	0	1010	986	1029	1027	988	0	1043	933	992	1028	0	0	0	
3770.000000	1	23	560	993	0	0	0	1002	975	1037	1010	1003	0	1030	946	992	1030	0	0	0	
3780.000000	1	22	520	998	0	0	0	1015	1000	1061	993	1006	0	1052	903	994	1017	0	0	0	
3790.000000	1	20	490	978	0	0	0	1000	991	1053	990	1002	0	1042	914	1037	1028	0	0	0	
3800.000000	1	15	449	973	0	0	0	1011	978	1049	1008	1023	0	1052	929	1044	1018	0	0	0	
3810.000000	1	14	416	968	0	0	0	1007	955	1042	1001	1008	0	1037	919	1030	994	0	0	0	
3820.000000	1	14	382	996	0	0	0	1018	959	1041	1010	1008	0	1042	937	1044	993	0	0	0	
3830.000000	1	13	353	980	0	0	0	1018	976	1060	985	1016	0	1035	933	1014	981	0	0	0	
3840.000000	0	13	318	975	0	0	0	996	981	1049	994	1024	0	1024	940	1022	971	0	0	0	
3850.000000	0	10	293	968	0	0	0	1007	975	1049	973	1016	0	1017	949	1036	970	0	0	0	
3860.000000	0	10	266	958	0	0	0	1004	962	1040	992	1014	0	1029	944	1019	971	0	0	0	
3870.000000	0	9	244	933	0	0	0	991	979	1070	983	1019	0	1027	951	1021	984	0	0	0	
3880.000000	0	7	228	955	0	0	0	1009	987	1071	980	1016	0	1027	947	1020	998	0	0	0	
3890.000000	0	6	208	986	0	0	0	1000	976	1069	1008	1025	0	1012	955	1026	994	0	0	0	
3900.000000	0	6	192	975	0	0	0	990	971	1043	1036	1048	0	982	962	1034	991	0	0	0	
3910.000000	0	5	174	973	0	0	0	997	965	1009	1041	1047	0	972	961	1018	998	0	0	0	
3920.000000	0	5	167	978	0	0	0	1011	994	1011	1030	1032	0	981	948	1014	1009	0	0	0	
3930.000000	0	4	155	955	0	0	0	994	992	1015	1030	1041	0	1002	966	1005	1019	0	0	0	
3940.000000	0	4	138	959	0	0	0	975	1000	1029	1007	1058	0	998	977	1009	1016	0	0	0	
3950.000000	0	4	126	965	0	0	0	969	1000	1036	1007	1048	0	1006	969	1002	1017	0	0	0	
3960.000000	0	4	116	966	0	0	0	977	1002	1043	1013	1066	0	1005	960	996	1007	0	0	0	
3970.000000	0	4	104	960	0	0	0	992	993	1020	1023	1072	0	1013	962	998	1004	0	0	0	
3980.000000	0	4	94	958	0	0	0	984	984	1023	1023	1063	0	1037	978	984	1033	0	0	0	
3990.000000	0	4	90	928	0	0	0	976	990	992	1005	1065	0	1043	1005	959	1044	0	0	0	
4000.000000	0	3	81	924	0	0	0	988	987	991	1006	1059	0	1015	993	973	1017	0	0	0	
4010.000000	0	3	70	900	0	0	0	1003	989	987	994	1078	0	1012	990	993	999	0	0	0	
4020.000000	0	3	61	872	0	0	0	1008	959	983	981	1075	0	1006	1003	998	1024	0	0	0	
4030.000000	0	3	56	842	0	0	0	991	975	982	982	1058	0	1014	1012	1014	1030	0	0	0	
4040.000000	0	3	52	814	0	0	0	998	981	997	987	1072	0	1014	1006	1007	1011	0	0	0	
4050.000000	0	2	44	784	0	0	0	1013	995	1005	1000	1078	0	1006	1006	1018	1010	0	0	0	
4060.000000	0	2	41	744	0	0	0	997	994	1005	1005	1057	0	990	991	1017	1005	0	0	0	
4070.000000	0	2	38	720	0	0	0	992	995	1010	1022	1036	0	1003	1012	1033	1000	0	0	0	
4080.000000	0	2	31	680	0	0	0	986	996	1010	1009	1027	0	1008	995	1035	1010	0	0	0	
4090.000000	0	2	30	646	0	0	0	990	993	1009	1009	1038	0	1004	994	1038	998	0	0	0	
4100.000000	0	2	26	602	0	0	0	1002	1006	1029	1011	1022	0	987	983	1039	991	0	0	0	
4110.000000	0	2	25	559	0	0	0	995	979	1037	1000	1025	0	980	985	1049	983	0	0	0	
4120.000000	0	2	22	512	0	0	0	1000	983	1044	997	1020	0	976	983	1058	971	0	0	0	
4130.000000	0	1	21	477	0	0	0	992	965	1041	1009	1002	0	1003	995	1052	956	0	0	0	
4140.000000	0	1	19	444	0	0	0	985	967	1028	1006	1009	0	987	995	1060	955	0	0	0	
4150.000000	0	1	16	407	0	0	0	994	954	1027	1012	1025	0	984	993	1039	965	0	0	0	
4160.000000	0	1	15	383	0	0	0	1010	955	1049	1012	1020	0	990	982	1040	972	0	0	0	
4170.000000	0	1	14	363	0	0	0	1002	949	1039	1030	1038	0	998	1014	1036	971	0	0	0	
4180.000000	0	1	12	326	0	0	0	1007	960	1019	1025	1030	0	1003	1028	1045	958	0	0	0	
4190.000000	0	1	12	303	0	0	0	1010	969	1023	1014	1002	0	986	1030	1046	979	0	0	0	
4200.000000	0	1	11	289	0	0	0	1037	984	1019	1014	1013	0	1011	1047	1012	965	0	0	0	
4210.000000	0	1	8	269	0	0	0	1035	990	1015	977	1015	0	1004	1061	1008	964	0	0	0	
4220.000000	0	1	6	242	0	0	0	1019	998	1035	976	991	0	1031	1054	994	959	0	0	0	
4230.000000	0	1	6	224	0	0	0	1018	994	1009	960	1009	0	1055	1050	963	953	0	0	0	
4240.000000	0	1	6	204	0	0	0	1004	994	1023	965	1002	0	1036	1042	965	935	0	0	0	
4250.000000	0	1	6	189	0	0	0	999	985	1006	979	1009	0	1043	1059	971	924	0	0	0	
4260.000000	0	1	6	178	0	0	0	1032	993	960	975	1015	0	1040	1064	986	918	0	0	0	
4270.000000	0	1	7	159	0	0	0	1021	981	975	997	1023	0	1032	1070	1001	930	0	0	0	
4280.000000	0	1	6	147	0	0	0	1020	982	984	1015	1020	0	1032	1076	1005	964	0	0	0	
4290.000000	0	1	6	136	0	0	0	1011	983	997	1027	1026	0	1015	1047	1013	959	0	0	0	
4300.000000	0	1	6	127	0	0	0	999	1004	1003	1017	1026	0	996	1048	1017	965	0	0	0	
4310.000000	0	1	5	120	0	0	0	992	1013	1002	1004	1015	0	983	1045	1036	948	0	0	0	
4320.000000	0	1	5	111	0	0	0	1007	1011	1013	1003	1016	0	971	1035	1027	961	0	0	0	
4330.000000	0	1	5	102	0	0	0	1001	1009	1023	1016	1014	0	978	1043	1027	962	0	0	0	
4340.000000	0	1	4	98	0	0	0	1004	1000	1015	1023	1007	0	968	1038	1019	972	0	0	0	
4350.000000	0	1	3	89	0	0	0	1011	1020	1034	1012	1023	0	963	1039	1028	964	0	0	0	
4360.000000	0	1	3	84	0	0	0	994	988	1029	1004	1014	0	980	1023	1042	952	0	0	0	
4370.000000	2	1	3	73	0	0	0	1004	980	1008	1010	999	0	980	1017	1041	947	0	0	0	
4380.000000	5	2	3	68	0	0	0	1000	978	974	996	994	0	980	1018	1043	954	0	0	0	
4390.000000	10	1	3	66	0	0	0	989	954	972	1000	1001	0	971	1017	1041	945	0	0	0	
4400.000000	15	5	3	60	0	0	0	966	955	971	995	1012	0	981	1031	1059	955	0	0	0	
4410.000000	33	20	11	56	0	0	0	972	946	975	1000	1017	0	1000	1019	1050	970	0	0	0	
4420.000000	49	63	45	65	0	0	0	969	975	981	1006	1009	0	1014	994	1040	968	0	0	0	
4430.000000	46	100	125	120	0	0	0	981	970	998	994	1021	0	1030	980	1001	977	0	0	0	
4440.000000	39	141	192	189	0	0	0	976	980	1000	971	1014	0	1041	979	992	964	0	0	0	
4450.000000	37	153	277	257	0	0	0	951	995	986	969	1019	0	1032	1009	975	976	0	0	0	
4460.000000	34	185	363	323	0	0	0	944	993	978	974	1034	0	1044	1024	954	993	0	0	0	
4470.000000	30	194	394	381	0	0	0	939	988	964	991	1060	0	1037	1014	959	989	0	0	0	
4480.000000	25	204	437	414	0	0	0	926	1003	945	998	1061	0	1032	1004	952	997	0	0	0	
4490.000000	23	204	486	463	0	0	0	923	1027	944	999	1033	0	1050	967	967	1004	0	0	0	
4500.000000	22	197	530	498	0	0	0	934	999	933	995	1038	0	1052	972	965	1001	0	0	0	
4510.000000	22	189	558	549	0	0	0	926	990	925	978	1017	0	1045	970	978	990	0	0	0	
4520.000000	22	191	626	584	0	0	0	938	978	930	1001	1036	0	1031	980	964	993	0	0	0	
4530.000000	20	186	668	611	0	0	0	940	997	944	1010	1045	0	1037	961	955	976	0	0	0	
4540.000000	17	182	689	644	0	0	0	928	1012	966	1007	1040	0	1052	970	940	929	0	0	0	
4550.000000	17	175	714	677	0	0	0	926	1021	964	1023	1039	0	1070	978	929	940	0	0	0	
4560.000000	17	171	747	718	0	0	0	911	1011	965	1034	1051	0	1080	983	947	932	0	0	0	
4570.000000	15	160	770	742	0	0	0	927	1001	978	1045	1057	0	1065	970	950	952	0	0	0	
4580.000000	14	155	786	751	0	0	0	946	1004	997	1050	1052	0	1077	988	941	949	0	0	0	
4590.000000	13	144	804	780	0	0	0	942	1012	1011	1072	1039	0	1067	1002	931	949	0	0	0	
4600.000000	12	137	798	818	0	0	0	944	1034	1009	1066	1037	0	1079	996	966	912	0	0	0	
4610.000000	12	132	809	830	0	0	0	924	1025	1012	1070	1051	0	1099	995	976	897	0	0	0	
4620.000000	12	128	823	839	0	0	0	923	1037	1002	1046	1043	0	1096	1003	980	913	0	0	0	
4630.000000	12	125	843	865	0	0	0	927	1027	1002	1042	1049	0	1076	959	985	924	0	0	0	
4640.000000	12	119	840	890	0	0	0	941	1051	1002	1040	1023	0	1067	983	959	958	0	0	0	
4650.000000	8	110	832	916	0	0	0	936	1044	998	1038	1028	0	1074	998	951	969	0	0	0	
4660.000000	7	104	835	938	0	0	0	945	1036	1017	1047	1040	0	1082	980	958	963	0	0	0	
4670.000000	6	94	840	942	0	0	0	935	1034	1007	1053	1036	0	1071	988	971	948	0	0	0	
4680.000000	6	88	834	942	0	0	0	946	1025	1014	1036	1034	0	1072	983	955	947	0	0	0	
4690.000000	6	80	821	955	0	0	0	944	1040	1036	1023	1011	0	1045	976	959	935	0	0	0	
4700.000000	6	76	818	957	0	0	0	956	1030	1052	1006	1004	0	1052	970	968	965	0	0	0	
4710.000000	5	71	791	953	0	0	0	938	1039	1046	1006	1001	0	1058	971	967	967	0	0	0	
4720.000000	4	65	772	937	0	0	0	957	1027	1040	1005	986	0	1054	946	986	989	0	0	0	
4730.000000	3	59	769	943	0	0	0	958	1009	1042	1022	990	0	1031	948	987	986	0	0	0	
4740.000000	2	55	748	938	0	0	0	985	1002	1041	998	991	0	1028	940	987	983	0	0	0	
4750.000000	2	50	731	942	0	0	0	973	1007	1044	1022	1029	0	993	937	1000	981	0	0	0	
4760.000000	2	47	704	947	0	0	0	953	996	1053	1023	1039	0	994	933	1010	977	0	0	0	
4770.000000	2	44	677	927	0	0	0	944	978	1034	1023	1034	0	985	937	1038	961	0	0	0	
4780.000000	2	41	659	949	0	0	0	941	973	1025	1013	1012	0	991	940	1020	960	0	0	0	
4790.000000	2	40	630	958	0	0	0	946	975	1015	1006	994	0	1016	928	1033	976	0	0	0	
4800.000000	2	37	592	970	0	0	0	961	959	1011	1015	1000	0	1001	926	1027	959	0	0	0	
4810.000000	2	35	558	958	0	0	0	965	948	1012	1008	1009	0	998	914	1037	965	0	0	0	
4820.000000	2	34	530	953	0	0	0	943	960	1019	1038	1021	0	1029	925	1031	968	0	0	0	
4830.000000	2	30	514	943	0	0	0	949	979	1011	1030	1012	0	1037	909	1036	971	0	0	0	
4840.000000	2	26	493	935	0	0	0	954	992	992	1038	1015	0	1024	900	1050	973	0	0	0	
4850.000000	2	25	472	940	0	0	0	952	1009	983	1037	1037	0	1029	914	1032	982	0	0	0	
4860.000000	2	22	446	980	0	0	0	967	1015	1001	1036	1033	0	1015	918	1023	978	0	0	0	
4870.000000	1	21	419	990	0	0	0	961	1000	1022	1050	1032	0	1002	936	1036	963	0	0	0	
4880.000000	0	20	397	992	0	0	0	963	994	1010	1023	1020	0	980	956	1060	951	0	0	0	
4890.000000	0	18	378	1011	0	0	0	964	994	1013	1016	1060	0	971	954	1050	981	0	0	0	
4900.000000	0	16	341	1006	0	0	0	976	992	1025	1002	1050	0	972	957	1032	986	0	0	0	
4910.000000	0	14	326	1021	0	0	0	968	976	1020	993	1051	0	957	985	1021	978	0	0	0	
4920.000000	0	13	305	1011	0	0	0	962	948	1027	985	1051	0	964	991	1045	990	0	0	0	
4930.000000	0	13	285	999	0	0	0	950	960	1013	992	1034	0	987	992	1044	980	0	0	0	
4940.000000	0	13	265	998	0	0	0	959	976	1001	987	1031	0	1003	994	1018	980	0	0	0	
4950.000000	0	11	242	997	0	0	0	958	972	996	990	1023	0	998	993	1034	966	0	0	0	
4960.000000	0	10	211	1002	0	0	0	955	956	988	1007	1016	0	998	987	1011	983	0	0	0	
4970.000000	0	7	199	987	0	0	0	943	964	982	1011	1031	0	996	1011	1023	992	0	0	0	
4980.000000	0	6	184	999	0	0	0	946	967	989	1028	1025	0	1010	1022	1022	978	0	0	0	
4990.000000	0	6	166	999	0	0	0	953	956	1003	1038	1021	0	1008	1015	1035	975	0	0	0	
5000.000000	0	6	157	1004	0	0	0	965	972	1014	1036	1021	0	1005	989	988	968	0	0	0	
5010.000000	0	5	142	986	0	0	0	954	948	995	1043	1044	0	1012	983	987	966	0	0	0	
5020.000000	0	4	131	996	0	0	0	945	957	1010	1026	1057	0	996	963	1010	938	0	0	0	
5030.000000	0	4	119	1001	0	0	0	944	970	1024	1020	1062	0	1013	963	1005	953	0	0	0	
5040.000000	0	4	113	981	0	0	0	951	968	1034	1019	1087	0	1011	958	995	967	0	0	0	
5050.000000	0	3	97	973	0	0	0	960	967	1041	1021	1083	0	1007	977	1007	965	0	0	0	
5060.000000	0	3	87	956	0	0	0	984	967	1025	1036	1097	0	1008	1005	1018	960	0	0	0	
5070.000000	0	3	81	929	0	0	0	989	948	1020	1021	1075	0	1018	1019	1007	979	0	0	0	
5080.000000	0	2	74	907	0	0	0	1002	958	1038	1009	1077	0	1023	1020	1004	980	0	0	0	
5090.000000	0	2	64	880	0	0	0	998	952	1026	1000	1061	0	1035	1014	995	985	0	0	0	
5100.000000	0	2	58	869	0	0	0	996	963	1025	1006	1037	0	1026	1020	992	1018	0	0	0	
5110.000000	0	2	51	821	0	0	0	1015	975	1027	1015	1026	0	1013	1013	980	1010	0	0	0	
5120.000000	0	2	45	802	0	0	0	1017	1001	1015	1008	1033	0	1020	1015	972	993	0	0	0	
5130.000000	0	2	39	767	0	0	0	1021	1024	1003	1010	1023	0	1014	986	981	1006	0	0	0	
5140.000000	0	2	35	743	0	0	0	1031	1004	1013	1003	1005	0	1023	1021	1002	990	0	0	0	
5150.000000	0	2	33	699	0	0	0	1019	997	1019	1006	1006	0	1026	1004	994	987	0	0	0	
5160.000000	0	2	27	657	0	0	0	1008	973	1003	996	1001	0	1009	1003	998	980	0	0	0	
5170.000000	0	2	24	617	0	0	0	1004	988	998	990	1021	0	1022	1003	1003	981	0	0	0	
5180.000000	0	2	21	580	0	0	0	997	997	975	996	1035	0	1027	1016	976	979	0	0	0	
5190.000000	0	1	18	537	0	0	0	985	976	964	993	1013	0	1029	1014	980	998	0	0	0	
5200.000000	0	1	18	487	0	0	0	984	937	985	1000	1017	0	1055	1019	982	973	0	0	0	
5210.000000	0	1	17	440	0	0	0	986	952	974	1002	1024	0	1046	1025	964	971	0	0	0	
5220.000000	0	1	14	407	0	0	0	971	967	977	1006	1006	0	1031	1024	979	966	0	0	0	
5230.000000	0	1	14	385	0	0	0	971	974	975	1013	1028	0	1037	1010	981	951	0	0	0	
5240.000000	0	1	11	358	0	0	0	965	947	975	999	1000	0	1046	1022	1001	968	0	0	0	
5250.000000	0	1	10	329	0	0	0	991	940	956	998	1007	0	1044	1011	976	961	0	0	0	
5260.000000	0	1	9	297	0	0	0	981	954	958	982	1020	0	1046	1028	965	939	0	0	0	
5270.000000	0	1	9	272	0	0	0	993	955	974	975	1004	0	1055	1021	971	949	0	0	0	
5280.000000	0	1	8	255	0	0	0	995	948	980	977	1010	0	1056	1008	956	978	0	0	0	
5290.000000	0	1	7	237	0	0	0	1000	951	970	974	1027	0	1040	1016	960	952	0	0	0	
5300.000000	0	1	7	218	0	0	0	982	998	983	986	1011	0	1040	999	959	963	0	0	0	
5310.000000	0	1	7	202	0	0	0	980	993	1005	980	1004	0	1043	1015	973	964	0	0	0	
5320.000000	0	1	7	196	0	0	0	977	971	1010	988	996	0	1035	1031	975	970	0	0	0	
5330.000000	0	1	7	181	0	0	0	979	968	994	986	979	0	1045	1011	978	956	0	0	0	
5340.000000	0	1	6	163	0	0	0	979	978	994	979	993	0	1037	1022	979	983	0	0	0	
5350.000000	0	1	6	156	0	0	0	975	983	964	969	977	0	1054	1028	978	992	0	0	0	
5360.000000	0	1	5	152	0	0	0	966	968	983	971	960	0	1052	1015	992	974	0	0	0	
5370.000000	0	1	3	140	0	0	0	980	995	979	968	934	0	1029	1013	990	965	0	0	0	
5380.000000	0	0	4	129	0	0	0	970	993	988	979	929	0	1019	999	981	981	0	0	0	
5390.000000	0	0	4	120	0	0	0	981	1001	984	971	950	0	1032	996	998	982	0	0	0	
5400.000000	0	0	4	107	0	0	0	996	993	1000	986	947	0	1016	986	1002	971	0	0	0	
5410.000000	0	0	3	94	0	0	0	1004	992	994	1005	954	0	1011	997	982	981	0	0	0	
5420.000000	0	0	2	86	0	0	0	1004	979	1008	1000	947	0	987	1001	984	1013	0	0	0	
5430.000000	0	0	2	79	0	0	0	1001	1009	1021	987	944	0	1003	1017	985	1037	0	0	0	
5440.000000	1	0	2	72	0	0	0	985	1013	1044	992	972	0	1017	1024	988	1025	0	0	0	
5450.000000	4	1	2	65	0	0	0	987	1018	1040	987	985	0	1011	1009	990	1012	0	0	0	
5460.000000	12	3	2	60	0	0	0	992	1026	1027	996	964	0	999	1002	973	1002	0	0	0	
5470.000000	25	8	2	53	0	0	0	986	1018	1006	1001	983	0	995	997	978	1023	0	0	0	
5480.000000	65	47	21	48	0	0	0	1000	1032	1006	1001	966	0	986	991	968	1022	0	0	0	
5490.000000	77	116	81	88	0	0	0	984	1018	994	1006	968	0	975	1009	966	1019	0	0	0	
5500.000000	68	177	154	148	0	0	0	987	1022	994	999	972	0	975	998	979	1016	0	0	0	
5510.000000	62	216	222	223	0	0	0	974	1021	1005	993	968	0	968	1019	982	1033	0	0	0	
5520.000000	56	257	295	285	0	0	0	992	1034	1006	983	971	0	959	1009	992	1041	0	0	0	
5530.000000	50	280	352	346	0	0	0	972	1040	998	985	981	0	952	1006	973	1045	0	0	0	
5540.000000	49	288	391	402	0	0	0	963	1045	987	990	981	0	961	1032	980	1020	0	0	0	
5550.000000	45	311	430	459	0	0	0	986	1049	985	996	980	0	978	1024	982	1024	0	0	0	
5560.000000	43	319	473	505	0	0	0	991	1053	999	995	982	0	989	1017	994	1015	0	0	0	
5570.000000	37	324	526	558	0	0	0	977	1033	981	972	973	0	986	1026	986	1034	0	0	0	
5580.000000	35	325	553	606	0	0	0	958	1012	990	991	981	0	978	1013	1001	1028	0	0	0	
5590.000000	31	328	617	643	0	0	0	957	1025	997	971	997	0	991	1031	999	1026	0	0	0	
5600.000000	28	325	641	656	0	0	0	967	1040	1039	982	984	0	979	1005	1003	975	0	0	0	
5610.000000	26	313	664	695	0	0	0	979	1042	1028	994	988	0	985	977	1019	986	0	0	0	
5620.000000	25	295	702	734	0	0	0	985	1029	1035	996	991	0	978	1005	987	971	0	0	0	
5630.000000	25	285	735	763	0	0	0	1001	1023	1040	980	1011	0	984	1015	988	963	0	0	0	
5640.000000	22	276	792	785	0	0	0	984	1035	1029	979	1014	0	975	997	994	974	0	0	0	
5650.000000	19	267	808	813	0	0	0	986	1036	1031	989	1013	0	983	1024	996	978	0	0	0	
5660.000000	17	245	827	825	0	0	0	1007	1049	1016	1002	1029	0	1018	1008	993	979	0	0	0	
5670.000000	16	232	828	846	0	0	0	1003	1033	1001	1010	1010	0	1005	1006	982	972	0	0	0	
5680.000000	15	225	827	845	0	0	0	989	1010	1008	1018	1013	0	1007	976	1003	968	0	0	0	
5690.000000	13	199	833	863	0	0	0	975	1009	987	999	1012	0	1007	981	986	978	0	0	0	
5700.000000	11	187	837	865	0	0	0	957	1007	983	1012	1041	0	999	999	1000	993	0	0	0	
5710.000000	10	177	843	874	0	0	0	961	1001	1001	1000	1034	0	1012	998	991	999	0	0	0	
5720.000000	8	169	841	908	0	0	0	970	977	988	986	1023	0	1010	1003	1002	1014	0	0	0	
5730.000000	7	155	830	929	0	0	0	970	975	999	995	1025	0	1015	997	993	1004	0	0	0	
5740.000000	7	143	842	938	0	0	0	991	977	1002	1007	1010	0	991	1009	983	982	0	0	0	
5750.000000	7	142	857	943	0	0	0	998	980	988	985	1041	0	986	1009	987	995	0	0	0	
5760.000000	6	126	836	929	0	0	0	994	973	984	1009	1031	0	988	999	1010	1000	0	0	0	
5770.000000	6	117	826	920	0	0	0	988	967	1005	991	1017	0	967	1001	991	992	0	0	0	
5780.000000	5	105	815	926	0	0	0	1004	971	1019	1014	1036	0	962	995	977	1004	0	0	0	
5790.000000	5	97	804	928	0	0	0	991	989	995	992	1040	0	968	991	979	995	0	0	0	
5800.000000	5	87	805	932	0	0	0	993	1008	1015	990	1028	0	991	988	994	1001	0	0	0	
5810.000000	5	74	795	939	0	0	0	992	1003	1032	996	1024	0	980	1013	987	996	0	0	0	
5820.000000	5	67	790	940	0	0	0	1003	1006	1046	996	1025	0	989	1013	971	1005	0	0	0	
5830.000000	5	64	767	955	0	0	0	1010	1042	1044	1007	1027	0	993	1015	984	1006	0	0	0	
5840.000000	4	56	748	961	0	0	0	1023	1058	1031	1000	1012	0	975	994	960	1023	0	0	0	
5850.000000	4	52	736	969	0	0	0	1021	1062	1054	1002	978	0	970	1016	974	1037	0	0	0	
5860.000000	4	48	712	956	0	0	0	1023	1053	1029	976	971	0	983	1028	953	1029	0	0	0	
5870.000000	3	45	690	970	0	0	0	1024	1041	1008	963	962	0	987	1031	977	1017	0	0	0	
5880.000000	3	41	662	996	0	0	0	1039	1011	999	967	953	0	995	1019	987	1002	0	0	0	
5890.000000	3	36	644	1027	0	0	0	1061	1019	984	967	948	0	1003	1001	997	1028	0	0	0	
5900.000000	2	32	626	1025	0	0	0	1034	1024	974	960	955	0	1018	1013	1020	1022	0	0	0	
5910.000000	2	32	599	1026	0	0	0	1012	1031	985	983	999	0	1021	1003	1011	1005	0	0	0	
5920.000000	2	31	575	996	0	0	0	1010	1013	969	987	1010	0	1026	989	1011	1003	0	0	0	
5930.000000	2	30	551	997	0	0	0	999	991	977	975	1038	0	1028	1011	1003	997	0	0	0	
5940.000000	1	25	529	997	0	0	0	996	990	982	949	1053	0	1015	1031	1002	1015	0	0	0	
5950.000000	1	23	485	973	0	0	0	1004	990	976	949	1051	0	1010	1043	1002	1039	0	0	0	
5960.000000	1	23	462	975	0	0	0	1014	983	983	979	1035	0	1023	1024	1000	1043	0	0	0	
5970.000000	1	21	430	967	0	0	0	1006	1016	978	978	1046	0	1039	1002	1033	1031	0	0	0	
5980.000000	1	20	394	974	0	0	0	998	1006	969	950	1020	0	1016	1012	1048	1055	0	0	0	
5990.000000	1	17	361	961	0	0	0	1030	1023	974	949	1026	0	1012	1012	1052	1022	0	0	0	
6000.000000	1	15	328	967	0	0	0	1035	1043	968	952	1026	0	1016	1019	1035	1012	0	0	0	
6010.000000	1	14	310	975	0	0	0	1022	1049	964	953	1027	0	1001	1019	1028	1020	0	0	0	
6020.000000	1	13	285	974	0	0	0	1001	1032	954	962	1026	0	984	1023	1015	1013	0	0	0	
6030.000000	1	12	274	958	0	0	0	995	1027	972	968	1046	0	994	1054	1010	1015	0	0	0	
6040.000000	1	11	255	959	0	0	0	992	1033	963	956	1042	0	967	1052	1009	994	0	0	0	
6050.000000	1	11	238	964	0	0	0	1007	1022	954	952	1038	0	962	1048	1016	1010	0	0	0	
6060.000000	0	11	219	948	0	0	0	983	1009	944	968	1028	0	984	1047	1013	1022	0	0	0	
6070.000000	0	11	201	939	0	0	0	987	986	955	967	1039	0	963	1038	999	994	0	0	0	
6080.000000	0	11	178	958	0	0	0	984	989	965	1004	1048	0	957	1040	997	996	0	0	0	
6090.000000	0	10	167	962	0	0	0	997	1020	986	1020	1033	0	984	1050	984	993	0	0	0	
6100.000000	0	10	162	955	0	0	0	996	1027	992	1026	1031	0	990	1063	999	972	0	0	0	
6110.000000	0	10	153	952	0	0	0	993	1029	978	1032	1039	0	1014	1066	1005	963	0	0	0	
6120.000000	0	10	144	952	0	0	0	988	1019	964	1022	1035	0	1024	1060	999	978	0	0	0	
6130.000000	0	9	128	946	0	0	0	972	1027	963	1020	1029	0	1014	1051	1015	988	0	0	0	
6140.000000	0	8	117	932	0	0	0	995	1040	962	1014	1049	0	998	1033	1015	976	0	0	0	
6150.000000	0	8	113	925	0	0	0	980	1038	987	1028	1072	0	1008	1024	1021	986	0	0	0	
6160.000000	0	7	104	899	0	0	0	1000	1043	981	1010	1063	0	1006	1020	1033	968	0	0	0	
6170.000000	0	6	101	875	0	0	0	1001	1041	974	1028	1064	0	997	1020	1018	973	0	0	0	
6180.000000	0	6	92	872	0	0	0	992	1043	974	1039	1070	0	1006	1017	1004	956	0	0	0	
6190.000000	0	5	88	845	0	0	0	1008	1031	978	1026	1044	0	1012	1014	1012	957	0	0	0	
6200.000000	0	5	84	842	0	0	0	1004	1026	993	1019	1027	0	1021	1029	1003	967	0	0	0	
6210.000000	0	5	74	842	0	0	0	1003	1038	1007	1030	1025	0	1019	1028	998	960	0	0	0	
6220.000000	0	5	69	830	0	0	0	1017	1046	1012	1011	1025	0	1033	1015	1008	985	0	0	0	
6230.000000	0	5	64	816	0	0	0	1015	1035	1026	1022	1059	0	1012	1033	1014	1001	0	0	0	
6240.000000	0	4	57	781	0	0	0	1003	1046	1026	1018	1057	0	990	1045	994	1032	0	0	0	
6250.000000	0	3	52	754	0	0	0	1001	1032	1030	1021	1063	0	990	1057	1001	999	0	0	0	
6260.000000	0	3	48	740	0	0	0	998	1038	1017	1008	1077	0	1001	1053	982	998	0	0	0	
6270.000000	0	3	48	716	0	0	0	990	1028	1025	1022	1063	0	1001	1044	972	1002	0	0	0	
6280.000000	0	2	44	688	0	0	0	987	1026	1018	1035	1055	0	1009	1033	980	995	0	0	0	
6290.000000	0	2	43	671	0	0	0	1005	1016	1022	1027	1054	0	1029	1054	992	987	0	0	0	
6300.000000	0	1	39	630	0	0	0	998	1003	1012	1026	1062	0	1041	1038	972	1009	0	0	0	
6310.000000	0	0	35	602	0	0	0	1006	1006	1021	1014	1037	0	1039	1028	981	1019	0	0	0	
6320.000000	0	0	33	585	0	0	0	1006	1017	1016	1004	1027	0	1040	1040	985	1039	0	0	0	
6330.000000	0	0	29	563	0	0	0	996	1010	1015	1000	1019	0	1033	1034	985	1025	0	0	0	
6340.000000	0	0	25	522	0	0	0	995	991	1026	991	1007	0	1038	1036	974	1022	0	0	0	
6350.000000	0	0	25	489	0	0	0	1023	1004	1010	994	1022	0	1013	1028	951	1042	0	0	0	
6360.000000	0	0	23	471	0	0	0	991	1013	1001	974	1004	0	1010	1010	961	1043	0	0	0	
6370.000000	0	0	18	442	0	0	0	984	1006	1005	989	1023	0	1014	1011	974	1021	0	0	0	
6380.000000	0	0	17	425	0	0	0	980	1004	1003	990	1018	0	1018	1013	965	1008	0	0	0	
6390.000000	0	0	17	402	0	0	0	984	992	997	1022	1029	0	1011	1024	979	1011	0	0	0	
6400.000000	0	0	15	375	0	0	0	1005	1002	968	1009	1058	0	1019	1025	981	1011	0	0	0	
6410.000000	0	0	15	352	0	0	0	1005	997	999	988	1052	0	1030	1027	973	1040	0	0	0	
6420.000000	0	0	13	315	0	0	0	996	992	981	998	1044	0	1057	1013	972	1033	0	0	0	
6430.000000	0	0	12	290	0	0	0	992	984	958	994	1041	0	1060	1027	953	1064	0	0	0	
6440.000000	0	0	12	266	0	0	0	1003	961	955	1000	1044	0	1059	1057	962	1043	0	0	0	
6450.000000	0	0	11	248	0	0	0	1007	958	939	1019	1058	0	1050	1053	972	1027	0	0	0	
6460.000000	0	0	11	233	0	0	0	1022	945	930	1007	1053	0	1025	1025	985	1050	0	0	0	
6470.000000	0	0	10	218	0	0	0	1023	948	923	1012	1043	0	1008	993	998	1034	0	0	0	
6480.000000	0	0	8	206	0	0	0	1027	962	931	1034	1065	0	985	1010	995	1030	0	0	0	
6490.000000	0	0	8	190	0	0	0	1007	973	956	1028	1077	0	977	998	996	1060	0	0	0	
6500.000000	0	0	7	178	0	0	0	1019	975	956	1036	1065	0	982	1005	997	1057	0	0	0	
6510.000000	0	0	7	159	0	0	0	1004	977	959	1023	1068	0	971	1004	1010	1051	0	0	0	
6520.000000	0	0	7	146	0	0	0	1016	968	977	1008	1063	0	975	1012	1008	1031	0	0	0	
6530.000000	0	0	7	135	0	0	0	1021	998	989	1003	1059	0	978	1031	992	1026	0	0	0	
6540.000000	0	0	7	132	0	0	0	1022	1018	1004	1000	1059	0	999	1039	989	1020	0	0	0	
6550.000000	0	0	7	123	0	0	0	998	1020	994	995	1038	0	1051	1030	1009	1017	0	0	0	
6560.000000	0	0	7	119	0	0	0	986	1014	993	984	1030	0	1062	1023	1010	1010	0	0	0	
6570.000000	0	0	5	114	0	0	0	994	1011	996	984	1033	0	1059	1012	1033	1023	0	0	0	
6580.000000	0	0	4	101	0	0	0	1013	1003	989	985	1019	0	1034	1010	1043	1027	0	0	0	
6590.000000	0	0	4	93	0	0	0	1007	1026	998	995	1031	0	1043	981	1018	1027	0	0	0	
6600.000000	1	0	4	84	0	0	0	1011	1019	1011	1004	1054	0	1035	971	1005	1037	0	0	0	
6610.000000	4	0	3	80	0	0	0	1022	1002	1036	1009	1049	0	1022	958	1000	1051	0	0	0	
6620.000000	6	2	3	71	0	0	0	1027	1004	1043	1005	1044	0	1016	953	1023	1028	0	0	0	
6630.000000	17	7	4	58	0	0	0	1034	1014	1012	989	1058	0	1014	956	1039	1019	0	0	0	
6640.000000	32	24	10	58	0	0	0	1044	1008	1043	1007	1032	0	1020	984	1030	1004	0	0	0	
6650.000000	38	53	41	70	0	0	0	1028	999	1041	994	1020	0	1022	1012	1033	994	0	0	0	
6660.000000	34	80	101	123	0	0	0	1012	974	1029	1006	1002	0	1021	1017	1049	1008	0	0	0	
6670.000000	33	105	165	197	0	0	0	1014	969	1020	998	1010	0	1003	1006	1053	969	0	0	0	
6680.000000	32	118	211	258	0	0	0	1003	971	1036	1013	1002	0	996	1019	1055	964	0	0	0	
6690.000000	30	137	265	327	0	0	0	1020	972	1055	1028	1029	0	1018	1034	1049	980	0	0	0	
6700.000000	29	137	324	389	0	0	0	1036	954	1050	1020	1029	0	1022	1005	1071	988	0	0	0	
6710.000000	28	160	372	456	0	0	0	1037	949	1027	996	1005	0	995	1009	1042	980	0	0	0	
6720.000000	27	164	410	518	0	0	0	1042	955	1029	970	1008	0	967	1013	1037	979	0	0	0	
6730.000000	25	167	452	579	0	0	0	1070	949	1040	969	997	0	970	1022	1018	989	0	0	0	
6740.000000	23	169	506	603	0	0	0	1059	946	1041	963	1009	0	983	995	999	1006	0	0	0	
6750.000000	22	172	543	638	0	0	0	1063	955	1021	975	1015	0	953	1017	1008	1002	0	0	0	
6760.000000	20	165	584	701	0	0	0	1069	947	1042	980	1008	0	963	1045	1006	997	0	0	0	
6770.000000	17	168	623	725	0	0	0	1061	942	1050	995	1017	0	948	1035	1013	991	0	0	0	
6780.000000	16	166	648	745	0	0	0	1075	956	1063	1027	1019	0	946	1050	1010	979	0	0	0	
6790.000000	15	151	667	750	0	0	0	1056	960	1068	1023	1033	0	966	1032	1040	990	0	0	0	
6800.000000	14	135	696	763	0	0	0	1047	971	1074	1051	1037	0	970	1027	1014	990	0	0	0	
6810.000000	13	127	718	774	0	0	0	1049	984	1068	1041	1016	0	969	1039	1034	1011	0	0	0	
6820.000000	13	123	759	775	0	0	0	1041	994	1047	1037	1008	0	970	1022	1040	1031	0	0	0	
6830.000000	13	121	756	798	0	0	0	1055	989	1034	1012	999	0	991	1000	1032	1029	0	0	0	
6840.000000	13	115	778	828	0	0	0	1047	994	1027	1034	998	0	996	982	1008	1035	0	0	0	
6850.000000	13	113	773	831	0	0	0	1026	1021	1042	1032	989	0	1008	981	980	1052	0	0	0	
6860.000000	13	112	787	840	0	0	0	1014	995	1035	1010	996	0	996	955	980	1053	0	0	0	
6870.000000	13	105	805	863	0	0	0	990	997	1038	1019	1015	0	1021	957	967	1042	0	0	0	
6880.000000	13	105	774	872	0	0	0	989	1002	1039	1022	1001	0	1021	968	980	1034	0	0	0	
6890.000000	13	99	773	907	0	0	0	1000	1000	1034	1018	991	0	1032	955	984	1031	0	0	0	
6900.000000	10	99	767	909	0	0	0	1025	1002	1030	1026	984	0	1034	969	999	1025	0	0	0	
6910.000000	10	93	794	940	0	0	0	996	1000	1004	1017	995	0	998	972	999	1031	0	0	0	
6920.000000	10	86	783	937	0	0	0	1003	1019	986	1016	996	0	998	1016	1003	1012	0	0	0	
6930.000000	9	82	767	955	0	0	0	1001	1047	969	1030	1022	0	999	1015	1018	1024	0	0	0	
6940.000000	7	75	760	944	0	0	0	1000	1061	984	1018	1013	0	1006	1007	1019	1004	0	0	0	
6950.000000	7	66	765	946	0	0	0	984	1045	999	1022	1030	0	1031	1010	1014	993	0	0	0	
6960.000000	7	60	750	927	0	0	0	964	1039	1007	1020	1022	0	1036	1005	994	1011	0	0	0	
6970.000000	7	56	735	940	0	0	0	951	1046	1003	1029	1031	0	1019	1000	1007	998	0	0	0	
6980.000000	6	55	725	953	0	0	0	933	1036	973	1000	1029	0	1039	1014	997	993	0	0	0	
6990.000000	6	48	702	978	0	0	0	951	1026	980	1029	1013	0	1067	1034	984	970	0	0	0	
7000.000000	6	45	690	981	0	0	0	947	1040	975	1018	1000	0	1075	1032	990	976	0	0	0	
7010.000000	6	39	660	984	0	0	0	942	1057	970	1020	986	0	1063	1025	1010	958	0	0	0	
7020.000000	6	34	607	979	0	0	0	937	1037	974	1029	1003	0	1055	1017	1010	951	0	0	0	
7030.000000	5	33	570	980	0	0	0	946	1043	955	1042	1007	0	1012	1011	998	983	0	0	0	
7040.000000	5	30	543	998	0	0	0	947	1032	973	1027	1004	0	1031	1011	1005	1017	0	0	0	
7050.000000	5	28	499	1002	0	0	0	940	1032	966	1028	978	0	1046	1001	991	1014	0	0	0	
7060.000000	4	26	469	1008	0	0	0	949	1012	961	1038	966	0	1044	1016	976	1028	0	0	0	
7070.000000	4	26	457	1020	0	0	0	931	1012	979	1019	943	0	1032	992	994	1028	0	0	0	
7080.000000	4	20	432	1004	0	0	0	934	1000	985	1039	926	0	1036	983	994	1023	0	0	0	
7090.000000	4	19	391	990	0	0	0	908	1003	991	1031	933	0	1045	1012	1004	1017	0	0	0	
7100.000000	4	19	373	984	0	0	0	950	1011	982	1047	934	0	1056	1007	996	1007	0	0	0	
7110.000000	3	17	351	999	0	0	0	964	1035	971	1010	946	0	1062	988	1006	1021	0	0	0	
7120.000000	3	16	325	1004	0	0	0	972	1037	953	1015	968	0	1083	991	997	1025	0	0	0	
7130.000000	2	16	302	989	0	0	0	969	1038	933	984	945	0	1094	997	988	1028	0	0	0	
7140.000000	2	16	273	992	0	0	0	1004	1048	937	974	951	0	1084	992	960	1025	0	0	0	
7150.000000	2	11	245	967	0	0	0	987	1041	953	984	951	0	1075	1004	948	1027	0	0	0	
7160.000000	2	10	235	991	0	0	0	987	1021	961	989	973	0	1085	1028	951	1020	0	0	0	
7170.000000	2	8	216	1004	0	0	0	977	1033	967	1007	974	0	1078	1018	968	1023	0	0	0	
7180.000000	2	8	202	1001	0	0	0	982	1018	984	1038	969	0	1088	992	961	1035	0	0	0	
7190.000000	2	8	185	1005	0	0	0	984	1006	982	1049	950	0	1078	1000	963	1034	0	0	0	
7200.000000	2	9	170	985	0	0	0	982	995	996	1056	960	0	1061	1014	959	1021	0	0	0	
7210.000000	2	9	157	973	0	0	0	992	1000	1013	1028	948	0	1069	1011	955	1019	0	0	0	
7220.000000	1	8	151	962	0	0	0	1002	987	1013	1063	960	0	1083	1005	946	996	0	0	0	
7230.000000	1	6	134	949	0	0	0	996	998	1012	1088	960	0	1102	1021	949	996	0	0	0	
7240.000000	1	6	127	947	0	0	0	992	1010	998	1073	946	0	1097	1028	930	993	0	0	0	
7250.000000	1	5	118	959	0	0	0	1001	1010	994	1045	961	0	1082	1020	949	995	0	0	0	
7260.000000	1	5	109	934	0	0	0	1022	1017	1013	1039	984	0	1069	1027	934	980	0	0	0	
7270.000000	1	5	98	928	0	0	0	1027	1032	987	1026	1010	0	1064	1016	948	960	0	0	0	
7280.000000	1	5	92	913	0	0	0	1016	1024	1019	1047	1002	0	1060	1036	953	971	0	0	0	
7290.000000	1	6	85	906	0	0	0	1003	997	1024	1031	1002	0	1027	1057	943	988	0	0	0	
7300.000000	1	6	77	884	0	0	0	1025	998	1005	1033	1015	0	1023	1057	947	984	0	0	0	
7310.000000	0	6	70	873	0	0	0	1030	985	984	1013	1004	0	1008	1031	934	981	0	0	0	
7320.000000	0	6	66	859	0	0	0	1043	985	1018	1014	1010	0	995	1026	938	1003	0	0	0	
7330.000000	0	6	62	822	0	0	0	1051	1000	999	1037	983	0	992	1023	937	1000	0	0	0	
7340.000000	0	4	58	816	0	0	0	1055	992	1010	1038	985	0	994	1035	959	1018	0	0	0	
7350.000000	0	4	55	789	0	0	0	1026	994	1016	1029	972	0	993	1036	964	1029	0	0	0	
7360.000000	0	4	49	755	0	0	0	1022	1004	1007	1032	988	0	1007	1016	969	1018	0	0	0	
7370.000000	0	4	42	714	0	0	0	1016	1013	1011	1030	1017	0	1007	1010	982	1016	0	0	0	
7380.000000	0	4	41	702	0	0	0	1010	1017	1016	1016	1017	0	1007	993	967	1000	0	0	0	
7390.000000	0	4	37	666	0	0	0	1016	1037	1007	1007	1026	0	1028	1001	966	1009	0	0	0	
7400.000000	0	3	33	641	0	0	0	996	1034	1023	1019	1020	0	1019	988	999	991	0	0	0	
7410.000000	0	3	28	614	0	0	0	988	1027	1027	1005	1026	0	1018	982	994	999	0	0	0	
7420.000000	0	2	28	588	0	0	0	995	1029	1024	1022	1014	0	1039	974	962	1013	0	0	0	
7430.000000	0	1	27	549	0	0	0	986	1003	1032	1022	1004	0	1020	968	971	1017	0	0	0	
7440.000000	0	1	25	523	0	0	0	978	999	1049	1007	995	0	1018	969	972	1038	0	0	0	
7450.000000	0	0	24	488	0	0	0	977	1013	1055	999	995	0	1009	983	982	1019	0	0	0	
7460.000000	0	0	23	458	0	0	0	970	1011	1053	996	995	0	1002	982	973	1024	0	0	0	
7470.000000	0	0	22	434	0	0	0	990	996	1041	993	1017	0	1004	961	987	1012	0	0	0	
7480.000000	0	0	21	419	0	0	0	1015	1009	1050	974	1019	0	990	952	1007	995	0	0	0	
7490.000000	0	0	21	399	0	0	0	1042	1018	1057	982	1018	0	962	951	1001	991	0	0	0	
7500.000000	0	0	18	385	0	0	0	1029	1015	1035	977	1033	0	953	944	1004	1013	0	0	0	
7510.000000	0	0	16	377	0	0	0	1032	998	1016	985	1039	0	943	975	1000	1009	0	0	0	
7520.000000	0	0	12	360	0	0	0	1058	998	1013	993	1039	0	954	989	1016	1020	0	0	0	
7530.000000	0	0	10	331	0	0	0	1027	973	1000	987	1038	0	973	969	1013	1021	0	0	0	
7540.000000	0	0	9	301	0	0	0	1021	1000	998	987	1030	0	970	982	996	1016	0	0	0	
7550.000000	0	0	9	272	0	0	0	1021	1033	997	999	1028	0	952	983	1018	1016	0	0	0	
7560.000000	0	0	8	253	0	0	0	1016	1044	1003	1008	1026	0	958	964	1029	985	0	0	0	
7570.000000	0	0	7	234	0	0	0	1008	1023	984	1019	1014	0	956	955	1020	968	0	0	0	
7580.000000	0	0	6	208	0	0	0	1033	996	954	1021	1017	0	956	959	1014	968	0	0	0	
7590.000000	0	0	6	185	0	0	0	1019	1012	968	996	1003	0	967	982	1017	980	0	0	0	
7600.000000	0	0	6	168	0	0	0	1015	1031	958	982	997	0	968	995	1004	1001	0	0	0	
7610.000000	0	0	4	155	0	0	0	1033	1011	975	963	995	0	979	1004	1011	1022	0	0	0	
7620.000000	0	0	4	144	0	0	0	1016	1005	1005	982	1016	0	989	1001	990	999	0	0	0	
7630.000000	0	0	4	140	0	0	0	991	994	1014	984	998	0	992	992	1012	970	0	0	0	
7640.000000	0	0	4	126	0	0	0	998	997	1000	983	994	0	988	1001	1007	968	0	0	0	
7650.000000	0	0	4	109	0	0	0	992	980	1022	991	985	0	992	1034	993	988	0	0	0	
7660.000000	0	0	3	97	0	0	0	991	979	1021	981	1000	0	1011	1041	976	1007	0	0	0	
7670.000000	0	0	1	94	0	0	0	995	991	998	999	995	0	985	1028	974	1012	0	0	0	
7680.000000	0	0	1	79	0	0	0	1002	1023	992	1010	978	0	998	1022	992	1024	0	0	0	
7690.000000	0	0	1	72	0	0	0	1003	1047	983	1019	1003	0	988	1017	1011	1034	0	0	0	
7700.000000	2	0	1	67	0	0	0	994	1032	975	1027	1018	0	990	1026	1015	1060	0	0	0	
7710.000000	5	0	1	63	0	0	0	982	1031	982	1011	996	0	1006	1018	1020	1045	0	0	0	
7720.000000	15	4	1	58	0	0	0	989	1027	979	1015	990	0	997	1027	1016	1039	0	0	0	
7730.000000	36	20	7	56	0	0	0	990	1016	989	998	985	0	979	1039	1021	1022	0	0	0	
7740.000000	44	57	42	70	0	0	0	989	1022	987	965	1014	0	992	1011	1041	1013	0	0	0	
7750.000000	40	107	105	121	0	0	0	986	1012	992	961	1018	0	973	1028	1038	1016	0	0	0	
7760.000000	38	136	178	177	0	0	0	977	1000	999	956	1008	0	985	1023	1035	1032	0	0	0	
7770.000000	36	155	246	239	0	0	0	981	998	1023	965	984	0	998	1020	1037	1044	0	0	0	
7780.000000	32	164	302	314	0	0	0	993	986	1008	974	1005	0	982	1022	1030	1044	0	0	0	
7790.000000	30	177	347	381	0	0	0	1002	976	994	956	998	0	967	1037	1041	1056	0	0	0	
7800.000000	27	179	413	446	0	0	0	972	984	974	937	981	0	959	1039	1033	1059	0	0	0	
7810.000000	26	189	447	478	0	0	0	975	998	992	952	978	0	958	1041	1029	1060	0	0	0	
7820.000000	24	188	513	515	0	0	0	960	980	984	958	999	0	967	1016	1023	1052	0	0	0	
7830.000000	22	183	565	573	0	0	0	969	969	1000	955	977	0	976	1021	1018	1039	0	0	0	
7840.000000	20	182	608	613	0	0	0	964	982	981	970	991	0	986	1015	1025	1048	0	0	0	
7850.000000	18	173	625	667	0	0	0	978	985	961	950	988	0	999	1013	1048	1014	0	0	0	
7860.000000	14	165	651	702	0	0	0	969	995	954	942	972	0	1010	1030	1038	1025	0	0	0	
7870.000000	13	156	679	727	0	0	0	935	994	952	970	975	0	1017	1027	1047	1007	0	0	0	
7880.000000	12	145	703	753	0	0	0	944	989	940	964	964	0	1005	1028	1051	1023	0	0	0	
7890.000000	12	137	713	796	0	0	0	937	1000	938	960	982	0	991	1028	1058	1033	0	0	0	
7900.000000	11	131	729	822	0	0	0	937	996	942	951	973	0	982	1032	1040	1036	0	0	0	
7910.000000	11	118	710	842	0	0	0	937	993	948	954	969	0	977	1020	1048	1026	0	0	0	
7920.000000	9	117	706	865	0	0	0	947	986	949	958	972	0	985	1017	1065	1007	0	0	0	
7930.000000	8	116	736	876	0	0	0	948	983	916	967	958	0	1008	1005	1057	1008	0	0	0	
7940.000000	8	108	766	881	0	0	0	949	978	904	961	967	0	993	999	1050	989	0	0	0	
7950.000000	7	101	757	897	0	0	0	958	976	915	961	970	0	998	999	1026	992	0	0	0	
7960.000000	6	98	771	912	0	0	0	941	981	921	955	986	0	973	985	1040	978	0	0	0	
7970.000000	5	92	772	939	0	0	0	938	971	918	949	1006	0	979	992	1032	995	0	0	0	
7980.000000	5	85	770	946	0	0	0	959	970	917	954	989	0	979	986	1039	985	0	0	0	
7990.000000	5	79	771	945	0	0	0	961	957	938	971	1005	0	974	988	1028	991	0	0	0	
8000.000000	5	74	748	972	0	0	0	958	985	943	964	1020	0	971	994	1028	982	0	0	0	
8010.000000	5	66	735	994	0	0	0	985	992	968	984	1019	0	991	981	1026	976	0	0	0	
8020.000000	5	61	719	986	0	0	0	985	1014	965	969	1019	0	991	983	1014	977	0	0	0	
8030.000000	4	56	693	970	0	0	0	1008	1030	964	1001	1032	0	971	966	1047	1008	0	0	0	
8040.000000	4	49	680	988	0	0	0	1008	1033	983	975	1009	0	990	938	1056	1007	0	0	0	
8050.000000	3	45	658	960	0	0	0	1017	1039	990	990	1004	0	978	966	1049	1004	0	0	0	
8060.000000	3	41	640	966	0	0	0	998	1022	993	1008	1001	0	977	963	1061	1017	0	0	0	
8070.000000	3	39	622	972	0	0	0	1004	1003	1010	1023	990	0	963	962	1049	994	0	0	0	
8080.000000	3	36	610	949	0	0	0	1018	1002	1024	1028	994	0	941	982	1043	992	0	0	0	
8090.000000	3	31	580	937	0	0	0	1001	988	1034	1012	997	0	933	965	1027	983	0	0	0	
8100.000000	3	29	546	943	0	0	0	1002	985	1037	995	1000	0	937	964	1030	961	0	0	0	
8110.000000	3	26	522	945	0	0	0	1001	1003	1033	985	996	0	967	961	1035	983	0	0	0	
8120.000000	3	24	497	973	0	0	0	999	967	1027	989	1003	0	995	940	1038	997	0	0	0	
8130.000000	3	23	471	952	0	0	0	987	997	1021	964	997	0	1005	947	1019	989	0	0	0	
8140.000000	3	18	434	969	0	0	0	1011	990	1027	958	998	0	1005	966	1027	986	0	0	0	
8150.000000	2	17	408	958	0	0	0	1028	998	1053	942	1012	0	1008	971	1028	1008	0	0	0	
8160.000000	2	15	388	965	0	0	0	1027	990	1043	945	1006	0	1034	978	998	1008	0	0	0	
8170.000000	2	16	363	965	0	0	0	1019	961	1044	939	1013	0	1013	953	1010	1022	0	0	0	
8180.000000	2	13	339	960	0	0	0	1006	976	1028	949	1015	0	1036	933	1009	1014	0	0	0	
8190.000000	2	13	319	963	0	0	0	1013	958	999	943	1014	0	1021	933	1028	1016	0	0	0	
8200.000000	2	13	290	976	0	0	0	991	954	1009	960	1027	0	1008	920	1004	1016	0	0	0	
8210.000000	2	13	263	970	0	0	0	978	942	1045	954	1019	0	992	905	995	1041	0	0	0	
8220.000000	2	11	248	984	0	0	0	992	943	1027	962	1021	0	992	911	1004	1015	0	0	0	
8230.000000	2	11	233	977	0	0	0	986	943	1019	986	1007	0	1008	937	1017	1016	0	0	0	
8240.000000	2	9	219	966	0	0	0	983	960	1006	971	1008	0	1004	955	1032	1017	0	0	0	
8250.000000	1	9	198	969	0	0	0	973	964	980	954	1030	0	1003	975	1015	1017	0	0	0	
8260.000000	1	9	179	966	0	0	0	973	964	972	954	1040	0	1025	989	1051	1030	0	0	0	
8270.000000	1	8	169	954	0	0	0	942	951	979	950	1061	0	1024	984	1072	1028	0	0	0	
8280.000000	1	8	161	955	0	0	0	943	950	973	959	1038	0	1053	981	1077	1023	0	0	0	
8290.000000	1	7	147	942	0	0	0	957	959	987	966	1026	0	1056	996	1050	1018	0	0	0	
8300.000000	1	7	139	927	0	0	0	962	977	976	971	1031	0	1052	979	1052	991	0	0	0	
8310.000000	1	5	130	924	0	0	0	949	996	948	978	1042	0	1040	996	1023	991	0	0	0	
8320.000000	1	5	126	929	0	0	0	922	1005	938	969	1034	0	1038	993	1035	978	0	0	0	
8330.000000	1	5	109	926	0	0	0	924	1013	927	950	1006	0	1025	1018	1019	1006	0	0	0	
8340.000000	1	5	101	911	0	0	0	934	996	908	936	975	0	1014	1006	1034	1026	0	0	0	
8350.000000	1	4	95	887	0	0	0	928	988	893	945	974	0	1009	996	1009	998	0	0	0	
8360.000000	1	3	84	872	0	0	0	932	962	938	967	1006	0	1032	990	1001	1003	0	0	0	
8370.000000	1	4	81	844	0	0	0	915	954	929	961	994	0	1026	1002	1014	989	0	0	0	
8380.000000	1	4	74	821	0	0	0	920	948	918	974	1003	0	1042	1001	1018	966	0	0	0	
8390.000000	1	4	71	807	0	0	0	901	970	907	977	966	0	1025	993	985	964	0	0	0	
8400.000000	1	4	61	783	0	0	0	902	993	926	989	952	0	1023	966	977	989	0	0	0	
8410.000000	1	3	57	749	0	0	0	947	995	929	1004	952	0	1011	991	999	1009	0	0	0	
8420.000000	1	3	53	744	0	0	0	947	989	923	990	978	0	1023	966	1001	1019	0	0	0	
8430.000000	1	3	51	730	0	0	0	963	975	938	983	988	0	1006	968	1013	1040	0	0	0	
8440.000000	1	3	46	718	0	0	0	948	977	965	988	981	0	1005	988	1008	1045	0	0	0	
8450.000000	1	3	46	699	0	0	0	936	964	967	987	974	0	1009	973	992	1048	0	0	0	
8460.000000	1	3	39	692	0	0	0	944	943	958	1006	980	0	1017	984	981	1047	0	0	0	
8470.000000	1	3	35	659	0	0	0	948	944	958	1018	986	0	1028	979	972	1052	0	0	0	
8480.000000	0	3	34	632	0	0	0	948	948	971	1010	991	0	1039	975	968	1035	0	0	0	
8490.000000	0	2	33	592	0	0	0	963	960	976	1044	977	0	1060	974	962	1012	0	0	0	
8500.000000	0	1	32	564	0	0	0	953	957	993	1044	979	0	1059	980	965	1009	0	0	0	
8510.000000	0	1	30	532	0	0	0	945	963	989	1047	1011	0	1057	998	971	1020	0	0	0	
8520.000000	0	0	27	499	0	0	0	952	949	973	1031	994	0	1057	998	993	1016	0	0	0	
8530.000000	0	0	22	461	0	0	0	971	938	965	1033	986	0	1060	1003	1003	999	0	0	0	
8540.000000	0	0	19	421	0	0	0	975	949	962	1039	972	0	1092	1031	1007	985	0	0	0	
8550.000000	0	0	19	386	0	0	0	969	970	970	1037	984	0	1087	1009	980	1005	0	0	0	
8560.000000	0	0	19	357	0	0	0	993	978	977	1045	973	0	1093	995	987	1037	0	0	0	
8570.000000	0	0	18	323	0	0	0	988	978	972	1051	969	0	1089	1004	983	1025	0	0	0	
8580.000000	0	0	16	301	0	0	0	1002	971	972	1042	966	0	1060	985	983	1028	0	0	0	
8590.000000	0	0	16	283	0	0	0	1005	963	976	1011	948	0	1053	997	999	1016	0	0	0	
8600.000000	0	0	16	263	0	0	0	1012	980	973	1018	948	0	1042	1008	959	1014	0	0	0	
8610.000000	0	0	14	252	0	0	0	1009	986	983	1024	942	0	1036	1009	943	1010	0	0	0	
8620.000000	0	0	11	231	0	0	0	1018	993	982	1024	945	0	1011	1001	939	1004	0	0	0	
8630.000000	0	0	8	211	0	0	0	1022	978	995	1016	958	0	1008	986	927	1003	0	0	0	
8640.000000	0	0	8	195	0	0	0	1003	987	997	1018	944	0	1011	978	941	1012	0	0	0	
8650.000000	0	0	7	176	0	0	0	1016	985	963	1022	945	0	990	964	947	1026	0	0	0	
8660.000000	0	0	6	159	0	0	0	990	988	970	1016	957	0	998	972	960	1041	0	0	0	
8670.000000	0	0	5	147	0	0	0	1008	980	967	1030	930	0	997	971	965	1047	0	0	0	
8680.000000	0	0	5	133	0	0	0	1014	972	984	1012	938	0	1006	961	976	1031	0	0	0	
8690.000000	0	0	5	122	0	0	0	1040	968	970	1023	970	0	1010	973	992	1016	0	0	0	
8700.000000	0	0	5	110	0	0	0	1025	984	982	995	973	0	985	988	989	1025	0	0	0	
8710.000000	0	0	4	94	0	0	0	1028	980	982	972	994	0	993	1021	991	1033	0	0	0	
8720.000000	1	0	4	89	0	0	0	1042	1003	952	963	979	0	981	1040	992	1026	0	0	0	
8730.000000	2	0	3	85	0	0	0	1024	994	972	957	976	0	970	1030	993	1046	0	0	0	
8740.000000	3	1	3	80	0	0	0	1041	989	984	976	968	0	993	1025	984	1042	0	0	0	
8750.000000	4	2	3	78	0	0	0	1032	986	984	991	964	0	999	1020	994	1047	0	0	0	
8760.000000	5	4	3	71	0	0	0	1024	1008	977	993	946	0	1006	1017	984	1037	0	0	0	
8770.000000	9	5	4	64	0	0	0	995	1012	985	1001	931	0	988	1001	983	1032	0	0	0	
8780.000000	18	12	6	59	0	0	0	993	1021	984	983	936	0	1014	983	1002	1031	0	0	0	
8790.000000	35	28	18	57	0	0	0	1006	1029	994	1002	959	0	1019	967	980	1033	0	0	0	
8800.000000	42	67	50	76	0	0	0	1010	1051	993	999	954	0	1039	971	981	1037	0	0	0	
8810.000000	38	95	118	145	0	0	0	1011	1064	1000	997	938	0	1030	959	975	1034	0	0	0	
8820.000000	33	112	186	208	0	0	0	1015	1069	1014	992	946	0	1003	971	1007	1016	0	0	0	
8830.000000	29	116	240	275	0	0	0	1023	1049	1029	982	946	0	1018	992	988	1031	0	0	0	
8840.000000	26	130	315	332	0	0	0	1030	1050	1025	963	970	0	1025	963	982	1018	0	0	0	
8850.000000	24	130	362	382	0	0	0	1017	1056	1043	940	980	0	1051	957	991	1001	0	0	0	
8860.000000	22	135	389	434	0	0	0	1020	1051	1023	945	1011	0	1049	955	996	1000	0	0	0	
8870.000000	19	135	432	500	0	0	0	1004	1049	1036	944	1004	0	1037	951	992	991	0	0	0	
8880.000000	17	130	483	547	0	0	0	1036	1047	1045	948	984	0	1051	959	1003	999	0	0	0	
8890.000000	12	130	512	581	0	0	0	1042	1041	1044	954	968	0	1049	959	1007	1012	0	0	0	
8900.000000	12	121	529	620	0	0	0	1026	1019	1040	973	987	0	1023	972	1008	1026	0	0	0	
8910.000000	11	118	574	638	0	0	0	1025	1030	1044	940	980	0	1022	965	1011	1034	0	0	0	
8920.000000	10	106	593	673	0	0	0	1021	1015	1019	941	1003	0	988	1000	1012	1051	0	0	0	
8930.000000	9	94	612	716	0	0	0	1038	1024	1030	940	1024	0	981	1011	1020	1019	0	0	0	
8940.000000	8	84	604	737	0	0	0	1046	1000	1035	956	1025	0	1005	1003	1028	1041	0	0	0	
8950.000000	8	82	618	755	0	0	0	1029	989	1014	961	1019	0	1011	1002	1002	1030	0	0	0	
8960.000000	7	71	614	776	0	0	0	1008	986	976	962	1031	0	1000	1024	998	1041	0	0	0	
8970.000000	6	69	634	799	0	0	0	979	987	995	974	1034	0	983	1010	994	1050	0	0	0	
8980.000000	6	65	656	813	0	0	0	960	963	987	992	1038	0	977	1018	1007	1042	0	0	0	
8990.000000	4	56	645	845	0	0	0	946	987	988	995	1037	0	968	1000	978	1046	0	0	0	
9000.000000	4	52	630	854	0	0	0	940	969	967	991	1019	0	972	1006	973	1044	0	0	0	
9010.000000	4	50	620	852	0	0	0	963	973	980	991	1035	0	973	1004	950	1040	0	0	0	
9020.000000	4	43	607	857	0	0	0	971	952	987	998	1031	0	985	1004	932	1036	0	0	0	
9030.000000	4	41	598	870	0	0	0	978	948	1014	1001	1026	0	986	1001	922	1026	0	0	0	
9040.000000	4	38	575	876	0	0	0	963	945	995	987	1029	0	981	987	937	1045	0	0	0	
9050.000000	4	32	543	906	0	0	0	942	938	987	988	1038	0	965	983	926	1029	0	0	0	
9060.000000	4	27	524	909	0	0	0	945	951	973	982	1038	0	983	997	930	1036	0	0	0	
9070.000000	4	22	498	911	0	0	0	933	954	962	977	1040	0	986	976	920	1004	0	0	0	
9080.000000	3	21	472	915	0	0	0	942	935	972	974	1042	0	984	989	954	1001	0	0	0	
9090.000000	3	19	444	930	0	0	0	946	970	973	982	1035	0	1012	979	959	1012	0	0	0	
9100.000000	3	17	417	909	0	0	0	928	972	989	996	1016	0	996	994	955	1023	0	0	0	
9110.000000	3	14	387	908	0	0	0	934	973	980	975	1026	0	999	1017	968	1002	0	0	0	
9120.000000	3	11	357	920	0	0	0	931	952	982	976	1020	0	981	1017	997	1018	0	0	0	
9130.000000	3	10	321	949	0	0	0	948	950	966	1003	1018	0	987	1013	981	1012	0	0	0	
9140.000000	3	7	300	930	0	0	0	933	943	980	1026	1025	0	1003	992	980	1005	0	0	0	
9150.000000	3	8	275	919	0	0	0	931	952	986	1004	1021	0	986	1010	988	975	0	0	0	
9160.000000	3	7	247	918	0	0	0	937	950	987	1023	1023	0	968	1029	968	971	0	0	0	
9170.000000	3	7	226	918	0	0	0	946	941	1004	991	1014	0	981	999	980	979	0	0	0	
9180.000000	3	6	209	911	0	0	0	940	929	1018	987	1000	0	983	1009	1001	991	0	0	0	
9190.000000	3	5	189	906	0	0	0	957	957	1017	978	1042	0	974	993	982	996	0	0	0	
9200.000000	3	6	173	924	0	0	0	993	964	1016	977	1049	0	972	998	984	1020	0	0	0	
9210.000000	3	6	163	933	0	0	0	984	982	1027	964	1019	0	976	998	989	1042	0	0	0	
9220.000000	3	6	144	944	0	0	0	979	1013	1005	968	1006	0	979	996	979	1045	0	0	0	
9230.000000	3	6	139	928	0	0	0	989	1013	997	958	995	0	997	976	974	1033	0	0	0	
9240.000000	3	4	124	924	0	0	0	979	1003	987	959	997	0	997	951	957	1022	0	0	0	
9250.000000	3	3	117	902	0	0	0	956	1007	977	980	998	0	1009	954	1006	994	0	0	0	
9260.000000	3	2	107	896	0	0	0	962	1001	956	971	989	0	1023	953	1020	1003	0	0	0	
9270.000000	3	2	99	886	0	0	0	956	993	953	987	996	0	1007	964	1022	1014	0	0	0	
9280.000000	3	3	90	869	0	0	0	980	999	967	990	996	0	1025	962	1019	1021	0	0	0	
9290.000000	2	3	79	829	0	0	0	975	993	973	985	990	0	1000	947	1026	1026	0	0	0	
9300.000000	2	3	66	823	0	0	0	978	989	984	997	996	0	1008	950	1026	1047	0	0	0	
9310.000000	1	3	55	822	0	0	0	993	991	987	990	998	0	990	957	1029	1052	0	0	0	
9320.000000	1	3	52	804	0	0	0	993	1005	995	989	1003	0	972	945	1032	1049	0	0	0	
9330.000000	1	3	46	778	0	0	0	974	1000	1012	978	994	0	956	940	1038	1050	0	0	0	
9340.000000	1	3	39	752	0	0	0	984	1001	1010	997	971	0	968	961	1022	1046	0	0	0	
9350.000000	1	3	35	730	0	0	0	959	1023	1030	987	973	0	979	976	1005	1017	0	0	0	
9360.000000	1	3	28	681	0	0	0	933	1020	1041	977	986	0	990	970	1023	1024	0	0	0	
9370.000000	1	3	25	629	0	0	0	966	1026	1044	971	967	0	996	979	998	1036	0	0	0	
9380.000000	1	3	25	594	0	0	0	965	1023	1033	973	955	0	969	985	1019	1020	0	0	0	
9390.000000	1	2	20	559	0	0	0	948	1003	1050	979	943	0	973	988	1027	1021	0	0	0	
9400.000000	1	2	20	518	0	0	0	967	1035	1079	1005	928	0	973	995	1007	1015	0	0	0	
9410.000000	1	2	19	480	0	0	0	959	1047	1080	999	939	0	983	1000	1010	1022	0	0	0	
9420.000000	1	2	19	447	0	0	0	964	1028	1086	994	943	0	990	1006	980	1012	0	0	0	
9430.000000	1	2	16	417	0	0	0	968	1028	1103	1022	949	0	971	1005	985	1011	0	0	0	
9440.000000	1	2	14	385	0	0	0	961	1019	1096	1023	944	0	986	1000	991	1004	0	0	0	
9450.000000	0	2	13	356	0	0	0	947	1011	1097	1034	965	0	987	1002	1013	1021	0	0	0	
9460.000000	0	2	12	326	0	0	0	939	1007	1082	1040	990	0	973	1011	1004	1015	0	0	0	
9470.000000	0	2	9	302	0	0	0	927	1001	1065	1033	993	0	971	993	1006	1006	0	0	0	
9480.000000	0	2	9	270	0	0	0	911	1031	1085	1019	996	0	960	976	994	993	0	0	0	
9490.000000	0	2	7	241	0	0	0	913	1032	1054	1037	1001	0	956	972	988	986	0	0	0	
9500.000000	0	2	7	219	0	0	0	907	1014	1053	1033	993	0	969	989	1010	964	0	0	0	
9510.000000	0	2	6	201	0	0	0	921	1032	1056	1002	1006	0	992	976	1045	964	0	0	0	
9520.000000	0	2	6	182	0	0	0	907	1018	1060	999	1030	0	979	960	1037	956	0	0	0	
9530.000000	0	2	7	172	0	0	0	934	1028	1046	985	1036	0	973	965	1030	960	0	0	0	
9540.000000	0	2	5	164	0	0	0	926	1016	1042	977	1047	0	976	973	995	970	0	0	0	
9550.000000	0	2	4	134	0	0	0	931	1013	1023	1010	1061	0	982	990	962	960	0	0	0	
9560.000000	0	2	5	116	0	0	0	954	1014	1023	1008	1058	0	979	978	993	975	0	0	0	
9570.000000	0	1	5	108	0	0	0	947	1018	1004	1021	1065	0	1001	969	999	1009	0	0	0	
9580.000000	0	1	5	96	0	0	0	981	1018	1001	1015	1059	0	1004	971	1014	1003	0	0	0	
9590.000000	1	1	5	88	0	0	0	995	1025	993	1024	1039	0	994	960	1018	1002	0	0	0	
9600.000000	2	1	6	83	0	0	0	992	1018	990	1005	1043	0	995	960	989	1004	0	0	0	
9610.000000	2	1	5	73	0	0	0	990	998	986	988	1042	0	1020	977	1007	1005	0	0	0	
9620.000000	7	2	5	66	0	0	0	981	1008	992	990	1050	0	1033	990	1000	1007	0	0	0	
9630.000000	9	5	6	61	0	0	0	983	1002	1002	998	1051	0	1014	994	1015	986	0	0	0	
9640.000000	15	9	8	60	0	0	0	989	998	1039	987	1047	0	1014	992	1004	986	0	0	0	
9650.000000	33	18	14	58	0	0	0	1006	1015	1013	1012	1071	0	1008	1014	1018	1011	0	0	0	
9660.000000	44	41	31	61	0	0	0	1002	1007	1016	1018	1063	0	1001	1005	1025	1004	0	0	0	
9670.000000	40	72	89	130	0	0	0	999	1028	1013	1014	1066	0	1023	993	994	999	0	0	0	
9680.000000	38	102	160	199	0	0	0	1009	1028	1005	1020	1066	0	1037	1010	971	992	0	0	0	
9690.000000	35	122	216	263	0	0	0	1016	1016	1017	1012	1044	0	1019	1012	967	988	0	0	0	
9700.000000	29	138	286	312	0	0	0	1028	1011	1032	1019	1006	0	1036	1027	953	986	0	0	0	
9710.000000	29	152	347	384	0	0	0	1041	1016	1038	1024	1006	0	1031	1003	964	1001	0	0	0	
9720.000000	25	152	403	427	0	0	0	1053	1025	1034	1021	1012	0	1021	1004	942	984	0	0	0	
9730.000000	25	161	426	461	0	0	0	1056	1035	1052	1016	1024	0	1017	1022	961	1001	0	0	0	
9740.000000	23	170	472	528	0	0	0	1053	1041	1031	1020	1010	0	1025	1019	963	989	0	0	0	
9750.000000	21	167	527	559	0	0	0	1043	1069	1043	1025	985	0	1033	1013	987	985	0	0	0	
9760.000000	19	168	576	600	0	0	0	1052	1082	1026	1030	979	0	1034	1015	996	982	0	0	0	
9770.000000	17	163	609	626	0	0	0	1047	1052	1030	1017	990	0	1070	1008	996	980	0	0	0	
9780.000000	15	164	641	644	0	0	0	1049	1061	1015	1047	976	0	1075	1001	1001	978	0	0	0	
9790.000000	14	154	670	676	0	0	0	1042	1070	1021	1043	971	0	1060	1008	1030	973	0	0	0	
9800.000000	12	141	671	715	0	0	0	1033	1061	1045	1050	973	0	1056	1016	1054	953	0	0	0	
9810.000000	11	135	702	724	0	0	0	1027	1050	1033	1054	990	0	1067	1024	1024	936	0	0	0	
9820.000000	9	126	738	750	0	0	0	1043	1029	1031	1070	986	0	1054	1005	1036	932	0	0	0	
9830.000000	7	110	738	768	0	0	0	1028	1047	1033	1049	987	0	1048	1006	1033	940	0	0	0	
9840.000000	7	104	726	806	0	0	0	1025	1053	1051	1041	977	0	1047	1006	1030	950	0	0	0	
9850.000000	6	98	711	832	0	0	0	1027	1064	1025	1023	970	0	1041	1033	1042	958	0	0	0	
9860.000000	6	89	734	821	0	0	0	1039	1048	1005	1002	972	0	1030	1039	1053	960	0	0	0	
9870.000000	6	84	731	858	0	0	0	1045	1057	993	994	964	0	1027	1042	1038	982	0	0	0	
9880.000000	6	83	734	886	0	0	0	1038	1057	999	978	970	0	1015	996	1047	1007	0	0	0	
9890.000000	5	79	717	887	0	0	0	1036	1073	1014	976	956	0	1017	1000	1040	1004	0	0	0	
9900.000000	4	72	709	907	0	0	0	1048	1067	1027	966	974	0	1019	982	1020	1003	0	0	0	
9910.000000	4	65	706	936	0	0	0	1054	1077	1028	991	969	0	997	996	1042	998	0	0	0	
9920.000000	3	59	747	949	0	0	0	1076	1089	1020	994	968	0	1005	1014	1028	987	0	0	0	
9930.000000	2	55	735	974	0	0	0	1053	1080	1011	1012	956	0	980	1011	1050	969	0	0	0	
9940.000000	2	50	726	963	0	0	0	1054	1069	1008	1005	951	0	966	1014	1052	974	0	0	0	
9950.000000	1	45	701	971	0	0	0	1070	1057	979	995	954	0	956	1018	1030	974	0	0	0	
9960.000000	1	38	675	965	0	0	0	1049	1038	973	988	959	0	966	1008	1017	971	0	0	0	
9970.000000	1	37	647	967	0	0	0	1044	1022	949	1014	979	0	983	1015	1022	980	0	0	0	
9980.000000	1	33	623	958	0	0	0	1057	1057	968	1008	982	0	1002	1011	1013	982	0	0	0	
9990.000000	1	32	571	955	0	0	0	1085	1081	955	994	968	0	1010	988	1014	970	0	0	0	
10000.000000	1	29	534	942	0	0	0	1086	1057	949	981	957	0	1004	969	995	961	0	0	0	
