0.000000	10	10	10	10	10	10	0	0	0	0	0	0	0	0	0	0	0	0	0	0	
0.000000	10	10	10	10	10	10	0	0	0	0	0	0	0	0	0	0	0	0	1	0	
10.000000	4	36	9	8	5	7	1	0	1	0	0	2	0	0	0	0	0	0	3	0	
20.000000	5	45	7	7	4	10	4	0	3	1	2	1	1	3	1	3	2	1	1	0	
30.000000	4	56	3	6	4	10	5	1	2	7	2	1	3	4	2	4	2	1	3	5	
40.000000	6	52	2	7	5	8	5	1	2	7	3	2	5	5	5	4	2	2	3	4	
50.000000	5	56	3	7	6	6	5	3	4	8	3	2	8	5	5	2	4	3	6	5	
60.000000	4	58	5	8	3	7	4	6	4	6	4	2	11	5	6	4	3	3	5	3	
70.000000	6	68	6	7	3	7	6	6	6	4	6	4	10	5	6	3	4	3	6	3	
80.000000	8	56	6	6	3	7	8	7	5	5	5	8	11	2	5	6	5	3	3	1	
90.000000	6	62	5	6	3	8	7	4	4	6	7	5	13	3	7	6	4	4	7	1	
100.000000	4	61	6	6	3	9	7	6	2	8	9	6	9	4	7	6	5	4	4	2	
110.000000	6	54	7	9	4	10	7	7	2	10	7	5	8	5	4	6	4	4	8	2	
120.000000	4	57	10	8	3	9	9	8	4	10	8	6	7	9	6	8	3	6	7	2	
130.000000	5	54	6	5	3	7	10	9	3	9	8	7	9	8	6	7	3	6	8	1	
140.000000	7	58	6	4	3	8	8	11	4	8	7	8	6	7	6	6	4	6	9	1	
150.000000	6	57	6	7	6	6	6	11	4	8	7	7	9	7	6	5	5	5	4	3	
160.000000	6	55	5	8	6	6	7	8	4	10	6	5	8	7	4	6	6	4	3	3	
170.000000	6	48	5	8	7	5	7	10	4	9	7	5	7	6	6	7	3	5	4	4	
180.000000	5	41	3	7	6	4	9	8	4	8	6	5	5	9	7	2	2	4	5	4	
190.000000	4	40	6	7	6	5	9	8	3	7	3	7	4	7	7	0	5	2	5	6	
200.000000	6	44	4	5	4	4	8	9	2	5	3	6	7	6	5	0	1	2	5	6	
210.000000	7	45	6	3	4	3	9	9	1	6	6	7	6	4	6	1	3	2	6	3	
220.000000	5	41	3	6	4	5	9	11	2	7	6	6	8	5	4	2	5	2	1	4	
230.000000	3	36	3	5	1	3	7	10	3	7	9	7	6	5	8	3	7	4	2	3	
240.000000	2	40	2	4	2	4	6	7	1	8	7	10	2	2	4	3	7	3	2	4	
250.000000	3	36	4	2	4	7	7	5	3	6	8	6	3	3	7	3	6	3	3	4	
260.000000	2	40	6	1	3	5	6	4	2	6	6	4	4	3	5	2	3	2	2	2	
270.000000	3	50	6	1	5	4	3	2	3	5	4	2	2	2	6	2	1	1	2	1	
280.000000	7	55	4	3	3	5	3	3	6	4	6	4	2	3	6	3	0	6	0	2	
290.000000	7	57	2	3	3	4	6	3	7	5	7	4	0	3	7	2	2	7	2	2	
300.000000	7	49	3	1	5	7	6	9	6	2	8	4	1	4	6	2	2	9	7	3	
310.000000	5	59	3	2	6	6	8	7	4	5	6	7	3	3	7	4	2	8	7	4	
320.000000	7	56	3	1	3	6	8	7	3	5	5	5	2	5	8	4	3	7	4	6	
330.000000	7	48	3	2	4	8	8	11	6	3	4	6	4	6	8	7	4	6	3	8	
340.000000	6	47	3	2	3	8	7	7	4	9	4	6	5	6	10	2	1	7	4	6	
350.000000	6	47	8	2	2	7	10	5	3	8	5	5	4	7	6	1	5	6	5	5	
360.000000	5	49	4	2	3	9	7	7	5	6	3	4	5	9	4	3	4	6	5	7	
370.000000	2	43	2	2	3	7	7	12	4	3	1	3	5	7	3	2	4	3	4	7	
380.000000	2	47	6	4	3	4	4	8	4	4	5	3	2	7	6	5	5	4	4	5	
390.000000	1	39	6	5	6	7	3	8	5	7	7	3	0	8	6	6	5	2	4	3	
400.000000	1	48	5	3	3	8	0	6	5	9	8	2	1	11	6	4	2	3	5	2	
410.000000	2	47	5	3	4	7	1	8	3	9	5	3	3	10	5	5	4	2	3	3	
420.000000	3	47	6	4	1	7	4	7	5	10	8	1	4	7	6	4	2	2	5	0	
430.000000	2	52	5	3	3	5	3	7	7	12	6	1	5	6	5	4	1	2	7	2	
440.000000	2	57	6	3	1	3	2	7	6	10	5	1	4	8	7	4	2	3	6	4	
450.000000	1	57	7	6	0	3	4	7	5	9	7	3	2	3	6	3	1	5	9	4	
460.000000	3	50	7	6	2	4	5	8	4	9	5	4	2	4	5	5	4	4	7	4	
470.000000	6	52	6	4	2	3	4	8	4	12	5	5	2	5	6	5	5	6	6	2	
480.000000	5	48	7	7	1	6	2	8	5	12	5	4	4	5	6	5	5	7	6	6	
490.000000	2	51	5	5	3	6	4	12	5	12	7	2	2	3	4	3	5	6	7	6	
500.000000	3	52	6	4	3	8	7	10	6	10	5	5	2	4	6	0	5	4	6	4	
510.000000	3	48	8	4	5	7	7	9	9	7	5	5	2	2	6	2	4	2	8	6	
520.000000	3	43	5	3	3	4	5	5	9	10	6	6	2	4	3	2	5	4	5	8	
530.000000	3	48	7	3	5	4	4	6	8	10	7	7	2	3	2	2	4	4	5	8	
540.000000	4	42	9	2	5	1	6	4	8	10	5	5	2	4	4	2	4	5	6	7	
550.000000	2	44	10	3	5	3	6	6	7	9	3	5	5	6	2	2	3	5	4	5	
560.000000	1	43	11	4	5	6	8	4	6	9	6	4	8	6	2	4	2	7	5	2	
570.000000	2	52	7	6	7	9	4	2	5	7	4	3	6	5	4	4	3	5	4	3	
580.000000	3	46	5	4	7	9	4	0	6	7	4	3	6	6	5	3	1	7	5	2	
590.000000	4	51	7	7	5	9	2	0	7	8	5	1	5	2	8	3	6	4	7	3	
600.000000	3	46	7	7	5	7	3	4	6	5	4	1	3	2	7	4	7	3	9	3	
610.000000	5	50	7	6	6	3	2	2	7	4	2	2	5	2	4	3	6	3	6	3	
620.000000	6	45	5	6	7	3	0	5	6	2	3	0	5	3	7	2	6	5	7	7	
630.000000	6	47	6	4	2	4	1	2	5	4	4	2	9	4	7	2	7	6	6	6	
640.000000	5	42	2	4	2	4	1	4	6	5	5	5	7	1	9	3	5	6	3	5	
650.000000	3	44	4	2	3	3	2	6	5	7	5	5	7	2	6	4	3	6	3	5	
660.000000	3	42	4	1	3	2	3	7	7	8	5	5	4	3	5	6	4	7	5	4	
670.000000	4	49	5	1	3	2	4	4	4	8	5	7	1	3	3	5	2	4	7	6	
680.000000	5	58	7	0	5	5	5	4	5	9	6	8	4	5	5	3	3	3	5	4	
690.000000	3	51	7	2	3	5	2	8	8	11	8	5	5	7	6	3	4	6	6	3	
700.000000	5	54	6	2	2	5	3	6	7	11	6	6	6	8	8	3	1	6	7	4	
710.000000	8	42	4	2	2	9	5	4	8	12	4	5	8	8	5	7	3	5	9	3	
720.000000	8	46	5	4	4	7	5	6	8	10	5	7	8	6	4	5	3	5	8	3	
730.000000	9	50	5	7	3	8	4	8	6	8	6	7	7	3	6	5	3	4	6	7	
740.000000	6	43	5	5	1	5	6	8	4	6	4	8	7	6	6	7	3	8	4	8	
750.000000	4	40	3	7	1	5	4	8	3	4	4	8	7	3	4	7	4	9	5	7	
760.000000	3	38	3	5	1	8	6	3	5	5	4	5	7	2	5	9	4	9	4	6	
770.000000	4	38	4	4	2	6	5	3	7	6	4	8	5	1	2	9	3	7	2	4	
780.000000	1	50	2	5	3	4	6	3	8	4	3	7	5	3	4	7	4	7	1	5	
790.000000	3	56	5	9	3	6	6	3	4	4	4	8	8	5	6	7	6	8	2	7	
800.000000	4	53	6	9	4	7	5	5	4	5	6	10	6	5	7	6	2	5	4	8	
810.000000	6	51	4	9	3	7	3	4	3	5	6	8	5	5	6	6	1	3	6	9	
820.000000	6	54	6	7	4	6	1	3	3	1	5	9	4	4	4	7	2	4	4	7	
830.000000	4	52	7	7	2	4	2	5	4	8	6	6	3	6	2	5	3	3	6	8	
840.000000	5	53	5	6	4	4	3	9	5	6	7	7	5	7	5	4	4	5	5	10	
850.000000	6	48	6	6	5	1	4	7	4	4	10	7	5	4	5	5	6	6	6	13	
860.000000	4	44	7	7	6	3	4	8	5	6	8	7	5	6	7	5	5	4	7	8	
870.000000	2	52	8	8	5	4	2	9	5	10	7	6	5	10	5	5	5	4	6	10	
880.000000	4	60	9	6	4	2	3	7	7	10	7	6	5	9	5	3	5	5	7	9	
890.000000	6	61	7	6	4	1	6	9	9	9	6	6	4	9	4	4	9	2	3	7	
900.000000	9	56	7	6	5	5	7	7	9	8	5	4	3	8	4	7	6	2	8	7	
910.000000	7	54	9	6	8	2	6	7	7	5	2	5	6	7	3	8	6	3	7	9	
920.000000	4	55	11	4	6	5	8	5	7	5	3	3	5	8	2	7	5	4	6	6	
930.000000	6	52	10	3	8	5	7	1	4	6	5	2	5	5	3	10	3	5	7	7	
940.000000	7	56	8	3	8	7	4	1	4	6	7	3	3	5	5	8	7	6	7	5	
950.000000	7	55	7	3	9	8	2	2	4	6	9	2	7	4	5	7	5	6	5	5	
960.000000	7	54	9	3	11	6	5	1	4	8	3	4	7	2	6	7	4	4	6	3	
970.000000	6	59	7	2	5	6	5	3	5	9	4	5	9	5	7	8	6	7	4	2	
980.000000	7	64	11	3	2	2	3	3	4	6	4	7	7	6	7	7	6	4	5	4	
990.000000	7	59	11	3	4	4	5	8	4	6	4	7	8	7	5	5	6	3	4	2	
1000.000000	6	62	8	4	3	4	7	8	6	9	5	7	9	4	7	5	5	5	6	2	
1010.000000	6	52	6	4	4	3	6	4	8	8	5	8	5	7	6	6	9	6	8	3	
1020.000000	5	46	8	5	3	1	5	5	8	10	7	8	6	7	6	4	8	8	9	2	
1030.000000	6	57	9	9	2	1	5	6	4	10	8	5	7	5	5	5	7	7	7	3	
1040.000000	6	50	8	6	4	1	4	8	4	10	9	3	9	7	6	4	7	6	8	5	
1050.000000	7	49	9	7	3	3	0	8	3	10	9	2	9	8	4	6	5	6	8	3	
1060.000000	8	42	11	8	3	4	0	7	3	9	9	1	6	7	3	4	2	6	9	4	
1070.000000	7	46	8	5	3	4	1	3	4	9	9	3	6	6	4	6	1	7	6	3	
1080.000000	6	50	5	4	4	4	0	6	4	5	7	2	7	5	3	2	4	3	6	5	
1090.000000	6	49	5	2	6	4	0	4	4	5	10	4	7	5	3	4	4	2	5	4	
1100.000000	7	44	2	2	5	3	0	3	4	6	4	5	11	3	6	5	3	2	5	4	
1110.000000	7	45	2	4	8	4	0	2	5	5	5	5	8	2	7	6	3	4	5	3	
1120.000000	7	47	4	4	10	4	0	1	6	3	5	5	9	2	5	7	4	3	5	5	
1130.000000	4	49	6	4	4	4	0	1	7	3	7	6	9	3	6	7	6	4	5	5	
1140.000000	9	54	5	5	3	6	1	1	8	2	3	6	6	3	6	5	7	2	5	7	
1150.000000	8	52	6	5	4	6	1	2	6	3	5	4	7	3	7	4	6	1	3	4	
1160.000000	6	53	6	5	6	7	4	5	4	3	5	6	6	7	7	7	6	4	4	6	
1170.000000	7	46	3	7	4	6	4	4	3	3	6	3	4	8	3	9	7	5	5	7	
1180.000000	5	52	1	4	2	9	5	4	8	3	7	3	5	7	4	8	5	7	3	6	
1190.000000	6	57	2	5	2	8	4	6	9	1	6	1	4	10	5	5	1	5	3	6	
1200.000000	4	59	2	6	3	5	4	5	9	3	2	3	4	6	5	8	4	6	2	4	
1210.000000	4	52	4	3	5	8	3	7	7	5	3	5	8	3	3	9	5	7	3	1	
1220.000000	7	58	5	2	5	7	3	5	7	4	3	4	10	5	3	7	4	8	3	1	
1230.000000	7	70	1	4	4	8	8	6	8	5	3	4	7	9	5	8	4	7	3	2	
1240.000000	6	74	1	1	5	7	10	3	8	5	4	6	6	7	6	5	3	7	3	5	
1250.000000	3	66	3	2	7	7	10	6	8	4	4	8	6	5	6	6	2	6	2	5	
1260.000000	6	65	4	4	6	5	9	6	5	5	6	9	5	5	6	5	6	6	4	8	
1270.000000	6	55	4	4	6	10	9	6	4	5	6	10	6	5	7	6	5	7	3	8	
1280.000000	6	60	4	7	8	8	11	7	3	6	6	10	4	6	8	6	4	8	5	7	
1290.000000	6	58	5	9	8	6	11	4	3	6	6	7	4	6	10	6	5	5	3	8	
1300.000000	5	57	7	9	8	5	11	5	6	8	8	7	6	6	7	3	8	7	4	10	
1310.000000	5	54	9	7	8	5	9	5	5	6	5	7	7	6	4	3	7	7	5	10	
1320.000000	2	50	8	4	8	5	8	4	4	5	6	6	7	6	1	5	5	6	7	8	
1330.000000	4	60	6	3	8	3	8	3	4	4	5	4	7	6	4	5	8	8	7	10	
1340.000000	4	59	7	5	7	2	7	6	4	5	6	3	5	9	6	4	5	8	12	9	
1350.000000	3	52	4	6	7	3	8	6	5	4	9	6	4	10	10	3	6	9	13	6	
1360.000000	3	51	2	5	9	5	8	5	6	4	5	5	5	11	10	2	5	7	8	8	
1370.000000	2	42	2	5	6	7	9	6	6	2	3	5	8	11	11	4	3	7	7	6	
1380.000000	5	43	1	5	6	9	7	5	8	3	3	9	7	9	7	7	3	8	7	2	
1390.000000	3	52	2	7	7	8	6	3	8	3	3	7	6	8	6	8	5	6	5	3	
1400.000000	6	55	1	3	7	10	7	7	6	3	6	6	3	7	7	7	4	4	5	4	
1410.000000	8	56	0	7	7	10	7	8	2	4	5	5	4	6	5	6	5	5	5	4	
1420.000000	8	58	2	6	7	9	7	10	1	6	9	3	7	6	3	7	5	2	2	4	
1430.000000	9	66	2	6	9	9	5	9	8	8	10	5	5	6	3	4	5	2	2	3	
1440.000000	9	63	3	2	10	10	4	7	7	8	11	7	7	5	3	6	4	4	3	5	
1450.000000	5	49	3	4	8	9	4	6	5	9	11	9	7	4	3	6	6	7	3	3	
1460.000000	5	56	4	3	7	8	5	4	5	7	10	8	7	6	7	6	5	6	4	3	
1470.000000	8	61	5	2	6	5	6	5	7	8	5	11	9	9	10	6	5	6	5	2	
1480.000000	8	62	5	2	8	4	6	3	5	8	3	8	8	3	7	5	7	6	7	3	
1490.000000	10	62	5	2	6	5	5	3	4	8	2	9	8	4	6	6	7	10	6	8	
1500.000000	8	57	7	5	8	6	4	3	6	9	4	7	8	7	9	3	7	8	3	6	
1510.000000	5	56	6	8	8	6	7	5	4	8	4	9	7	8	9	3	3	11	4	4	
1520.000000	4	58	5	7	7	8	7	4	1	7	6	8	4	8	7	5	3	9	2	4	
1530.000000	2	52	9	7	7	5	8	5	6	8	7	7	6	7	8	3	1	10	5	3	
1540.000000	2	55	7	5	4	3	6	4	5	5	6	5	7	7	7	1	3	7	4	0	
1550.000000	5	51	6	5	5	5	6	6	3	6	6	3	7	7	8	2	3	4	4	2	
1560.000000	4	50	6	2	5	5	6	5	5	5	5	2	5	7	6	2	5	6	4	6	
1570.000000	2	51	6	2	5	4	3	5	7	4	6	3	3	5	6	4	6	4	4	7	
1580.000000	3	53	9	3	6	4	4	2	8	3	7	2	4	4	5	4	8	3	2	6	
1590.000000	5	47	9	6	8	4	5	3	6	4	6	3	5	4	3	1	9	4	3	7	
1600.000000	5	53	8	7	5	3	8	3	7	6	7	5	8	5	4	1	10	6	2	4	
1610.000000	3	52	7	5	4	5	7	4	8	10	6	7	6	4	5	4	11	7	3	4	
1620.000000	5	55	8	5	2	4	6	3	7	9	5	7	7	4	2	3	8	7	3	9	
1630.000000	5	59	5	3	3	2	5	2	7	9	6	7	6	3	6	3	8	8	7	9	
1640.000000	4	51	3	4	3	3	5	1	7	8	5	5	4	5	4	4	5	5	6	5	
1650.000000	4	55	4	0	3	3	4	3	5	8	7	8	3	3	4	6	4	5	7	4	
1660.000000	5	59	4	1	4	2	6	4	6	7	9	7	3	3	3	7	3	4	8	3	
1670.000000	2	63	5	2	2	3	6	5	6	8	10	4	8	3	1	7	3	3	4	5	
1680.000000	3	50	3	4	3	3	6	5	6	6	9	6	6	4	1	7	4	5	1	3	
1690.000000	4	57	3	1	4	2	4	7	5	6	6	4	7	4	1	4	5	5	1	4	
1700.000000	5	57	3	2	3	0	7	7	8	7	6	5	6	5	1	2	3	5	3	4	
1710.000000	5	55	2	3	6	1	8	6	8	6	5	6	5	8	2	4	3	4	6	3	
1720.000000	6	60	2	5	6	1	7	8	8	4	6	6	5	10	4	6	5	4	7	3	
1730.000000	6	51	1	5	6	1	7	4	12	2	4	5	4	9	3	4	5	6	8	5	
1740.000000	10	54	4	6	7	3	5	3	11	2	3	5	7	12	5	5	4	3	8	5	
1750.000000	13	52	6	5	6	4	6	4	8	3	7	7	11	13	9	7	7	4	9	3	
1760.000000	11	55	5	5	8	3	4	6	9	3	5	6	8	11	4	6	6	3	8	3	
1770.000000	9	61	5	4	7	3	4	7	10	5	4	6	8	7	5	5	5	4	7	5	
1780.000000	6	63	5	2	7	3	4	11	5	6	4	7	6	6	6	6	8	4	8	3	
1790.000000	6	50	5	3	5	3	7	8	5	5	3	8	8	6	7	7	6	5	9	2	
1800.000000	6	55	7	3	4	4	7	9	2	5	4	10	7	7	8	5	6	3	7	0	
1810.000000	5	53	7	3	3	5	6	8	4	6	4	12	6	7	10	7	7	7	5	3	
1820.000000	6	52	6	5	6	4	6	1	6	4	5	11	4	6	6	5	5	7	6	3	
1830.000000	8	46	7	5	6	4	7	5	5	3	4	5	3	7	5	6	5	3	8	3	
1840.000000	8	48	4	6	5	3	4	6	4	3	6	3	5	6	4	7	2	2	8	3	
1850.000000	5	42	4	4	6	5	2	7	8	3	5	2	8	2	2	8	2	3	8	4	
1860.000000	6	44	3	5	4	6	3	7	5	3	5	1	7	3	5	4	2	1	7	6	
1870.000000	4	40	6	5	6	3	6	5	4	4	7	2	6	1	5	3	3	1	7	6	
1880.000000	4	45	6	3	8	5	8	5	2	3	10	1	4	1	2	5	3	1	10	7	
1890.000000	2	47	6	2	7	8	5	4	2	4	9	3	3	2	2	6	4	4	9	10	
1900.000000	3	46	5	3	7	10	5	4	3	3	8	3	5	2	2	4	4	5	7	7	
1910.000000	2	49	5	3	8	11	5	4	3	3	8	2	3	3	2	2	3	7	6	6	
1920.000000	2	53	7	3	5	10	7	3	3	3	10	2	5	1	3	6	4	6	6	7	
1930.000000	3	51	6	5	5	9	5	3	3	4	8	4	7	1	5	5	2	4	4	4	
1940.000000	10	46	6	10	4	8	4	2	4	6	7	5	8	2	3	7	1	3	6	3	
1950.000000	8	40	8	8	3	5	4	0	5	5	2	5	8	3	5	7	1	3	6	1	
1960.000000	8	45	7	7	4	2	3	1	2	4	2	7	8	2	4	6	0	3	6	0	
1970.000000	6	44	4	6	4	4	7	4	4	5	4	6	10	6	4	5	4	4	6	0	
1980.000000	6	44	4	4	6	5	6	6	6	3	5	3	8	7	0	4	5	4	5	0	
1990.000000	4	50	4	4	6	5	5	5	6	2	4	3	7	4	0	3	7	3	5	2	
2000.000000	3	49	4	3	5	4	5	5	4	4	6	5	6	6	2	3	9	2	6	4	
2010.000000	1	58	2	5	5	5	4	4	4	4	5	7	6	5	4	4	10	1	8	3	
2020.000000	2	61	2	4	3	4	4	8	8	7	3	9	5	6	4	2	10	4	8	2	
2030.000000	3	61	4	5	4	5	3	8	9	6	5	11	5	8	2	2	8	5	8	4	
2040.000000	5	49	2	6	7	6	5	4	10	5	4	7	5	7	3	3	7	5	9	7	
2050.000000	5	49	3	8	3	5	6	2	11	4	6	7	5	5	3	2	10	4	8	7	
2060.000000	3	43	4	7	2	3	5	2	7	4	4	4	4	6	3	3	7	2	7	6	
2070.000000	4	44	5	4	4	3	3	2	7	5	3	2	4	10	4	3	11	2	7	7	
2080.000000	8	47	6	2	3	3	5	6	5	6	6	1	4	9	5	5	6	3	6	7	
2090.000000	5	35	5	1	4	1	7	5	6	6	5	1	5	7	5	4	6	3	5	4	
2100.000000	5	41	2	2	6	2	5	6	7	3	3	1	7	6	6	5	2	3	4	4	
2110.000000	4	53	3	2	5	3	10	8	5	6	5	2	8	4	4	5	2	5	3	4	
2120.000000	5	47	5	1	5	6	9	7	4	5	5	5	11	3	4	5	3	4	4	2	
2130.000000	3	40	4	0	7	7	7	7	6	5	5	7	9	2	3	4	4	4	5	1	
2140.000000	2	39	3	2	8	6	6	6	5	6	6	5	7	0	3	5	5	1	5	3	
2150.000000	2	38	1	3	4	4	3	8	7	3	5	6	4	1	2	5	2	0	4	2	
2160.000000	1	34	1	5	2	5	1	9	6	4	4	5	1	3	2	6	2	1	3	2	
2170.000000	0	38	1	4	2	6	0	7	3	4	4	4	4	2	4	5	2	2	3	4	
2180.000000	1	41	3	3	2	5	1	10	2	4	3	4	3	2	2	5	4	3	6	3	
2190.000000	1	51	3	3	2	2	0	9	2	6	5	5	2	4	3	4	4	2	5	4	
2200.000000	2	54	4	3	2	2	2	10	3	5	7	3	2	4	2	5	3	3	4	3	
2210.000000	3	52	5	3	4	1	2	11	4	4	6	3	3	3	6	7	3	3	4	3	
2220.000000	3	52	5	4	4	3	3	8	5	6	5	4	5	3	5	5	4	4	5	6	
2230.000000	3	47	5	3	5	5	3	12	5	5	5	1	5	3	5	5	6	9	5	4	
2240.000000	2	41	6	5	4	4	4	11	5	5	7	1	5	2	4	5	6	8	6	4	
2250.000000	2	41	6	3	5	4	4	10	2	6	5	1	2	4	5	5	8	6	6	4	
2260.000000	2	36	4	4	6	6	3	7	3	5	4	1	3	7	9	3	5	11	3	2	
2270.000000	3	51	5	2	4	5	4	5	4	6	6	1	2	2	8	4	1	12	5	1	
2280.000000	5	54	5	3	6	4	5	6	4	4	10	1	8	3	6	7	3	13	6	4	
2290.000000	8	48	8	5	4	8	5	7	3	3	7	1	7	6	7	6	4	10	8	6	
2300.000000	6	52	5	6	2	3	7	4	3	3	3	4	8	4	4	5	3	10	10	4	
2310.000000	4	54	5	5	5	5	9	5	4	4	5	4	5	5	6	4	7	9	7	3	
2320.000000	3	51	2	7	6	4	10	6	10	4	4	3	7	3	7	4	3	6	5	3	
2330.000000	4	61	5	5	5	4	7	8	9	5	5	3	6	2	8	5	6	6	6	5	
2340.000000	5	52	4	6	5	3	7	4	8	6	3	3	5	4	4	8	2	9	7	6	
2350.000000	5	52	4	7	4	3	7	2	10	6	5	3	4	6	5	9	5	10	7	3	
2360.000000	9	55	7	7	4	4	8	4	6	8	6	4	4	6	3	6	4	6	7	8	
2370.000000	10	50	8	2	5	3	7	6	6	5	6	3	3	3	2	5	7	4	8	4	
2380.000000	11	48	8	3	6	4	5	7	5	5	6	4	1	2	4	5	2	4	10	2	
2390.000000	11	38	8	3	6	5	5	9	3	6	4	4	3	3	3	4	2	5	7	1	
2400.000000	7	39	4	2	6	5	5	6	3	5	6	3	3	2	5	5	2	8	7	0	
2410.000000	6	45	3	1	6	2	3	8	4	2	8	2	4	3	5	7	2	6	8	1	
2420.000000	5	43	5	1	6	4	5	7	4	3	7	3	4	4	3	2	6	5	5	2	
2430.000000	6	41	4	1	4	4	2	4	5	3	5	4	2	6	2	3	6	5	6	3	
2440.000000	5	55	5	3	4	3	0	3	5	1	7	2	1	4	3	2	2	5	3	4	
2450.000000	6	51	5	1	5	1	0	1	4	2	7	6	3	4	2	3	2	5	3	9	
2460.000000	2	58	5	2	4	4	3	4	3	2	8	4	3	4	1	4	5	5	2	6	
2470.000000	3	55	5	3	3	5	2	3	3	1	4	3	3	6	1	7	6	6	3	6	
2480.000000	3	41	5	3	5	7	1	0	6	3	2	5	4	8	2	4	7	4	4	6	
2490.000000	3	43	6	2	3	9	2	2	2	5	3	7	6	6	4	6	4	4	2	5	
2500.000000	3	38	4	2	3	6	4	2	4	3	4	3	5	6	5	4	5	2	3	2	
2510.000000	1	34	3	1	2	3	5	1	5	1	4	3	5	3	4	2	5	2	3	3	
2520.000000	1	31	2	2	2	3	4	4	2	3	3	4	3	2	3	3	5	0	5	3	
2530.000000	0	40	2	1	0	2	4	5	3	4	1	5	3	1	2	5	5	1	3	3	
2540.000000	0	40	4	1	2	0	3	4	7	3	2	7	4	2	4	6	5	1	4	3	
2550.000000	0	45	3	1	4	0	3	6	2	3	2	8	4	2	2	5	6	2	1	3	
2560.000000	1	48	2	2	7	0	5	3	3	1	4	6	4	4	3	9	9	5	2	1	
2570.000000	2	54	4	2	7	1	8	6	2	1	4	4	5	5	5	10	5	5	8	2	
2580.000000	4	63	3	1	9	2	6	6	4	3	3	5	8	4	9	8	2	5	11	5	
2590.000000	8	69	3	3	7	2	2	6	4	3	3	5	8	4	9	9	1	4	12	5	
2600.000000	12	66	5	3	5	2	4	7	4	3	3	4	12	4	7	10	6	7	13	6	
2610.000000	10	70	5	4	3	3	5	6	4	2	7	5	9	3	8	8	5	6	12	6	
2620.000000	11	64	6	3	3	5	4	10	4	6	6	7	8	3	9	6	6	7	6	2	
2630.000000	12	58	5	3	4	8	4	8	6	8	5	10	8	4	8	7	5	9	8	1	
2640.000000	9	51	9	3	5	3	6	4	5	5	4	11	10	7	6	8	7	10	9	1	
2650.000000	5	51	9	3	7	3	9	3	4	5	6	8	8	8	6	5	6	9	10	2	
2660.000000	5	47	9	3	4	3	8	6	3	3	7	3	8	4	6	7	11	6	9	3	
2670.000000	3	51	8	5	4	5	8	6	6	0	6	3	10	3	7	8	12	7	6	3	
2680.000000	6	47	6	6	5	8	4	6	4	0	7	4	6	3	6	5	12	5	4	4	
2690.000000	6	46	4	5	3	8	4	6	3	2	6	1	7	4	7	5	14	5	4	7	
2700.000000	7	47	3	4	4	8	5	5	5	1	5	3	7	2	6	4	8	4	4	6	
2710.000000	5	46	2	5	8	6	4	6	6	2	5	4	4	2	7	7	6	3	3	5	
2720.000000	8	49	3	5	6	6	2	6	5	5	4	2	5	2	5	7	8	3	4	5	
2730.000000	5	55	3	6	3	9	6	9	8	7	4	2	7	3	5	5	5	2	3	2	
2740.000000	4	58	4	3	3	8	1	6	7	9	6	3	6	1	10	5	5	3	3	5	
2750.000000	5	53	8	2	1	9	4	2	7	5	6	5	3	2	8	6	4	7	4	5	
2760.000000	3	44	9	1	2	9	5	2	5	5	6	7	4	4	11	4	4	8	3	5	
2770.000000	3	53	8	2	0	5	4	2	5	2	8	5	3	6	9	5	5	8	3	5	
2780.000000	10	55	7	6	3	3	4	2	5	2	7	4	3	7	6	2	8	8	3	6	
2790.000000	6	51	7	4	2	4	4	1	3	3	8	5	3	4	4	3	5	3	3	3	
2800.000000	6	49	6	7	3	3	6	3	2	4	7	2	2	4	5	3	6	4	4	7	
2810.000000	4	50	7	3	4	2	6	4	3	3	6	5	4	4	7	2	5	7	4	7	
2820.000000	4	46	4	3	5	5	7	2	0	4	6	6	5	4	6	2	3	4	8	6	
2830.000000	3	47	7	5	5	3	6	7	1	5	7	5	7	5	4	4	3	2	5	4	
2840.000000	2	46	8	5	4	2	7	7	1	5	6	6	7	4	3	5	4	3	6	3	
2850.000000	3	42	9	4	7	0	9	5	1	6	5	4	7	3	2	5	6	5	5	3	
2860.000000	2	43	6	3	4	1	5	6	1	5	8	5	8	4	3	6	5	4	6	3	
2870.000000	1	43	5	3	3	3	6	6	0	2	7	3	6	4	2	5	7	3	6	3	
2880.000000	1	43	7	3	2	3	4	6	1	2	5	3	4	5	2	5	7	6	5	6	
2890.000000	1	44	6	6	2	4	6	5	4	4	4	3	4	3	5	6	5	4	8	8	
2900.000000	1	44	4	6	2	4	3	5	5	6	2	4	3	6	6	8	6	6	7	8	
2910.000000	0	46	5	4	1	5	5	8	8	5	3	4	4	4	5	7	6	5	4	5	
2920.000000	2	63	3	5	4	3	5	7	8	4	5	4	5	3	2	5	4	5	3	5	
2930.000000	3	66	4	5	4	3	4	8	6	4	8	7	5	3	7	10	6	5	4	5	
2940.000000	4	67	4	4	9	4	8	9	5	4	6	7	8	6	8	8	6	5	4	2	
2950.000000	5	75	5	4	9	5	8	8	7	4	9	5	9	6	7	8	3	6	4	4	
2960.000000	5	63	4	3	7	5	9	11	6	2	9	5	12	6	7	9	3	7	6	4	
2970.000000	5	54	5	6	7	6	7	14	5	4	8	5	9	5	5	9	3	8	7	3	
2980.000000	6	55	5	9	6	5	4	9	4	4	8	4	9	6	5	8	3	8	5	4	
2990.000000	7	52	5	6	4	8	5	9	6	5	6	6	9	7	4	7	3	9	6	4	
3000.000000	5	49	4	8	6	10	3	7	6	7	7	4	9	7	7	6	3	7	6	4	
3010.000000	8	58	4	7	9	7	3	6	7	6	5	2	6	6	8	9	1	4	6	3	
3020.000000	8	59	3	8	8	5	4	5	6	4	7	3	5	7	8	9	1	5	4	3	
3030.000000	5	60	4	8	5	4	7	6	6	8	8	4	5	9	7	9	3	5	9	2	
3040.000000	9	54	6	6	6	4	5	6	5	7	10	3	3	7	7	9	2	5	6	2	
3050.000000	9	49	9	8	6	5	3	5	6	8	8	4	5	7	5	8	4	3	7	2	
3060.000000	7	42	9	9	4	6	2	4	5	4	9	3	7	9	5	8	7	3	3	4	
3070.000000	9	44	8	10	2	2	3	2	6	2	5	3	5	7	7	7	6	4	1	4	
3080.000000	8	39	9	11	3	3	2	3	4	5	4	5	6	9	8	8	6	5	2	5	
3090.000000	6	46	9	9	3	2	2	3	3	4	2	7	5	9	8	5	2	6	2	5	
3100.000000	4	37	6	9	3	4	6	2	2	6	2	3	3	6	6	4	4	6	2	4	
3110.000000	4	44	6	9	4	3	5	3	3	5	3	1	3	6	7	5	6	6	3	4	
3120.000000	2	44	9	8	6	1	4	2	4	6	1	0	5	5	3	3	7	5	2	4	
3130.000000	3	55	7	7	4	2	3	2	6	6	5	1	6	6	4	4	5	3	5	5	
3140.000000	4	60	7	3	4	8	6	4	5	8	7	2	5	6	4	4	5	4	7	4	
3150.000000	2	58	7	4	4	6	5	5	3	11	7	1	6	6	4	8	6	6	7	5	
3160.000000	3	58	5	4	5	7	5	5	3	8	7	3	6	9	4	9	6	6	5	5	
3170.000000	2	58	5	3	7	8	3	7	4	5	8	5	6	6	8	7	3	7	4	6	
3180.000000	3	55	6	3	5	6	3	8	4	7	5	3	4	5	9	7	3	5	5	5	
3190.000000	2	55	3	3	5	5	2	5	2	5	4	1	2	5	8	7	2	5	4	5	
3200.000000	2	57	4	5	4	7	2	5	2	4	7	2	2	3	6	6	3	8	5	5	
3210.000000	3	52	5	4	3	6	4	5	4	3	6	4	1	5	2	3	5	6	4	5	
3220.000000	4	56	7	5	2	5	5	6	5	3	6	6	3	6	3	5	6	6	3	4	
3230.000000	2	62	7	5	3	6	5	6	5	3	4	4	2	5	5	3	6	4	6	5	
3240.000000	3	60	7	5	4	5	5	9	5	1	4	5	6	9	6	7	7	6	8	6	
3250.000000	4	56	7	5	3	5	7	9	4	3	4	4	7	7	5	4	5	4	6	3	
3260.000000	3	55	5	4	3	8	7	11	4	2	3	3	5	6	5	6	3	6	7	3	
3270.000000	4	56	8	3	2	8	6	11	7	2	2	3	5	6	5	6	4	8	6	3	
3280.000000	4	61	7	2	3	6	6	11	5	2	7	2	4	6	9	7	4	6	8	1	
3290.000000	5	53	5	3	4	6	4	10	6	3	6	0	5	6	5	5	7	5	8	2	
3300.000000	4	51	4	4	7	6	3	8	5	3	7	1	6	7	10	4	4	7	9	2	
3310.000000	6	55	3	5	7	4	2	4	6	5	5	2	5	8	10	3	4	7	12	1	
3320.000000	6	59	2	6	7	6	3	7	10	8	5	4	5	6	9	4	5	7	10	2	
3330.000000	9	52	2	3	7	8	4	7	7	4	3	2	6	7	8	4	3	8	7	2	
3340.000000	8	45	2	4	6	5	4	11	5	5	4	3	9	6	7	3	0	8	6	4	
3350.000000	6	50	2	5	5	5	7	9	5	3	4	5	11	4	9	3	4	7	4	4	
3360.000000	4	43	5	3	5	5	7	6	6	5	7	4	9	5	9	5	4	7	5	5	
3370.000000	3	43	6	2	3	9	8	8	6	6	5	2	7	3	6	4	2	7	6	3	
3380.000000	3	40	4	1	4	6	7	8	5	5	7	4	5	3	6	3	2	7	7	4	
3390.000000	4	40	5	1	3	6	6	4	6	3	5	3	2	3	6	2	1	8	4	6	
3400.000000	7	40	5	3	4	9	4	3	6	8	4	2	2	2	3	2	1	8	3	12	
3410.000000	4	42	8	3	5	6	3	3	3	2	4	2	5	7	4	3	1	5	2	8	
3420.000000	4	46	3	4	6	7	6	6	5	1	3	2	3	7	4	5	1	3	8	7	
3430.000000	4	45	3	5	6	7	3	6	6	3	2	5	6	5	4	3	1	6	6	7	
3440.000000	6	51	4	6	3	6	2	1	6	7	2	4	8	4	5	4	2	9	4	5	
3450.000000	8	53	3	5	3	8	1	3	7	7	4	6	8	6	4	5	3	8	3	4	
3460.000000	8	50	3	4	2	7	3	3	3	8	6	6	8	4	4	7	2	8	3	5	
3470.000000	8	55	3	3	3	4	6	3	4	6	4	5	7	5	5	6	2	6	3	6	
3480.000000	6	47	2	4	5	4	8	3	3	6	4	6	5	7	4	8	5	8	3	5	
3490.000000	4	54	2	3	7	7	6	3	4	6	5	7	5	6	7	7	4	6	2	6	
3500.000000	3	59	5	6	6	6	5	4	5	5	3	7	6	6	8	9	5	6	4	6	
3510.000000	4	61	5	6	4	4	6	2	6	7	6	6	6	4	6	7	3	8	3	8	
3520.000000	5	53	4	8	6	4	7	4	9	10	8	7	3	4	8	3	3	4	4	8	
3530.000000	6	52	8	6	5	4	6	5	9	9	6	7	5	5	7	1	3	4	4	7	
3540.000000	4	43	7	7	5	5	5	4	6	7	5	10	3	7	7	2	5	3	7	6	
3550.000000	4	44	6	4	2	3	5	4	8	4	5	6	4	9	5	4	5	5	5	6	
3560.000000	3	47	6	3	3	2	4	4	7	4	6	7	5	5	4	5	5	4	5	7	
3570.000000	3	38	7	3	3	3	2	3	5	2	4	6	4	4	3	2	3	5	5	6	
3580.000000	2	39	6	3	2	3	3	4	6	3	6	6	3	4	2	4	2	3	6	6	
3590.000000	1	46	8	3	0	5	6	6	4	4	7	4	3	3	2	7	7	5	4	2	
3600.000000	1	52	7	0	2	3	6	3	5	2	4	4	4	6	2	9	4	4	4	4	
3610.000000	2	57	6	0	2	1	7	4	4	3	5	6	5	5	3	9	6	3	3	3	
3620.000000	2	55	3	3	2	4	4	8	4	6	5	4	6	7	3	6	5	2	4	6	
3630.000000	1	52	1	3	3	7	1	9	6	5	4	5	6	6	6	5	4	3	3	5	
3640.000000	2	55	2	2	7	7	2	8	5	4	1	4	5	6	8	6	3	4	5	5	
3650.000000	2	53	3	4	5	8	3	4	5	5	4	7	5	2	7	4	3	4	6	6	
3660.000000	2	46	4	4	0	6	5	4	7	3	5	8	5	2	9	2	4	4	4	5	
3670.000000	1	50	3	5	3	4	6	5	8	2	4	12	7	2	8	2	4	4	7	5	
3680.000000	1	52	3	6	5	2	10	6	13	2	3	9	9	2	7	2	3	3	4	5	
3690.000000	2	57	2	8	10	5	8	7	11	7	5	9	10	2	1	1	4	3	8	6	
3700.000000	6	59	3	6	7	6	8	10	12	8	6	11	10	3	1	3	6	3	6	5	
3710.000000	7	45	3	3	7	5	8	8	10	11	5	9	8	4	2	2	6	4	7	3	
3720.000000	7	43	1	2	6	4	9	5	10	12	3	9	8	4	2	2	4	3	8	5	
3730.000000	5	41	3	2	3	7	8	4	6	11	4	10	5	4	2	4	4	3	5	5	
3740.000000	1	48	2	2	3	7	7	5	5	8	5	8	9	7	1	3	6	3	5	5	
3750.000000	1	46	3	2	6	7	4	3	4	7	6	5	5	8	2	4	5	3	5	6	
3760.000000	0	48	4	2	5	6	4	5	8	2	2	4	5	9	0	6	3	4	5	7	
3770.000000	2	51	5	4	6	8	4	7	7	5	3	3	6	7	2	5	5	5	5	7	
3780.000000	3	48	6	3	6	7	4	5	8	3	3	4	3	6	2	6	5	5	7	5	
3790.000000	6	53	4	4	6	4	6	4	5	4	3	3	4	5	0	5	3	4	6	4	
3800.000000	5	44	4	2	5	6	4	2	6	5	5	4	4	7	1	5	3	3	4	2	
3810.000000	6	43	2	3	7	10	2	2	4	4	3	2	2	6	2	4	5	0	4	3	
3820.000000	4	49	5	5	6	9	0	3	6	6	2	7	2	6	4	5	4	0	3	5	
3830.000000	6	45	5	3	8	8	1	4	3	6	3	4	3	6	4	5	4	4	3	1	
3840.000000	4	45	6	3	6	4	0	4	2	4	3	3	4	5	3	8	3	3	4	3	
3850.000000	4	50	8	3	6	2	1	2	2	6	3	2	5	6	3	12	4	4	5	5	
3860.000000	5	49	10	4	4	2	1	2	1	9	4	8	4	6	5	9	4	3	3	2	
3870.000000	6	38	10	4	3	3	3	3	3	9	5	7	3	8	6	7	8	7	4	3	
3880.000000	4	46	5	4	2	4	5	5	6	7	3	9	4	6	5	8	7	8	4	1	
3890.000000	4	55	5	4	2	7	4	4	8	6	1	10	5	6	4	8	4	7	3	3	
3900.000000	5	46	3	4	3	7	4	6	7	7	1	5	6	5	6	10	4	5	5	2	
3910.000000	4	48	3	3	3	2	3	6	7	6	4	5	5	7	7	8	4	3	5	1	
3920.000000	8	54	4	3	3	2	3	7	5	5	2	4	5	7	4	5	8	1	6	2	
3930.000000	8	48	5	4	6	2	6	8	3	4	2	5	3	6	2	6	8	2	6	1	
3940.000000	7	50	3	6	3	1	4	8	1	4	2	4	2	9	1	6	5	3	7	2	
3950.000000	4	52	3	8	4	1	5	8	0	4	3	4	4	6	2	7	9	3	7	3	
3960.000000	4	60	1	5	6	2	4	6	2	2	3	5	3	9	1	6	8	2	8	1	
3970.000000	9	54	3	3	8	2	5	7	3	2	5	7	2	7	5	8	7	6	9	4	
3980.000000	9	55	2	3	7	2	4	6	1	3	5	7	6	5	6	7	7	6	9	3	
3990.000000	10	47	1	4	8	3	7	5	3	3	3	6	6	4	4	7	5	5	6	3	
4000.000000	10	50	4	8	8	2	6	6	4	3	2	5	6	5	2	7	3	5	7	4	
4010.000000	11	47	2	5	9	1	5	6	5	3	4	3	7	3	3	7	4	6	6	6	
4020.000000	9	45	3	4	9	4	7	4	3	6	2	6	7	4	3	7	4	7	4	6	
4030.000000	11	47	1	7	10	7	4	4	4	8	3	5	8	3	4	7	4	6	6	4	
4040.000000	8	51	3	4	9	9	4	4	8	4	4	6	4	3	3	7	4	6	2	5	
4050.000000	6	44	4	3	8	10	8	4	6	5	3	6	4	3	2	8	5	5	1	5	
4060.000000	2	38	4	6	6	6	7	2	8	4	0	8	3	3	3	9	3	6	0	5	
4070.000000	0	35	5	6	5	4	3	3	6	5	1	8	2	3	3	10	3	5	3	3	
4080.000000	0	39	5	5	8	2	2	4	5	5	2	5	3	5	2	10	5	6	7	3	
4090.000000	1	38	5	6	8	1	3	5	5	5	3	3	3	5	3	9	4	3	3	3	
4100.000000	1	35	5	6	5	1	4	4	2	3	4	4	3	6	3	6	4	3	3	4	
4110.000000	0	48	4	5	3	2	3	1	2	3	2	5	2	6	6	8	5	2	5	5	
4120.000000	2	47	2	7	3	3	2	1	1	4	3	6	2	6	3	8	3	2	5	5	
4130.000000	1	48	3	9	4	3	3	5	2	2	4	4	1	8	3	8	1	5	5	4	
4140.000000	2	53	3	5	4	4	1	3	7	4	6	6	3	6	4	6	1	5	5	4	
4150.000000	5	46	4	4	5	4	3	2	4	5	8	6	3	5	4	4	1	4	3	4	
4160.000000	4	44	5	4	5	5	2	2	5	4	9	10	4	6	3	6	1	2	2	4	
4170.000000	4	46	5	4	4	7	4	2	5	4	6	9	5	6	5	4	3	2	3	6	
4180.000000	3	46	3	1	6	8	4	0	5	4	4	5	8	5	6	8	3	3	6	7	
4190.000000	3	46	3	1	5	3	5	1	3	4	7	5	6	3	7	9	3	5	5	9	
4200.000000	6	65	4	2	4	3	5	2	4	2	10	5	4	4	9	9	3	5	5	8	
4210.000000	8	61	4	1	2	4	3	4	4	2	11	8	6	6	9	7	3	7	6	7	
4220.000000	7	58	3	0	2	3	7	2	4	2	9	7	6	5	8	10	6	7	7	8	
4230.000000	8	49	6	1	0	3	6	5	2	4	7	6	7	7	4	8	5	8	4	4	
4240.000000	6	41	9	0	1	1	7	6	1	4	5	4	9	3	6	7	5	6	4	3	
4250.000000	6	44	8	3	4	1	4	6	2	7	3	4	9	3	5	5	6	4	4	5	
4260.000000	12	60	6	2	4	3	6	4	3	2	2	5	2	4	4	6	7	4	5	5	
4270.000000	7	56	6	2	4	3	5	6	2	2	4	5	4	3	3	6	5	7	7	5	
4280.000000	6	55	6	4	4	4	6	8	2	5	3	6	3	3	3	5	4	10	8	5	
4290.000000	9	54	8	5	3	5	5	7	3	3	3	6	3	4	5	3	3	8	10	7	
4300.000000	6	51	5	6	3	7	9	8	2	4	4	8	3	3	5	2	4	7	10	7	
4310.000000	5	57	8	5	1	7	5	6	1	3	3	5	2	2	4	3	4	6	5	5	
4320.000000	6	62	8	5	2	7	4	7	2	4	3	4	3	0	4	4	5	7	7	7	
4330.000000	6	65	5	5	5	9	6	9	6	4	4	4	4	2	4	5	6	5	8	7	
4340.000000	6	60	4	7	6	8	5	8	6	3	4	4	3	3	4	7	7	5	8	6	
4350.000000	5	45	7	5	6	7	6	9	5	5	6	4	3	5	5	7	7	3	9	6	
4360.000000	4	47	4	4	5	7	4	7	5	5	7	3	3	6	8	7	6	5	9	6	
4370.000000	7	44	8	5	4	6	7	8	6	6	7	2	2	6	6	7	8	3	9	6	
4380.000000	6	38	7	6	3	3	6	6	5	2	4	3	2	6	6	5	5	6	9	7	
4390.000000	5	54	4	3	6	2	6	5	4	4	2	5	3	3	5	1	6	5	9	7	
4400.000000	8	58	3	2	5	2	8	5	2	4	1	7	2	7	5	1	7	5	10	7	
4410.000000	10	48	4	2	6	2	6	3	4	6	4	7	2	7	10	1	7	8	9	9	
4420.000000	9	54	3	2	6	2	6	4	6	6	4	3	2	7	4	0	4	8	8	9	
4430.000000	10	54	3	1	7	2	5	8	5	6	3	3	3	4	4	1	3	6	12	8	
4440.000000	10	51	4	3	5	2	5	8	4	6	5	4	3	3	7	1	4	6	12	8	
4450.000000	10	50	5	4	7	4	7	7	5	8	3	4	4	4	10	1	4	9	12	9	
4460.000000	7	57	6	4	5	5	8	8	5	6	5	5	6	5	8	4	5	9	11	7	
4470.000000	5	58	7	2	4	5	9	8	5	6	3	4	5	4	10	5	5	11	9	6	
4480.000000	8	49	8	4	5	4	8	3	6	7	4	4	5	5	8	6	7	8	6	6	
4490.000000	6	60	10	5	7	4	6	7	7	4	4	5	4	6	9	6	5	8	5	6	
4500.000000	5	57	9	5	6	3	7	6	11	3	3	5	5	8	8	5	4	8	3	8	
4510.000000	6	55	10	6	3	4	10	10	10	5	5	7	3	7	6	5	2	7	3	7	
4520.000000	7	53	6	6	2	4	6	8	8	6	8	8	4	6	6	6	2	5	1	7	
4530.000000	9	63	8	7	2	2	5	6	8	4	8	7	5	5	6	6	5	5	0	6	
4540.000000	10	66	5	6	3	2	4	7	9	5	10	7	7	4	5	5	8	4	1	10	
4550.000000	11	67	4	7	2	2	8	8	4	4	9	6	9	4	5	6	6	7	0	10	
4560.000000	11	53	3	2	5	3	7	5	3	5	9	5	5	4	9	6	5	9	2	8	
4570.000000	10	54	3	3	7	3	9	6	7	4	8	6	4	3	13	4	5	6	3	8	
4580.000000	8	56	6	5	8	5	5	5	6	4	10	6	5	4	12	3	4	3	4	8	
4590.000000	7	60	5	4	6	7	6	7	6	3	11	5	2	4	9	2	5	2	3	10	
4600.000000	11	59	6	3	5	6	5	5	6	4	9	7	2	3	4	2	9	3	4	10	
4610.000000	7	53	8	5	7	8	6	7	3	3	9	3	2	5	5	1	7	3	4	8	
4620.000000	10	52	8	3	6	8	7	5	1	5	10	6	3	6	5	2	8	3	6	6	
4630.000000	9	53	4	4	9	6	9	3	3	3	8	8	4	5	5	4	8	3	6	3	
4640.000000	7	52	5	3	9	7	7	5	0	1	7	8	5	3	6	6	9	1	7	4	
4650.000000	9	54	6	5	5	9	6	5	1	2	10	7	7	5	10	6	8	3	6	6	
4660.000000	9	50	4	7	6	8	6	5	1	5	12	7	8	5	8	6	6	3	5	8	
4670.000000	7	48	4	6	10	7	4	5	0	4	8	5	4	4	6	5	3	3	5	7	
4680.000000	4	48	4	6	7	7	3	3	1	3	8	4	2	3	4	8	3	5	6	7	
4690.000000	3	46	7	9	4	5	5	3	3	2	8	4	7	3	4	6	3	6	5	4	
4700.000000	2	45	9	3	2	4	4	4	5	3	12	4	7	3	4	6	3	8	6	4	
4710.000000	3	45	3	4	2	4	2	7	2	3	8	5	8	2	3	5	5	5	5	7	
4720.000000	4	45	5	2	4	3	1	3	6	3	6	7	5	4	3	7	4	3	3	9	
4730.000000	3	36	5	3	2	2	3	5	6	2	4	7	3	4	2	6	6	2	8	9	
4740.000000	2	54	6	3	1	4	1	5	4	4	7	7	3	7	3	7	4	5	8	9	
4750.000000	3	55	7	3	3	3	1	3	5	4	9	8	4	5	4	6	2	5	7	5	
4760.000000	5	47	8	2	5	3	2	5	4	3	7	7	3	5	6	6	3	8	7	3	
4770.000000	3	46	10	2	6	2	3	4	4	3	5	7	5	5	5	6	5	6	6	3	
4780.000000	4	47	8	1	6	3	5	3	4	2	4	7	6	6	6	8	3	4	6	6	
4790.000000	6	46	9	2	7	1	1	4	5	6	4	7	9	7	5	7	5	6	5	5	
4800.000000	5	49	8	4	5	3	2	4	5	6	4	7	9	5	6	6	4	8	5	3	
4810.000000	5	50	6	4	5	5	1	2	5	7	6	5	7	4	4	6	4	6	4	4	
4820.000000	4	48	5	3	5	5	5	4	3	5	6	5	4	5	2	5	4	7	4	3	
4830.000000	5	43	5	3	7	5	4	3	3	4	8	4	4	2	2	7	5	7	6	2	
4840.000000	4	48	5	6	6	2	4	2	2	6	7	6	3	3	4	3	3	8	8	2	
4850.000000	3	48	2	4	5	2	5	1	3	6	8	4	4	3	2	2	4	4	4	2	
4860.000000	2	43	3	6	6	1	6	0	3	8	6	1	3	3	2	0	5	4	3	4	
4870.000000	2	38	2	7	6	4	7	2	3	5	6	2	4	2	1	0	6	3	3	4	
4880.000000	2	47	2	3	7	2	6	0	4	5	6	1	7	3	1	0	6	4	3	7	
4890.000000	3	56	4	3	5	4	8	0	4	5	6	5	5	6	2	1	6	7	6	5	
4900.000000	2	53	6	3	2	3	8	0	3	4	4	5	5	6	3	4	4	4	7	6	
4910.000000	3	51	4	1	3	3	6	3	3	4	4	4	8	8	2	4	4	3	5	4	
4920.000000	5	54	5	3	2	3	5	1	3	3	7	6	6	6	3	5	7	5	4	2	
4930.000000	1	55	4	3	1	3	4	1	3	5	7	8	7	3	3	3	8	8	6	4	
4940.000000	2	40	3	3	3	6	6	2	3	7	5	6	7	5	3	5	7	7	8	3	
4950.000000	2	45	3	3	3	7	5	3	2	6	5	4	5	4	2	5	5	5	7	4	
4960.000000	2	47	3	4	3	6	6	5	1	4	3	6	8	5	2	6	6	4	6	4	
4970.000000	0	52	2	3	4	8	5	4	2	3	3	4	7	7	4	5	6	4	8	4	
4980.000000	2	48	2	4	3	9	4	4	1	6	4	6	5	5	4	3	3	4	5	5	
4990.000000	4	47	2	4	2	5	3	6	2	7	5	6	6	5	1	3	3	7	2	4	
5000.000000	6	63	2	3	6	6	4	5	2	7	3	6	7	5	2	5	4	5	3	4	
5010.000000	9	66	4	3	7	8	6	4	3	7	6	7	7	7	3	4	4	3	6	6	
5020.000000	11	61	3	2	8	6	7	4	4	6	6	10	8	10	5	7	2	4	9	4	
5030.000000	11	62	4	1	5	5	6	4	3	6	4	8	7	8	5	7	2	6	11	3	
5040.000000	9	59	5	2	6	7	5	4	1	8	4	8	4	5	5	6	1	7	11	4	
5050.000000	10	59	7	3	8	7	5	2	2	8	4	6	6	5	5	3	1	6	11	6	
5060.000000	10	53	5	5	3	8	6	2	1	7	5	5	6	3	4	1	1	11	11	6	
5070.000000	8	52	6	5	2	8	4	4	2	6	4	3	8	6	3	1	1	12	6	4	
5080.000000	6	47	6	5	2	6	4	3	3	8	5	3	8	3	3	2	2	12	5	4	
5090.000000	4	43	3	3	4	7	5	3	2	5	2	3	7	3	2	2	4	10	5	4	
5100.000000	6	45	2	4	2	7	2	0	6	8	4	3	6	3	2	4	4	9	5	3	
5110.000000	5	55	3	5	5	5	5	0	9	6	5	4	5	6	1	5	8	6	7	3	
5120.000000	6	48	3	4	6	6	7	1	10	6	6	3	5	5	1	6	10	5	5	1	
5130.000000	7	54	4	3	5	7	9	1	8	9	4	4	6	8	3	4	11	5	6	2	
5140.000000	4	49	5	3	6	8	8	4	6	10	5	5	3	7	3	6	10	9	6	5	
5150.000000	6	58	4	4	7	11	5	3	4	8	4	6	5	6	4	9	12	7	3	6	
5160.000000	9	55	3	4	9	9	5	4	3	6	2	5	4	4	4	6	9	7	3	4	
5170.000000	9	47	4	4	6	7	4	1	5	4	3	7	2	5	2	6	8	9	4	4	
5180.000000	10	51	8	6	8	8	4	2	8	5	5	7	3	5	3	6	8	5	5	5	
5190.000000	8	51	10	6	8	5	4	5	8	6	5	5	6	3	3	6	10	6	5	8	
5200.000000	4	49	10	7	8	4	4	6	4	5	8	5	2	4	2	6	9	6	9	6	
5210.000000	4	52	5	6	7	4	6	7	5	5	8	4	3	4	4	5	7	8	7	6	
5220.000000	2	57	8	4	7	4	4	8	4	7	9	5	4	3	3	7	6	6	4	7	
5230.000000	4	47	9	2	8	8	3	9	4	7	8	3	4	4	1	7	8	8	1	7	
5240.000000	3	54	5	1	10	6	2	11	2	5	6	2	4	4	1	6	7	10	2	7	
5250.000000	4	45	6	2	11	7	3	9	5	4	9	1	3	5	3	5	6	13	3	10	
5260.000000	2	49	3	2	11	8	4	6	4	4	10	4	2	4	4	5	7	8	2	9	
5270.000000	3	48	4	1	8	3	2	4	5	5	6	2	1	4	4	7	5	6	4	8	
5280.000000	4	40	3	0	7	4	2	4	5	3	3	3	2	4	4	10	6	4	6	7	
5290.000000	4	44	4	1	6	3	1	2	3	4	4	1	1	6	5	8	5	7	4	6	
5300.000000	4	42	5	2	7	5	4	0	4	5	5	1	1	4	6	5	4	5	1	5	
5310.000000	4	44	5	2	5	7	5	0	4	3	5	3	1	4	9	6	2	4	1	4	
5320.000000	2	41	5	6	7	5	5	1	3	1	2	2	0	8	8	5	4	6	2	4	
5330.000000	3	50	7	7	4	3	4	1	4	3	3	2	3	7	6	4	4	4	2	3	
5340.000000	1	50	6	7	3	3	2	5	4	3	2	2	4	7	3	5	7	6	3	4	
5350.000000	2	49	5	7	4	1	6	5	2	7	0	1	6	4	4	6	6	6	0	9	
5360.000000	3	51	5	9	6	3	9	3	1	9	2	3	5	2	4	5	3	6	1	10	
5370.000000	7	51	5	11	3	4	8	6	1	8	3	7	7	3	4	5	4	6	2	8	
5380.000000	8	44	4	12	5	5	6	2	3	7	7	7	3	3	3	8	2	5	2	9	
5390.000000	4	54	5	6	4	5	5	2	4	8	7	6	4	6	3	6	4	2	1	7	
5400.000000	6	48	4	4	2	5	5	3	3	8	3	4	6	5	6	4	4	3	4	6	
5410.000000	7	48	5	3	4	8	5	4	5	8	6	2	3	5	5	3	4	2	5	3	
5420.000000	7	48	7	4	4	6	5	3	5	6	7	1	6	5	3	3	3	1	3	8	
5430.000000	9	49	6	5	3	6	5	6	5	4	6	2	6	4	4	2	3	4	2	7	
5440.000000	9	53	7	6	4	4	6	5	6	6	2	0	6	6	4	3	5	7	1	7	
5450.000000	9	55	6	7	6	3	7	7	7	5	3	5	6	6	7	4	6	6	2	7	
5460.000000	11	56	6	6	7	6	8	7	8	3	5	6	5	6	7	2	5	4	1	10	
5470.000000	9	46	5	5	7	5	5	8	6	2	6	6	5	5	9	4	3	5	2	8	
5480.000000	4	50	7	4	8	5	7	6	3	2	6	6	3	5	9	4	3	5	2	6	
5490.000000	5	49	6	5	9	4	5	8	4	3	2	4	4	6	9	8	2	3	1	7	
5500.000000	5	52	6	4	9	5	7	8	4	2	3	3	4	6	10	8	2	6	2	6	
5510.000000	2	54	6	4	7	6	5	6	8	2	5	3	7	8	11	10	3	7	3	4	
5520.000000	2	51	5	5	7	8	6	6	4	1	4	4	5	10	13	12	3	7	5	7	
5530.000000	3	52	6	3	4	7	5	6	2	1	3	2	4	9	12	13	3	6	6	4	
5540.000000	4	48	5	3	4	4	5	6	3	1	5	2	3	6	12	11	6	9	3	4	
5550.000000	4	44	4	4	5	2	6	4	3	3	4	7	5	3	14	11	5	12	3	3	
5560.000000	4	50	4	3	5	4	7	2	3	4	4	6	5	3	12	11	4	10	2	4	
5570.000000	5	51	6	6	3	4	6	4	2	3	6	4	6	2	13	9	0	8	5	0	
5580.000000	3	54	5	8	2	4	4	3	5	3	6	7	6	4	8	10	3	5	3	3	
5590.000000	5	51	7	11	2	4	5	4	5	6	7	7	5	4	11	6	0	2	4	4	
5600.000000	2	49	6	10	5	6	4	3	4	7	6	6	8	2	9	9	1	3	6	4	
5610.000000	4	47	7	10	5	7	3	5	4	6	8	6	7	5	7	7	2	2	4	4	
5620.000000	4	47	10	11	5	3	2	4	3	6	7	6	5	6	5	9	1	3	5	6	
5630.000000	3	51	8	10	5	5	5	6	4	8	4	9	3	4	5	7	2	4	7	10	
5640.000000	2	54	6	12	7	7	6	7	5	5	3	5	2	5	8	7	6	7	7	13	
5650.000000	3	44	5	8	9	5	9	9	5	4	2	4	2	5	6	7	4	6	6	12	
5660.000000	4	45	3	7	7	4	6	7	5	4	2	2	2	4	4	8	5	5	4	12	
5670.000000	4	40	4	9	7	5	4	5	4	2	4	4	5	3	4	7	4	5	1	9	
5680.000000	3	39	4	8	10	7	4	7	4	2	2	3	5	3	4	6	4	5	2	7	
5690.000000	3	46	2	9	6	4	3	9	4	3	2	4	1	3	5	6	5	4	0	5	
5700.000000	4	50	1	7	6	5	2	10	3	3	4	4	4	3	7	5	3	4	1	3	
5710.000000	3	50	1	8	6	6	4	7	2	4	6	2	3	2	9	5	3	3	3	6	
5720.000000	4	53	1	5	7	6	4	10	2	2	8	1	6	3	8	5	3	5	2	8	
5730.000000	3	51	2	5	9	5	3	10	3	2	8	1	4	8	6	6	6	7	2	6	
5740.000000	2	37	2	2	3	3	2	9	3	3	5	1	6	7	6	5	6	7	1	8	
5750.000000	2	41	3	4	2	3	4	5	2	1	6	3	3	6	5	4	7	4	0	6	
5760.000000	1	48	3	3	5	4	2	4	1	2	6	7	2	7	6	3	6	5	2	4	
5770.000000	2	50	1	2	5	6	3	5	2	2	9	7	1	4	7	5	8	3	2	6	
5780.000000	5	50	0	2	4	6	2	9	3	3	8	7	1	5	7	6	7	5	3	6	
5790.000000	6	50	1	1	4	8	5	8	5	5	8	4	2	5	5	7	5	3	4	11	
5800.000000	7	57	2	2	5	8	6	8	5	4	7	7	2	6	5	9	5	4	5	12	
5810.000000	11	61	3	2	5	6	6	7	4	4	6	8	3	6	4	7	4	6	4	8	
5820.000000	7	53	3	1	6	6	4	5	4	5	5	9	3	5	7	7	3	7	4	6	
5830.000000	5	47	3	4	4	6	3	6	7	10	5	8	5	6	7	8	5	5	4	5	
5840.000000	4	44	1	4	2	5	4	7	6	6	6	6	4	10	6	8	4	4	4	4	
5850.000000	4	56	2	6	1	2	5	7	4	7	5	8	4	7	6	5	3	4	5	5	
5860.000000	4	52	3	6	1	4	4	6	4	6	6	4	6	5	5	5	6	4	2	3	
5870.000000	6	53	4	4	0	5	5	5	6	5	6	4	4	5	4	5	6	4	3	8	
5880.000000	8	57	2	5	2	3	5	6	6	7	8	6	6	9	3	5	4	4	7	10	
5890.000000	12	52	4	8	2	5	5	7	7	5	6	6	5	4	5	6	4	1	5	9	
5900.000000	9	46	5	9	3	2	4	5	6	5	7	8	4	5	6	6	4	2	4	7	
5910.000000	12	53	7	8	5	3	4	6	5	4	8	7	2	5	6	3	3	2	3	7	
5920.000000	8	53	6	8	6	5	4	4	7	5	8	9	2	6	8	3	3	4	5	7	
5930.000000	9	41	4	6	5	5	6	6	5	5	8	7	2	4	6	2	2	4	2	6	
5940.000000	6	44	4	5	8	4	3	3	5	3	6	6	4	6	5	4	1	5	3	3	
5950.000000	4	40	4	3	8	3	3	3	5	3	2	7	3	6	3	5	2	5	3	4	
5960.000000	5	52	2	3	6	2	3	7	5	1	7	6	4	4	6	7	4	3	0	4	
5970.000000	2	45	4	2	9	7	4	6	6	0	7	4	3	5	8	7	7	5	0	6	
5980.000000	0	49	4	1	6	5	4	5	6	2	7	5	5	6	7	8	4	5	0	5	
5990.000000	2	46	5	1	7	4	6	6	5	5	7	4	7	6	8	6	2	2	1	5	
6000.000000	5	44	5	3	8	4	8	3	7	4	7	3	8	8	6	4	2	2	1	3	
6010.000000	4	37	6	3	7	3	7	3	5	8	6	2	5	2	3	5	2	3	5	5	
6020.000000	4	37	8	3	4	5	9	2	6	4	3	4	5	2	4	6	1	3	6	5	
6030.000000	3	38	5	4	1	5	6	2	8	3	1	1	5	2	4	9	1	2	4	4	
6040.000000	3	46	6	4	1	5	7	2	8	1	2	0	4	2	6	7	1	3	5	4	
6050.000000	4	52	5	6	2	4	8	4	5	1	3	1	8	4	8	7	2	3	4	7	
6060.000000	3	47	6	5	1	5	10	2	2	0	4	4	8	3	8	10	4	5	4	5	
6070.000000	2	40	6	4	1	5	9	3	2	0	5	6	5	3	8	8	3	6	6	5	
6080.000000	2	40	7	3	1	3	7	5	1	2	5	6	3	4	6	8	2	3	4	6	
6090.000000	1	41	4	3	3	1	6	3	1	3	1	7	6	3	6	8	2	2	5	11	
6100.000000	2	49	6	2	2	3	7	4	1	4	2	3	4	2	4	6	3	2	4	12	
6110.000000	4	51	7	2	3	3	9	2	3	5	3	3	3	3	5	5	4	2	5	7	
6120.000000	5	49	7	1	5	4	7	0	4	4	9	4	4	6	6	4	5	2	4	7	
6130.000000	4	54	5	3	7	0	9	1	7	3	7	5	3	5	7	4	9	3	5	5	
6140.000000	3	54	4	4	6	2	9	1	7	3	7	2	5	5	7	4	9	8	5	5	
6150.000000	7	52	5	6	3	6	9	1	8	6	6	2	6	4	3	5	7	9	6	5	
6160.000000	8	49	4	7	6	4	10	1	8	7	6	1	4	3	3	6	5	6	3	3	
6170.000000	6	36	5	7	4	3	11	5	7	7	6	4	3	2	2	6	2	6	0	5	
6180.000000	7	46	2	7	1	3	10	7	9	8	5	3	2	1	1	8	6	5	1	4	
6190.000000	4	41	1	6	2	5	10	5	10	7	6	2	3	1	0	6	6	6	1	5	
6200.000000	3	47	5	5	3	4	4	2	11	5	4	3	4	0	0	5	3	6	2	5	
6210.000000	1	38	5	5	4	5	2	5	10	3	1	1	5	0	2	6	4	4	2	4	
6220.000000	1	47	3	8	4	5	1	2	9	4	3	1	5	1	1	6	5	3	3	4	
6230.000000	2	38	4	8	5	5	1	4	5	3	5	2	5	0	0	4	6	4	3	1	
6240.000000	2	40	4	9	3	5	2	4	5	4	6	2	3	3	1	6	7	6	2	3	
6250.000000	2	45	6	5	6	2	1	2	3	6	6	4	4	1	2	7	6	5	1	5	
6260.000000	0	41	3	4	4	4	2	2	4	6	4	4	2	1	3	4	5	6	5	7	
6270.000000	3	52	2	6	2	5	7	4	3	5	6	8	2	1	4	4	6	6	5	6	
6280.000000	3	49	3	4	0	4	6	7	3	5	8	7	3	2	4	5	5	5	6	4	
6290.000000	4	44	4	4	3	6	4	5	6	5	8	6	4	1	3	6	5	4	3	2	
6300.000000	3	38	4	2	3	3	5	2	7	6	5	4	6	2	6	6	9	1	5	6	
6310.000000	3	39	2	2	3	4	3	2	9	4	7	7	4	2	6	5	7	3	5	5	
6320.000000	2	39	3	1	1	4	3	1	3	4	8	9	5	1	4	2	5	1	7	3	
6330.000000	1	47	5	2	2	4	3	1	2	4	7	7	9	1	3	5	5	1	5	2	
6340.000000	5	52	5	2	2	6	3	2	4	9	5	6	9	0	4	5	8	1	6	3	
6350.000000	5	43	5	3	4	4	2	2	3	6	6	5	8	1	6	5	5	4	6	5	
6360.000000	6	40	5	1	5	3	3	3	2	6	6	4	6	1	4	6	3	3	5	5	
6370.000000	4	50	3	2	6	2	2	5	4	4	2	4	4	6	4	5	2	2	4	2	
6380.000000	2	52	4	4	9	3	3	4	6	5	2	7	5	7	3	5	2	1	4	2	
6390.000000	4	61	7	8	9	4	4	4	7	5	5	7	4	5	4	4	6	3	5	2	
6400.000000	4	60	6	5	9	6	2	5	7	5	6	6	3	4	6	6	7	4	5	3	
6410.000000	5	54	6	5	7	5	3	3	4	8	7	9	3	5	4	5	6	4	4	4	
6420.000000	6	62	7	8	8	6	2	5	5	5	8	7	2	7	6	3	5	2	5	5	
6430.000000	6	58	6	9	6	3	3	7	3	5	10	6	1	5	6	1	5	3	4	6	
6440.000000	6	58	8	11	4	3	5	7	6	7	8	5	0	4	6	1	5	4	4	7	
6450.000000	3	49	8	7	7	4	6	7	4	6	8	7	1	5	7	2	4	6	5	5	
6460.000000	3	40	9	4	5	4	7	7	5	4	5	9	2	4	4	2	4	7	3	7	
6470.000000	4	53	9	4	5	5	7	6	4	5	5	6	3	4	5	3	5	3	2	6	
6480.000000	4	53	9	5	4	6	7	5	8	6	5	5	3	6	5	2	4	4	4	8	
6490.000000	3	51	9	6	6	4	7	4	8	4	9	4	3	3	5	2	4	0	4	6	
6500.000000	4	49	8	2	6	6	2	5	6	6	10	6	2	4	5	3	2	0	6	8	
6510.000000	1	50	5	7	6	7	1	5	8	6	10	4	6	4	3	3	4	1	6	9	
6520.000000	2	54	4	5	6	3	3	5	8	4	11	6	5	3	4	3	4	2	7	5	
6530.000000	3	49	4	6	7	3	5	3	6	4	10	7	6	3	7	3	6	4	9	4	
6540.000000	3	53	7	5	7	3	9	4	7	3	10	6	8	5	7	2	6	8	7	5	
6550.000000	4	51	8	3	7	6	8	6	6	2	9	5	9	7	4	1	5	8	7	4	
6560.000000	4	47	6	3	6	6	10	7	6	3	4	5	7	6	3	2	9	6	7	5	
6570.000000	6	50	5	3	6	7	7	5	7	4	7	7	5	7	5	1	7	9	6	4	
6580.000000	5	48	6	2	7	8	4	2	7	4	6	8	7	5	5	2	5	7	5	6	
6590.000000	3	38	5	3	7	8	5	2	7	3	4	10	6	6	5	2	8	7	5	4	
6600.000000	1	45	4	4	5	6	4	1	7	0	5	7	4	4	4	3	6	7	6	2	
6610.000000	3	48	6	5	4	8	4	1	5	2	4	4	2	7	5	4	8	5	3	3	
6620.000000	4	62	3	7	4	7	4	1	5	2	3	2	4	8	6	4	8	3	4	3	
6630.000000	5	60	6	7	5	6	7	2	5	2	3	1	3	10	6	5	7	3	6	5	
6640.000000	6	59	6	7	3	4	7	2	3	1	4	2	6	8	4	5	7	5	7	9	
6650.000000	7	55	6	5	2	3	11	3	3	3	2	4	8	6	5	6	6	6	4	9	
6660.000000	6	52	6	7	2	3	8	3	2	2	3	4	8	6	4	3	2	8	6	10	
6670.000000	5	51	5	6	3	4	6	3	3	0	3	5	7	6	5	7	4	6	6	11	
6680.000000	2	39	5	6	3	3	3	4	2	3	3	3	7	4	7	7	3	3	3	9	
6690.000000	2	53	4	1	6	2	4	3	6	7	3	3	4	5	5	5	5	2	2	5	
6700.000000	4	56	1	3	3	1	5	2	4	8	7	1	4	7	6	5	7	3	2	6	
6710.000000	2	55	3	4	2	3	4	2	7	9	6	4	7	5	11	2	8	5	1	3	
6720.000000	4	56	3	7	3	3	3	5	9	10	7	5	5	5	8	3	7	5	1	3	
6730.000000	2	53	2	7	6	2	5	8	8	10	5	3	3	6	8	2	5	5	2	2	
6740.000000	5	58	3	8	7	2	6	7	7	12	4	3	4	8	9	2	3	6	2	3	
6750.000000	5	57	3	6	5	2	5	4	7	11	4	4	3	5	5	3	2	9	5	3	
6760.000000	7	51	3	5	2	2	5	3	5	10	6	5	2	5	7	6	2	3	2	4	
6770.000000	8	56	4	7	3	4	2	4	7	11	5	7	4	5	9	5	7	6	4	4	
6780.000000	6	53	4	5	4	3	2	4	4	8	6	6	7	2	9	5	6	5	4	9	
6790.000000	6	52	8	5	5	3	3	3	8	9	6	4	5	2	8	5	6	8	4	6	
6800.000000	3	52	9	10	7	1	4	2	8	9	8	6	6	3	9	4	6	8	5	8	
6810.000000	3	46	8	9	6	2	4	1	9	7	5	4	3	3	9	6	5	7	6	10	
6820.000000	5	45	6	6	5	3	4	3	6	7	6	4	4	3	10	4	6	5	7	10	
6830.000000	4	47	7	8	7	2	5	5	6	8	5	3	7	7	11	6	4	5	7	8	
6840.000000	1	42	5	6	4	2	3	3	6	6	4	2	4	6	8	2	4	6	6	9	
6850.000000	0	42	4	6	2	5	4	3	4	3	6	1	6	3	9	2	3	6	6	9	
6860.000000	0	50	4	6	3	3	6	5	6	3	4	3	3	2	9	4	4	6	5	8	
6870.000000	2	43	5	5	2	4	5	2	5	3	3	4	6	7	7	4	3	6	4	5	
6880.000000	1	39	3	6	5	5	9	3	6	2	2	6	3	6	6	5	6	7	1	4	
6890.000000	1	45	3	5	3	5	5	6	8	1	3	7	4	7	7	5	6	8	0	4	
6900.000000	0	40	3	7	3	6	5	6	7	3	4	3	4	9	6	4	5	8	3	2	
6910.000000	0	41	4	9	2	5	4	4	5	4	3	4	4	4	5	6	7	8	3	5	
6920.000000	0	41	4	8	2	3	5	5	7	4	1	5	2	3	4	6	6	6	3	6	
6930.000000	0	48	5	5	3	6	6	4	4	3	2	5	1	3	1	3	8	9	6	2	
6940.000000	2	53	5	3	3	7	5	2	8	2	3	9	4	4	4	6	4	7	4	3	
6950.000000	3	51	6	2	2	8	7	3	9	4	4	8	4	4	1	7	3	6	6	5	
6960.000000	1	64	9	5	3	6	7	2	7	5	3	10	4	4	2	6	3	6	7	5	
6970.000000	1	61	11	3	2	4	5	2	11	7	3	10	6	3	8	9	3	4	6	8	
6980.000000	2	59	7	6	4	5	5	5	8	5	7	7	7	4	8	6	3	12	5	7	
6990.000000	2	47	5	5	3	5	4	2	7	3	4	4	7	5	9	3	4	7	6	5	
7000.000000	1	43	3	6	4	5	5	1	9	3	3	5	8	5	8	0	3	8	5	5	
7010.000000	1	41	3	5	7	4	3	1	6	6	2	3	6	4	7	0	3	8	2	4	
7020.000000	0	45	2	6	9	4	2	4	6	6	1	2	6	5	9	5	3	6	2	2	
7030.000000	0	40	2	5	10	3	1	2	6	3	2	2	5	4	7	2	3	6	4	4	
7040.000000	0	43	2	6	9	5	2	3	5	4	3	3	2	2	7	3	2	3	4	4	
7050.000000	0	38	3	7	6	1	2	5	5	4	3	3	1	2	7	3	3	4	3	6	
7060.000000	0	44	2	6	3	3	2	6	3	5	4	5	1	2	5	1	4	10	6	7	
7070.000000	1	49	2	5	2	8	3	5	2	6	3	4	1	2	4	2	4	9	7	3	
7080.000000	2	57	1	5	3	6	3	6	1	6	5	5	3	1	5	3	7	5	7	5	
7090.000000	3	57	1	4	2	7	2	2	1	6	7	5	4	2	6	3	8	5	5	5	
7100.000000	4	61	3	3	1	9	2	3	5	7	8	4	3	2	6	6	9	4	5	6	
7110.000000	5	64	4	2	1	4	5	3	5	10	10	5	3	4	9	7	7	3	7	7	
7120.000000	5	53	3	1	3	3	4	5	6	10	10	5	3	2	8	8	8	5	7	8	
7130.000000	4	45	8	1	4	7	4	6	4	10	11	7	5	1	4	9	5	5	6	5	
7140.000000	3	47	5	2	1	7	5	6	5	7	7	5	4	2	3	8	3	4	5	5	
7150.000000	2	46	4	1	1	7	3	5	6	8	8	7	3	2	2	7	1	2	6	3	
7160.000000	2	39	6	2	2	4	4	5	4	6	2	8	6	3	3	4	1	3	6	1	
7170.000000	1	35	4	5	2	3	3	7	5	5	3	9	2	4	4	3	4	5	4	0	
7180.000000	1	46	5	5	1	5	3	5	5	3	6	5	3	3	3	4	5	5	3	0	
7190.000000	1	49	5	7	0	4	6	6	5	5	4	4	4	2	2	7	3	6	2	0	
7200.000000	2	41	4	5	4	5	4	5	6	5	3	5	4	2	6	4	4	5	6	1	
7210.000000	1	42	3	4	2	4	4	4	3	3	1	7	4	5	6	1	6	4	6	6	
7220.000000	1	48	4	3	2	4	5	4	3	4	1	6	6	4	6	5	6	3	7	6	
7230.000000	3	51	4	5	3	5	5	4	1	8	3	6	4	2	6	4	5	5	6	3	
7240.000000	5	55	4	5	5	5	4	3	2	7	4	4	4	6	4	6	2	6	6	4	
7250.000000	6	54	5	5	6	8	2	2	7	2	6	7	7	6	4	6	3	8	8	5	
7260.000000	5	49	5	5	3	5	2	4	6	2	4	4	8	5	5	7	4	8	4	5	
7270.000000	2	49	3	8	4	4	4	3	7	2	4	5	8	5	4	6	7	8	6	4	
7280.000000	2	49	4	10	3	4	4	4	6	1	4	7	5	5	1	6	5	10	10	5	
7290.000000	2	42	3	8	0	4	3	6	4	3	4	2	4	7	2	6	5	9	8	4	
7300.000000	1	45	5	7	1	5	3	4	6	5	2	3	4	5	2	9	5	7	7	4	
7310.000000	2	44	4	9	2	7	3	4	7	3	2	3	6	6	2	7	5	6	8	3	
7320.000000	4	50	7	9	3	4	5	5	6	3	3	4	5	5	5	8	6	8	4	3	
7330.000000	2	55	2	7	5	6	4	8	6	1	4	3	7	5	8	6	5	9	4	3	
7340.000000	1	48	2	5	5	6	4	4	9	1	7	4	5	4	7	3	7	7	3	3	
7350.000000	4	53	4	6	8	6	4	6	7	1	6	3	3	4	7	4	7	8	2	4	
7360.000000	7	66	7	7	11	6	4	9	4	3	9	5	8	5	11	5	9	8	0	1	
7370.000000	9	69	6	6	10	5	4	8	4	3	9	6	9	6	11	6	5	7	0	4	
7380.000000	10	65	4	10	7	4	5	11	7	1	6	7	8	6	12	6	8	6	1	2	
7390.000000	9	66	6	7	7	8	5	10	7	4	3	7	5	6	11	5	10	6	1	4	
7400.000000	10	64	9	8	8	7	8	9	6	3	8	7	7	5	7	9	8	7	2	5	
7410.000000	9	69	6	3	9	5	9	5	7	2	8	5	8	5	10	4	7	7	3	2	
7420.000000	9	67	7	5	11	6	8	4	9	4	8	5	6	7	8	3	8	6	6	4	
7430.000000	9	60	6	4	9	4	10	3	6	4	11	5	7	6	6	5	7	9	9	7	
7440.000000	14	58	6	5	5	4	9	4	5	6	8	6	5	4	6	8	7	8	9	7	
7450.000000	15	61	8	5	4	8	9	5	6	7	9	6	6	7	8	6	6	10	10	8	
7460.000000	13	57	7	4	6	8	9	5	6	9	10	9	8	7	7	4	5	7	12	8	
7470.000000	11	52	4	5	7	8	8	8	5	13	8	8	6	6	7	4	7	7	12	9	
7480.000000	10	53	3	4	6	6	7	6	10	13	9	9	5	7	8	5	8	4	6	5	
7490.000000	8	56	6	2	5	5	5	5	10	14	10	7	2	6	6	3	3	3	7	4	
7500.000000	6	62	6	5	5	6	9	5	9	10	6	8	3	7	5	5	3	3	6	5	
7510.000000	7	65	6	5	5	6	9	3	7	12	5	9	3	10	3	6	3	3	6	9	
7520.000000	6	56	8	4	6	7	7	2	6	12	5	8	1	13	6	4	4	4	5	8	
7530.000000	6	58	6	4	5	7	8	1	3	8	4	9	3	8	6	4	4	3	3	11	
7540.000000	6	53	5	4	6	6	7	1	3	7	7	10	5	6	7	2	3	5	4	11	
7550.000000	5	50	8	3	7	10	5	3	1	8	6	5	5	5	4	2	2	4	5	10	
7560.000000	5	45	10	5	5	7	6	2	2	8	7	6	4	4	6	2	4	4	5	11	
7570.000000	5	49	9	3	6	6	5	4	2	5	4	9	5	4	6	4	3	3	4	8	
7580.000000	6	56	8	3	4	8	2	3	3	7	4	10	3	5	7	2	3	4	4	7	
7590.000000	7	55	9	4	6	9	3	4	5	8	4	9	4	4	6	5	3	5	8	7	
7600.000000	4	58	6	5	7	7	3	4	3	7	4	9	7	4	7	8	1	6	7	4	
7610.000000	4	63	5	7	8	8	2	4	3	11	2	10	7	4	7	7	1	8	8	6	
7620.000000	8	60	4	7	9	6	3	9	4	11	2	9	11	5	8	9	1	6	9	5	
7630.000000	5	56	4	5	12	3	5	8	4	12	2	9	8	6	6	7	2	6	8	5	
7640.000000	12	59	6	6	13	3	6	9	4	13	3	9	8	2	5	6	3	8	7	5	
7650.000000	9	53	7	8	9	3	6	5	2	15	3	9	6	2	5	5	7	8	7	5	
7660.000000	9	54	7	10	8	2	5	3	2	10	4	6	4	4	3	4	7	7	8	5	
7670.000000	7	43	6	7	10	2	6	5	4	8	5	6	5	2	3	3	6	5	10	7	
7680.000000	3	48	6	4	9	2	3	4	2	8	4	5	5	6	6	4	7	7	7	4	
7690.000000	2	55	4	4	8	2	3	4	2	9	4	3	7	6	7	6	4	2	6	4	
7700.000000	1	57	5	6	8	3	4	7	2	11	3	4	7	5	5	4	4	6	8	2	
7710.000000	3	63	5	9	9	3	5	6	6	9	2	6	5	2	5	7	5	6	7	1	
7720.000000	5	54	6	11	8	2	10	3	4	11	2	8	5	5	4	8	5	4	6	3	
7730.000000	12	56	5	6	10	2	10	5	2	10	2	10	6	3	3	8	4	4	3	3	
7740.000000	10	53	4	7	6	2	10	8	1	13	4	11	7	4	5	7	3	3	4	3	
7750.000000	7	55	5	7	5	3	10	6	2	12	3	8	7	4	4	7	3	5	5	4	
7760.000000	8	55	5	6	6	4	9	8	6	7	3	10	5	3	2	8	2	4	4	3	
7770.000000	5	50	4	4	6	5	7	6	9	7	6	10	3	2	3	8	0	6	5	5	
7780.000000	4	46	7	4	5	5	6	5	7	6	4	8	4	2	3	4	3	3	2	3	
7790.000000	3	53	6	4	4	6	2	7	7	6	8	8	3	3	2	5	3	4	3	4	
7800.000000	6	64	5	3	7	7	2	7	9	7	6	5	4	3	2	6	5	5	4	4	
7810.000000	6	63	5	4	6	7	5	8	10	5	6	7	6	5	3	13	7	6	4	6	
7820.000000	6	54	3	5	4	6	6	5	10	7	5	6	3	5	4	10	10	5	3	5	
7830.000000	5	51	3	3	4	9	7	5	6	6	4	6	4	4	5	10	11	5	5	5	
7840.000000	5	57	5	3	5	6	7	4	10	5	4	6	5	6	3	8	8	4	3	4	
7850.000000	7	55	6	4	6	7	10	4	11	2	7	7	4	4	6	9	7	6	6	3	
7860.000000	7	57	8	4	10	6	9	4	6	2	6	5	1	6	6	8	6	9	9	6	
7870.000000	9	61	6	5	8	5	8	3	6	2	7	4	3	8	8	5	5	8	9	8	
7880.000000	7	48	7	8	4	6	6	3	4	3	7	4	2	10	8	3	8	7	8	12	
7890.000000	9	50	7	8	4	6	6	3	6	3	8	2	3	8	5	4	12	7	5	11	
7900.000000	8	50	4	10	4	5	7	7	7	2	5	2	3	4	6	6	12	5	4	12	
7910.000000	9	55	5	8	3	4	7	6	8	2	5	2	4	2	6	4	10	7	3	8	
7920.000000	9	56	3	7	4	3	6	8	7	3	5	3	4	0	4	3	9	8	6	8	
7930.000000	9	59	5	7	6	7	6	8	8	1	6	7	4	2	3	1	8	7	6	9	
7940.000000	14	60	4	7	5	5	6	8	9	2	5	8	6	3	5	2	6	8	5	7	
7950.000000	11	61	4	5	7	6	6	5	10	3	3	6	4	3	5	0	6	9	6	4	
7960.000000	9	56	5	5	10	5	6	6	8	5	4	6	7	4	6	4	7	8	3	3	
7970.000000	9	46	1	6	7	5	5	7	7	2	3	6	7	5	5	6	6	5	6	4	
7980.000000	8	52	3	5	6	8	5	10	5	2	3	4	7	3	5	5	7	5	8	5	
7990.000000	5	46	4	2	7	8	3	8	4	2	3	9	5	3	7	5	6	5	6	4	
8000.000000	5	39	5	2	5	4	4	7	4	0	4	5	5	2	6	5	7	6	6	3	
8010.000000	2	40	5	4	5	4	2	4	4	2	4	4	4	5	6	6	7	5	6	5	
8020.000000	1	43	3	3	4	4	1	3	2	2	2	2	4	4	4	5	5	6	5	4	
8030.000000	1	45	4	4	2	4	2	3	1	2	4	3	7	4	5	2	3	7	8	4	
8040.000000	1	43	4	3	2	2	2	3	4	5	7	5	6	3	3	3	6	7	6	4	
8050.000000	1	47	3	3	3	3	4	1	6	6	7	6	5	2	3	5	4	6	1	4	
8060.000000	2	51	3	4	4	5	5	1	4	5	6	5	5	2	4	3	4	7	2	4	
8070.000000	3	46	5	3	4	5	6	2	6	7	4	2	5	6	4	4	6	4	3	6	
8080.000000	3	47	5	5	4	4	8	4	3	6	4	2	7	9	5	3	3	5	4	5	
8090.000000	2	47	6	3	2	4	6	5	4	6	3	4	6	6	6	4	5	4	4	7	
8100.000000	1	48	7	2	2	7	7	2	4	4	2	3	8	10	6	3	5	4	3	8	
8110.000000	1	39	7	3	3	7	5	1	4	3	3	1	8	8	5	4	6	3	4	9	
8120.000000	2	44	8	5	3	5	4	3	3	1	3	5	7	5	3	5	3	4	2	8	
8130.000000	3	36	6	2	5	4	5	3	3	1	7	1	7	5	4	7	2	3	2	6	
8140.000000	3	40	7	7	5	5	5	5	3	2	5	2	5	4	4	5	2	5	0	7	
8150.000000	2	44	8	6	5	7	7	4	3	4	5	1	5	4	8	4	3	6	1	5	
8160.000000	0	43	8	5	8	8	5	8	3	4	5	2	5	3	6	5	2	5	3	6	
8170.000000	1	48	6	5	8	7	3	6	1	2	7	3	3	3	3	5	3	4	2	6	
8180.000000	1	45	5	5	9	5	3	6	1	3	5	4	4	3	2	7	4	6	2	6	
8190.000000	2	54	4	8	9	4	1	9	3	5	4	4	6	3	6	9	4	5	4	5	
8200.000000	4	56	3	7	7	6	2	7	2	8	3	3	5	9	5	9	4	4	6	6	
8210.000000	8	55	6	7	3	5	1	4	4	6	6	4	4	7	5	8	4	1	8	2	
8220.000000	7	55	5	8	5	7	2	4	5	2	3	7	4	8	8	5	4	0	10	4	
8230.000000	11	55	3	9	2	5	4	5	7	4	3	6	4	8	8	6	2	1	12	5	
8240.000000	8	55	4	8	2	4	5	6	7	3	4	6	6	7	9	6	1	2	9	7	
8250.000000	8	53	2	10	2	3	4	7	5	4	2	8	1	9	10	4	1	1	6	7	
8260.000000	11	54	2	7	6	2	6	7	4	5	1	7	2	10	9	5	2	2	3	7	
8270.000000	11	53	4	8	4	5	5	6	4	5	3	4	2	9	4	5	4	4	3	6	
8280.000000	9	54	3	8	9	4	5	8	4	6	3	2	1	6	3	4	3	3	7	4	
8290.000000	8	44	2	4	12	6	5	6	5	4	6	2	1	6	3	6	7	6	10	4	
8300.000000	7	48	4	3	12	8	4	2	6	2	3	3	5	7	1	7	9	4	9	3	
8310.000000	5	40	2	3	12	7	5	4	6	3	4	2	6	7	0	8	8	5	9	4	
8320.000000	3	34	3	3	12	3	3	6	5	4	3	2	6	4	2	7	5	4	5	6	
8330.000000	1	35	6	3	9	6	1	6	5	2	3	1	4	6	3	6	5	5	4	5	
8340.000000	1	45	5	4	6	8	1	4	4	2	3	1	3	9	3	7	4	4	2	8	
8350.000000	0	50	7	3	9	11	2	4	5	3	4	1	7	8	7	5	4	4	2	9	
8360.000000	0	51	9	3	8	13	2	7	1	2	5	4	7	5	6	5	4	5	5	6	
8370.000000	1	46	5	3	5	9	4	8	3	3	6	7	6	4	4	6	3	6	4	4	
8380.000000	0	43	3	4	4	8	5	11	5	4	4	3	6	6	3	7	1	6	4	4	
8390.000000	0	45	3	6	3	5	5	11	3	5	4	7	8	6	3	7	2	7	3	2	
8400.000000	0	57	4	4	4	5	3	9	4	5	6	6	8	3	3	4	3	5	4	4	
8410.000000	2	56	2	6	6	5	1	10	4	4	8	8	5	5	4	4	2	6	5	2	
8420.000000	5	58	1	6	5	9	3	11	2	5	5	5	6	6	4	1	3	7	4	4	
8430.000000	3	52	3	8	6	13	6	10	5	7	3	8	6	7	5	1	3	6	4	7	
8440.000000	3	56	2	5	6	12	5	12	6	6	5	7	5	7	6	3	3	5	7	7	
8450.000000	4	59	1	7	7	11	7	11	6	8	6	7	5	7	6	5	5	7	5	7	
8460.000000	6	55	2	6	7	11	7	12	9	8	6	7	5	8	4	7	6	5	4	6	
8470.000000	11	54	5	10	6	10	7	14	8	8	7	7	6	11	4	6	6	6	5	3	
8480.000000	15	56	10	9	9	12	9	10	11	8	10	5	9	11	4	5	3	5	1	3	
8490.000000	16	57	9	8	8	10	7	12	10	8	11	4	9	9	4	7	3	4	1	4	
8500.000000	13	53	8	6	9	9	5	11	10	7	12	1	6	11	2	7	3	5	1	6	
8510.000000	13	54	7	5	10	10	6	11	13	5	7	2	6	7	3	9	3	3	5	5	
8520.000000	9	41	7	9	4	10	6	6	15	7	5	3	8	7	4	2	2	3	3	5	
8530.000000	2	44	4	9	4	8	5	6	12	6	4	3	6	6	1	2	7	4	1	7	
8540.000000	0	46	4	6	4	9	8	3	10	6	3	1	6	5	1	5	6	4	2	8	
8550.000000	1	46	7	8	5	10	7	1	10	5	3	1	6	7	2	4	5	4	5	7	
8560.000000	3	48	7	11	7	7	9	3	9	5	4	1	4	7	1	4	8	4	4	5	
8570.000000	2	44	3	12	3	7	8	3	5	7	5	3	4	4	1	3	8	2	4	6	
8580.000000	5	48	1	9	2	6	8	2	6	9	4	3	6	4	1	2	7	1	1	8	
8590.000000	5	50	2	7	3	7	4	3	5	6	5	6	3	5	2	2	5	1	3	6	
8600.000000	4	51	3	4	4	4	6	7	6	5	5	5	3	4	5	3	5	1	5	8	
8610.000000	3	53	4	6	6	3	7	6	6	6	6	7	5	7	4	1	2	2	3	5	
8620.000000	1	40	4	4	4	4	5	6	6	6	8	7	7	7	3	2	5	2	2	6	
8630.000000	1	47	3	4	2	2	5	6	4	5	4	7	6	7	3	3	5	2	3	5	
8640.000000	0	50	6	7	2	4	3	10	5	10	7	3	3	9	4	4	5	4	1	4	
8650.000000	0	50	5	5	3	4	4	6	4	9	7	3	3	8	3	4	4	3	2	3	
8660.000000	3	49	6	5	4	4	6	9	3	9	5	1	2	6	4	5	4	4	6	4	
8670.000000	3	51	4	4	8	4	7	6	5	8	4	4	3	3	3	7	4	7	2	6	
8680.000000	2	50	3	5	7	5	3	3	5	9	5	4	4	1	4	7	4	8	5	5	
8690.000000	6	53	3	5	5	2	2	4	4	5	4	3	4	2	5	6	4	7	7	5	
8700.000000	11	56	4	4	6	3	2	5	3	4	4	5	6	2	2	7	5	10	6	7	
8710.000000	7	45	6	5	8	5	5	5	4	2	5	7	5	1	4	7	6	9	4	8	
8720.000000	6	50	5	3	10	5	6	6	5	3	9	7	7	4	2	9	6	10	2	6	
8730.000000	2	47	5	4	11	4	4	7	7	3	9	4	6	2	2	9	4	11	3	5	
8740.000000	1	43	6	4	10	5	4	9	5	1	7	5	8	3	1	6	2	10	2	3	
8750.000000	1	39	4	2	6	4	3	7	3	4	4	5	7	4	2	7	2	5	1	2	
8760.000000	1	44	3	4	4	2	3	6	3	2	2	6	4	3	5	7	1	3	5	3	
8770.000000	3	49	1	3	6	4	4	5	4	1	4	6	4	5	3	5	1	3	5	7	
8780.000000	5	50	2	1	9	8	4	5	6	2	6	3	4	4	4	5	1	3	6	5	
8790.000000	4	41	2	2	5	6	3	2	4	2	5	4	6	3	3	2	2	4	4	4	
8800.000000	4	41	5	3	3	5	5	3	5	3	5	8	6	2	5	2	2	5	2	3	
8810.000000	6	51	8	3	7	3	7	4	6	3	8	5	3	5	6	3	0	6	3	4	
8820.000000	4	58	10	5	7	4	8	3	8	3	8	5	3	7	7	4	1	8	4	5	
8830.000000	7	60	9	4	3	3	4	3	2	6	10	4	6	9	5	3	3	6	6	6	
8840.000000	7	55	9	6	2	5	6	3	2	7	6	5	3	9	6	5	6	10	7	5	
8850.000000	6	55	8	7	3	4	7	3	2	4	8	4	6	9	5	5	5	10	8	7	
8860.000000	8	54	9	5	2	8	6	6	4	5	9	5	9	5	7	3	6	12	7	8	
8870.000000	5	51	8	6	1	6	6	8	6	4	10	4	11	6	6	4	8	10	7	12	
8880.000000	5	52	7	7	0	7	6	7	7	5	9	6	6	5	9	3	7	9	7	12	
8890.000000	5	54	8	5	0	6	5	6	7	4	9	6	8	7	5	5	5	7	5	10	
8900.000000	3	55	6	6	3	6	5	2	8	3	9	6	5	8	5	5	2	6	4	10	
8910.000000	4	62	7	8	3	8	5	1	8	2	6	8	5	7	3	3	6	7	8	12	
8920.000000	6	48	5	8	5	8	7	0	5	4	6	6	5	8	4	7	9	6	10	13	
8930.000000	5	49	2	7	2	8	7	2	5	6	4	8	5	5	3	7	11	9	8	12	
8940.000000	6	54	0	7	3	8	7	2	4	6	5	8	5	3	2	5	8	8	8	11	
8950.000000	5	47	1	5	2	7	6	2	5	5	5	7	5	3	3	7	9	7	9	10	
8960.000000	3	45	2	4	3	6	7	3	4	3	3	6	5	5	4	6	5	6	4	9	
8970.000000	3	42	0	5	3	5	5	4	6	4	1	8	1	4	3	4	4	5	6	7	
8980.000000	3	47	2	7	2	7	4	3	6	3	1	6	1	4	1	3	3	6	4	5	
8990.000000	4	53	3	5	1	9	3	2	6	5	3	5	1	4	7	7	3	5	4	8	
9000.000000	3	61	5	2	4	5	5	4	3	3	2	4	2	4	8	8	4	5	3	8	
9010.000000	2	55	7	1	5	6	3	5	3	3	4	2	3	4	5	7	5	7	6	8	
9020.000000	4	64	4	4	3	5	0	6	4	4	3	0	3	7	6	10	6	8	4	8	
9030.000000	5	74	4	4	4	5	3	4	4	4	4	1	4	6	5	10	7	8	3	8	
9040.000000	5	76	3	8	6	4	2	5	4	4	9	2	3	8	7	8	8	10	1	7	
9050.000000	6	75	4	5	4	8	3	6	5	6	10	0	5	8	5	6	10	7	6	10	
9060.000000	8	63	6	3	3	6	3	7	5	5	7	1	4	7	5	8	8	6	6	7	
9070.000000	7	62	8	1	5	5	2	10	7	6	6	3	5	8	4	9	7	3	4	6	
9080.000000	6	63	8	4	6	4	6	8	6	6	6	4	4	7	4	9	6	4	5	5	
9090.000000	7	46	5	3	6	4	7	6	6	7	5	4	7	7	6	6	7	5	5	7	
9100.000000	8	57	5	3	3	4	7	6	3	6	6	5	4	9	7	6	4	3	6	8	
9110.000000	8	58	3	4	2	5	8	6	8	4	6	4	6	8	8	4	5	3	5	7	
9120.000000	7	60	3	3	2	5	7	6	6	6	5	3	3	7	5	3	4	5	4	5	
9130.000000	8	59	4	3	3	4	8	5	6	8	6	4	5	9	4	3	4	6	4	9	
9140.000000	10	56	5	4	4	3	9	8	2	9	5	3	4	7	3	3	5	8	2	7	
9150.000000	9	62	5	3	3	3	6	7	3	8	5	4	6	6	3	5	2	6	2	6	
9160.000000	10	59	8	5	3	2	5	8	3	9	6	6	5	7	2	5	3	4	2	12	
9170.000000	6	52	6	5	3	1	3	6	6	11	4	5	5	8	4	5	4	4	4	11	
9180.000000	4	54	6	7	3	2	5	2	6	12	2	3	4	8	5	6	5	4	5	8	
9190.000000	5	61	6	6	4	2	5	1	6	6	5	5	5	10	6	7	6	3	6	5	
9200.000000	7	53	5	6	5	3	5	3	4	8	7	3	4	8	5	3	5	5	7	5	
9210.000000	6	50	6	7	5	6	4	4	4	7	8	5	5	6	5	3	3	4	3	7	
9220.000000	3	39	3	6	6	6	3	6	4	6	11	5	5	6	9	2	2	2	3	9	
9230.000000	4	41	3	6	5	6	2	6	3	4	9	4	5	5	7	2	1	3	2	10	
9240.000000	3	47	3	8	5	5	4	5	5	4	9	5	4	4	6	3	1	6	4	7	
9250.000000	4	45	2	9	7	6	2	7	1	5	8	4	4	6	8	2	3	7	4	7	
9260.000000	2	43	3	5	10	3	5	6	1	7	8	4	2	3	6	3	2	6	2	5	
9270.000000	2	47	4	5	8	3	7	5	3	6	5	5	1	5	6	6	3	6	1	3	
9280.000000	2	51	6	5	4	3	4	8	4	6	6	7	5	4	4	4	1	6	2	2	
9290.000000	2	51	10	5	3	5	2	7	4	7	6	6	4	3	4	7	3	5	3	4	
9300.000000	6	62	9	3	2	5	1	6	4	8	6	3	3	5	5	8	3	8	4	4	
9310.000000	7	58	7	1	4	4	1	4	4	8	9	3	6	5	4	7	4	5	6	7	
9320.000000	9	54	7	2	5	4	3	4	3	10	11	3	5	4	7	6	6	3	7	3	
9330.000000	10	51	9	4	4	2	3	6	4	10	11	1	4	3	7	6	6	1	5	1	
9340.000000	11	50	7	3	7	2	4	7	3	7	11	2	4	5	9	6	6	4	6	2	
9350.000000	11	57	5	8	6	3	6	9	5	8	10	1	4	6	9	8	5	6	6	3	
9360.000000	11	44	6	4	8	4	4	12	5	4	9	3	5	6	8	9	5	6	6	5	
9370.000000	8	41	4	1	7	6	2	12	6	6	6	3	5	7	11	6	2	8	8	8	
9380.000000	3	47	4	3	9	2	2	9	6	7	6	1	4	5	10	3	2	7	8	8	
9390.000000	2	48	5	3	8	2	3	9	6	7	6	4	2	7	9	2	4	7	7	7	
9400.000000	3	52	8	3	6	6	4	7	8	4	4	5	3	6	13	6	4	7	5	7	
9410.000000	5	54	6	5	5	6	5	4	7	2	3	4	2	5	12	3	6	7	6	9	
9420.000000	7	59	7	7	6	8	3	3	9	6	2	6	2	6	12	3	7	10	6	8	
9430.000000	8	58	8	8	9	11	3	2	10	4	5	4	2	6	12	2	5	10	5	7	
9440.000000	8	60	4	9	10	11	1	3	10	8	4	5	3	7	7	1	6	5	4	5	
9450.000000	7	55	3	8	9	8	4	6	7	9	6	5	4	7	7	3	7	4	5	4	
9460.000000	7	55	4	7	6	8	3	5	5	8	9	3	5	4	7	3	6	4	4	7	
9470.000000	9	58	3	7	6	4	4	3	6	10	8	4	7	4	4	4	4	6	3	6	
9480.000000	12	56	3	7	5	4	3	4	5	10	10	5	5	4	7	6	3	5	3	8	
9490.000000	12	52	5	5	5	4	3	3	4	9	9	4	7	5	4	7	5	6	5	11	
9500.000000	7	45	5	4	6	6	4	3	3	9	7	5	5	4	5	4	7	8	5	10	
9510.000000	4	38	6	4	6	3	1	3	3	11	6	1	5	7	2	4	5	7	5	7	
9520.000000	5	41	9	3	8	1	2	4	3	10	5	1	5	8	2	3	6	5	5	6	
9530.000000	2	41	5	2	6	3	5	6	3	6	4	4	3	10	3	3	6	5	5	7	
9540.000000	2	44	6	3	4	3	4	6	5	4	5	2	3	7	4	4	3	6	5	9	
9550.000000	1	43	5	4	6	2	7	4	4	5	4	0	1	10	3	3	3	3	7	9	
9560.000000	3	39	4	5	4	1	6	3	8	4	4	0	4	6	3	4	3	3	5	7	
9570.000000	5	54	3	4	4	1	6	3	8	4	3	2	5	4	4	4	4	2	11	7	
9580.000000	6	52	1	5	2	3	6	2	8	3	3	8	5	3	8	5	4	6	8	5	
9590.000000	7	62	2	7	2	3	6	3	7	6	4	6	3	9	6	4	6	10	9	6	
9600.000000	6	61	1	7	4	5	6	4	7	7	6	7	3	7	4	8	5	11	8	7	
9610.000000	6	51	3	6	5	6	5	8	6	5	8	7	5	7	4	6	3	7	8	6	
9620.000000	7	54	5	8	4	8	6	7	8	5	9	5	8	5	7	5	3	8	8	7	
9630.000000	8	51	5	6	8	4	7	9	10	6	7	4	7	6	5	3	3	8	9	4	
9640.000000	5	48	6	3	8	3	6	11	12	5	6	2	9	4	5	2	5	6	6	4	
9650.000000	7	49	8	3	8	3	5	9	11	1	4	5	9	9	7	2	6	4	4	3	
9660.000000	7	57	5	4	7	6	5	6	9	3	5	6	7	8	5	2	8	4	2	5	
9670.000000	7	53	3	5	4	6	4	3	13	1	8	6	7	5	8	1	7	4	4	3	
9680.000000	8	56	3	3	2	9	6	3	11	2	6	5	5	8	6	3	8	4	6	6	
9690.000000	5	59	4	2	2	9	9	3	8	1	5	4	5	6	7	1	8	4	4	6	
9700.000000	9	52	4	4	3	9	4	5	8	2	5	5	7	3	8	1	5	7	5	10	
9710.000000	6	55	4	3	2	8	5	5	7	2	4	5	8	4	5	4	5	6	7	11	
9720.000000	9	50	3	7	3	7	3	6	7	4	4	3	5	3	5	4	5	5	5	9	
9730.000000	5	48	4	5	4	5	3	3	9	6	5	3	5	1	3	8	4	5	9	7	
9740.000000	7	57	3	8	4	4	1	5	8	7	6	3	3	1	5	3	4	3	9	8	
9750.000000	9	64	3	8	4	3	1	6	7	9	3	5	3	3	4	6	4	5	8	4	
9760.000000	11	56	2	5	4	1	5	5	10	9	6	4	3	6	4	5	4	5	9	5	
9770.000000	11	59	1	3	3	2	5	5	10	8	9	5	4	5	4	3	4	3	6	4	
9780.000000	9	54	2	4	2	4	5	3	8	7	13	3	5	6	6	3	4	3	5	5	
9790.000000	8	48	1	3	3	2	4	5	7	7	9	2	6	5	7	5	5	1	3	5	
9800.000000	8	54	3	3	4	6	3	5	4	5	8	3	7	4	6	6	4	2	5	9	
9810.000000	7	60	2	1	5	3	5	4	6	7	8	4	8	5	8	5	4	5	4	7	
9820.000000	10	67	2	4	1	3	5	5	8	7	10	6	9	5	8	5	1	4	4	5	
9830.000000	13	62	5	4	3	7	5	5	7	7	10	6	13	7	9	4	2	3	4	7	
9840.000000	13	55	5	4	4	6	6	4	5	5	11	5	11	9	7	4	1	3	5	10	
9850.000000	9	49	4	3	5	9	5	3	6	5	11	5	12	8	5	6	2	5	6	15	
9860.000000	9	59	7	1	4	11	6	5	5	2	11	4	13	8	6	5	1	4	6	11	
9870.000000	8	55	6	2	7	8	2	3	4	4	11	9	10	7	6	6	1	3	5	10	
9880.000000	7	54	9	5	9	8	4	2	5	5	9	8	9	4	6	4	4	3	7	10	
9890.000000	8	49	8	4	7	7	5	2	6	6	9	7	5	4	6	5	3	4	3	8	
9900.000000	4	49	5	5	10	4	4	2	3	3	11	4	4	3	6	5	3	4	1	6	
9910.000000	2	48	5	5	4	6	2	2	7	2	14	4	3	4	5	6	1	3	2	6	
9920.000000	4	43	5	5	6	8	2	3	7	4	13	6	2	6	6	6	2	5	4	5	
9930.000000	4	48	4	3	7	4	3	4	6	7	10	4	4	6	5	4	3	5	3	6	
9940.000000	3	50	2	2	5	5	2	4	4	7	8	5	5	8	5	1	4	4	3	5	
9950.000000	3	58	1	2	5	7	4	3	1	6	6	4	3	6	5	3	4	3	4	2	
9960.000000	8	56	3	1	5	9	4	3	2	5	5	1	6	5	9	3	5	4	3	3	
9970.000000	6	52	6	2	6	10	4	4	5	5	4	4	7	4	8	4	3	2	3	5	
9980.000000	3	53	6	5	6	10	4	2	7	3	3	2	3	4	8	6	3	2	3	6	
9990.000000	3	44	6	1	7	7	5	4	6	4	5	6	5	3	8	7	4	2	4	7	
10000.000000	1	43	7	3	6	7	7	2	6	2	6	7	4	3	6	5	6	3	6	6	
