0.000000	10	10	10	10	10	10	0	0	0	0	0	0	0	0	0	0	0	0	0	0	
0.000000	10	10	10	10	10	10	0	0	1	0	0	0	0	0	0	0	0	0	0	0	
10.000000	91	21	8	54	16	18	3	77	5	0	3	57	49	0	0	0	11	1	75	17	
20.000000	154	20	9	46	16	16	2	135	4	0	11	78	44	0	0	0	10	1	135	15	
30.000000	224	15	9	43	21	16	2	204	3	0	16	77	42	0	0	0	8	1	195	16	
40.000000	292	14	11	41	23	14	1	251	3	0	22	78	39	0	0	0	8	1	259	18	
50.000000	350	13	10	37	23	13	1	301	3	0	32	79	35	0	0	0	7	1	306	23	
60.000000	400	12	12	35	26	12	1	348	3	0	48	78	34	0	0	0	6	1	361	30	
70.000000	443	12	11	33	21	12	1	400	3	0	68	68	28	0	0	0	6	1	399	42	
80.000000	476	10	10	29	18	12	1	454	2	0	98	64	24	0	0	0	5	1	407	45	
90.000000	512	10	9	26	18	11	0	502	2	0	134	59	24	0	0	0	5	1	420	56	
100.000000	547	10	9	24	17	10	0	543	1	0	178	54	23	0	0	0	4	1	416	70	
110.000000	586	10	8	23	16	10	0	586	1	0	226	52	21	0	0	0	4	1	405	81	
120.000000	614	10	9	22	13	10	0	622	1	0	263	49	20	0	0	0	4	1	391	86	
130.000000	645	9	9	19	12	8	0	635	0	0	300	47	19	0	0	23	3	1	364	87	
140.000000	671	9	9	18	12	6	0	678	0	0	349	43	17	0	0	102	3	1	351	87	
150.000000	700	9	8	17	11	6	0	710	0	0	378	44	17	0	0	152	3	1	338	80	
160.000000	736	9	7	16	10	6	0	760	0	0	393	44	15	0	0	198	2	1	338	72	
170.000000	751	8	7	16	7	6	0	772	0	0	428	42	14	0	0	235	2	1	336	68	
180.000000	804	8	5	15	6	5	0	785	0	0	434	41	13	0	0	270	2	1	330	64	
190.000000	824	7	5	14	4	4	0	794	0	0	446	38	12	0	0	301	2	1	340	56	
200.000000	847	5	5	12	4	4	0	800	0	0	450	39	12	0	0	318	2	1	346	53	
210.000000	861	5	5	11	4	4	0	804	0	0	468	37	12	0	0	340	2	1	359	50	
220.000000	892	4	6	10	4	4	0	802	0	0	472	38	11	0	0	355	2	1	362	44	
230.000000	886	3	5	10	4	3	0	817	0	0	464	36	10	0	0	355	2	1	375	38	
240.000000	910	3	6	8	4	6	0	832	0	0	464	34	10	0	0	359	6	1	409	35	
250.000000	910	3	5	7	4	6	0	865	0	0	443	31	9	0	0	371	4	1	417	34	
260.000000	929	3	3	6	4	6	0	895	0	0	434	25	9	0	0	359	3	1	450	32	
270.000000	912	3	2	6	3	6	0	891	0	0	431	22	8	0	0	353	3	1	470	32	
280.000000	898	3	1	6	3	5	0	900	0	0	415	21	7	0	0	346	2	1	492	32	
290.000000	895	3	1	6	2	4	0	903	0	0	391	20	7	0	0	345	2	1	510	28	
300.000000	905	3	1	5	2	2	0	915	0	0	376	20	7	0	0	329	2	1	524	26	
310.000000	904	2	2	5	2	1	0	925	0	0	371	22	6	0	0	323	1	1	546	25	
320.000000	902	2	2	5	2	1	0	918	0	0	354	20	5	0	0	316	1	1	566	24	
330.000000	904	2	2	4	2	1	0	908	0	0	342	19	4	0	0	306	1	1	585	21	
340.000000	915	2	2	4	1	0	0	915	0	0	332	18	4	0	0	287	1	1	629	20	
350.000000	927	1	2	4	1	0	0	911	0	0	316	15	4	0	0	271	1	1	655	19	
360.000000	911	1	2	3	1	0	0	907	0	0	301	14	4	0	0	262	1	1	686	15	
370.000000	912	1	2	3	1	0	0	916	0	0	279	14	3	0	0	250	1	1	714	15	
380.000000	941	0	2	3	1	0	0	917	0	0	259	15	3	0	0	240	1	1	712	14	
390.000000	940	0	2	2	1	0	0	921	0	0	239	14	2	0	0	227	1	1	728	13	
400.000000	941	0	2	2	1	0	0	935	0	0	224	14	2	0	0	216	1	1	731	12	
410.000000	954	0	94	2	69	0	0	924	0	0	214	14	2	0	0	197	0	1	748	12	
420.000000	963	0	173	2	144	0	0	940	0	0	194	14	2	0	0	188	0	1	754	11	
430.000000	936	0	233	1	238	2	0	947	0	0	188	13	1	0	0	178	0	1	757	11	
440.000000	935	0	311	1	306	2	6	943	0	0	175	13	0	0	0	166	0	1	756	21	
450.000000	956	0	362	1	375	2	14	941	0	0	176	13	0	0	0	164	0	1	748	27	
460.000000	956	0	420	1	423	2	17	957	0	0	178	12	0	0	0	176	0	1	742	32	
470.000000	980	0	482	1	469	2	22	950	0	0	195	11	0	0	0	196	0	1	737	38	
480.000000	974	0	548	1	509	2	32	944	0	1	219	10	0	0	0	207	0	1	725	40	
490.000000	985	0	593	1	549	2	36	965	0	1	235	10	0	0	0	221	0	1	709	40	
500.000000	994	0	645	1	579	1	37	976	0	1	247	10	0	0	0	230	0	1	704	35	
510.000000	985	1	673	1	601	0	36	980	0	1	259	11	0	0	0	243	0	1	688	33	
520.000000	980	1	690	1	613	0	39	990	0	1	254	10	0	0	0	241	0	1	700	32	
530.000000	1004	17	692	1	605	12	38	977	0	0	256	9	0	0	0	244	11	1	693	32	
540.000000	985	18	637	1	558	13	39	955	0	0	251	10	0	0	0	238	11	1	706	28	
550.000000	1001	17	594	1	505	12	43	934	0	0	242	9	0	0	0	247	11	1	693	26	
560.000000	997	16	545	1	457	11	43	939	0	0	245	8	0	0	0	246	11	1	703	26	
570.000000	988	15	494	0	417	8	45	943	0	0	244	8	0	0	0	237	11	1	693	26	
580.000000	1004	15	460	0	380	8	44	931	0	0	239	8	0	0	0	233	11	1	697	27	
590.000000	1012	13	428	0	358	8	44	943	0	0	225	9	0	0	0	225	11	1	716	25	
600.000000	1036	13	391	0	334	7	48	944	0	0	224	10	0	0	0	229	9	1	727	25	
610.000000	1038	10	370	0	310	7	49	939	0	0	228	10	0	0	0	228	9	1	737	24	
620.000000	1038	10	348	0	285	7	47	955	0	0	236	10	0	0	0	226	9	1	753	27	
630.000000	1048	18	329	0	263	19	49	942	0	0	227	10	1	0	0	231	26	0	745	26	
640.000000	1050	18	317	0	248	18	43	921	0	0	223	10	1	0	0	237	24	1	739	24	
650.000000	1028	19	308	0	229	23	41	914	0	0	214	10	1	0	0	228	24	1	754	22	
660.000000	1027	19	287	0	209	19	34	920	0	0	207	9	1	0	0	220	20	1	786	20	
670.000000	1034	19	272	0	197	18	33	922	0	0	207	9	1	0	0	223	24	0	790	18	
680.000000	1040	21	271	0	180	19	30	904	0	0	205	8	1	0	0	217	30	1	787	17	
690.000000	1031	20	271	0	168	17	28	870	0	0	191	8	1	0	0	202	28	1	813	15	
700.000000	1037	19	260	0	155	17	27	873	0	0	181	6	1	0	0	191	26	1	817	15	
710.000000	1038	18	252	0	148	15	27	845	0	0	168	4	1	0	0	188	24	1	834	14	
720.000000	1034	36	272	1	131	43	24	809	0	0	153	4	1	0	0	183	47	1	816	14	
730.000000	1029	31	274	0	123	39	23	790	0	0	148	4	1	0	0	164	38	1	810	13	
740.000000	1012	27	281	0	115	36	21	774	0	0	135	4	1	0	0	156	34	1	834	10	
750.000000	1008	25	280	0	107	36	19	750	0	0	125	5	1	0	0	143	33	1	827	9	
760.000000	979	24	275	0	100	34	18	743	0	0	115	5	1	0	0	140	27	1	829	9	
770.000000	971	20	272	0	94	31	17	750	0	0	110	5	1	0	0	129	24	1	824	8	
780.000000	976	18	275	0	89	28	15	752	0	0	96	5	1	0	0	126	22	1	828	8	
790.000000	1001	17	271	0	83	26	14	766	0	0	87	5	1	0	0	117	21	1	835	7	
800.000000	999	15	257	0	79	24	13	780	0	0	81	5	1	0	0	110	18	1	825	6	
810.000000	990	14	252	0	79	19	13	781	0	0	75	6	1	0	0	97	18	1	827	6	
820.000000	1004	12	241	0	75	18	13	801	0	0	72	6	1	1	0	88	15	1	806	6	
830.000000	1018	10	218	0	69	16	15	819	0	0	66	6	0	1	0	83	12	1	739	14	
840.000000	1011	9	198	0	60	15	41	824	0	0	67	6	0	1	0	90	9	1	675	25	
850.000000	999	9	189	0	57	15	52	828	0	0	82	4	0	1	0	115	9	1	619	44	
860.000000	993	9	173	0	56	15	57	848	0	0	116	5	0	1	0	138	9	1	572	55	
870.000000	993	8	157	0	49	12	52	852	0	0	142	6	0	1	0	171	9	1	524	56	
880.000000	998	8	145	0	46	12	55	858	0	0	176	8	0	1	0	206	9	1	478	52	
890.000000	971	7	135	0	43	11	55	870	0	0	211	4	0	1	0	227	7	1	436	53	
900.000000	978	7	124	0	41	11	55	874	0	0	236	5	0	1	0	256	7	1	410	55	
910.000000	980	7	113	0	40	11	52	864	0	0	266	9	0	1	0	272	6	1	372	52	
920.000000	988	7	107	0	36	10	52	876	0	0	283	8	0	1	0	304	6	1	343	49	
930.000000	984	6	93	0	28	10	51	890	0	0	313	8	0	1	0	322	5	1	316	52	
940.000000	963	5	84	0	26	10	48	899	0	0	331	8	0	1	0	335	5	1	300	50	
950.000000	959	5	80	0	24	9	45	922	0	0	353	10	0	1	0	338	3	1	277	45	
960.000000	965	5	73	0	22	8	44	923	0	0	359	14	0	1	0	343	3	1	251	44	
970.000000	986	5	67	0	20	8	44	915	0	0	375	17	0	1	0	362	3	1	228	42	
980.000000	968	5	63	0	18	7	43	936	0	0	376	19	0	0	0	369	3	1	252	39	
990.000000	978	4	60	0	17	7	39	951	0	0	367	20	0	0	0	373	3	1	289	33	
1000.000000	970	3	54	0	16	7	36	986	0	0	356	21	0	0	0	377	3	1	310	34	
1010.000000	986	2	50	0	16	7	37	982	0	0	349	20	0	0	0	364	3	1	329	30	
1020.000000	994	2	48	0	16	5	33	990	0	0	352	23	0	0	0	363	3	1	364	29	
1030.000000	1007	2	46	0	16	5	32	1012	0	0	337	24	0	0	0	347	2	1	404	27	
1040.000000	1010	11	45	0	13	24	29	1003	0	0	327	22	0	0	0	344	16	1	421	25	
1050.000000	1016	12	49	0	13	24	28	971	0	0	312	21	0	0	0	342	17	0	458	23	
1060.000000	998	15	52	0	13	27	26	966	0	0	308	19	0	0	0	328	18	1	483	19	
1070.000000	1019	14	55	0	12	25	25	956	0	0	290	18	0	0	0	317	16	1	499	20	
1080.000000	1024	14	61	0	12	24	26	942	0	0	263	18	0	0	0	306	16	1	523	23	
1090.000000	1033	14	57	0	11	23	25	923	0	0	258	18	0	0	0	291	12	1	543	23	
1100.000000	1029	14	57	0	12	22	27	921	0	0	238	19	0	0	0	288	12	1	546	23	
1110.000000	1037	13	52	0	11	22	26	923	0	0	231	17	0	0	0	290	12	1	569	26	
1120.000000	1030	12	50	0	10	21	24	938	0	0	233	18	0	0	0	282	11	1	583	29	
1130.000000	1023	12	50	0	11	20	24	945	0	0	238	18	0	0	0	270	10	1	590	27	
1140.000000	1015	9	52	0	10	19	24	943	0	0	239	14	0	0	0	268	9	1	598	28	
1150.000000	1012	8	48	0	10	16	22	944	0	0	245	15	0	0	0	259	9	1	587	30	
1160.000000	998	8	50	0	9	21	28	943	0	0	264	16	0	0	0	262	10	1	603	31	
1170.000000	989	7	45	0	8	18	31	947	0	0	269	16	0	0	0	264	9	1	606	27	
1180.000000	984	7	42	0	6	18	33	952	0	0	262	15	0	0	0	253	9	1	619	28	
1190.000000	966	5	41	0	5	17	35	955	0	0	258	13	0	0	0	254	8	1	639	29	
1200.000000	969	5	42	0	4	16	35	956	0	0	265	12	0	0	0	256	7	1	647	28	
1210.000000	969	5	42	0	4	15	32	958	0	0	262	12	0	0	0	256	7	1	660	29	
1220.000000	972	3	40	0	4	13	32	957	0	0	252	11	0	0	0	256	7	1	671	25	
1230.000000	978	6	40	1	3	16	32	956	0	0	240	10	0	0	0	245	11	1	688	24	
1240.000000	976	6	39	1	2	13	33	973	0	0	239	10	0	0	0	241	9	1	702	24	
1250.000000	976	6	40	1	2	13	32	973	0	0	231	10	0	0	0	236	7	1	734	24	
1260.000000	951	4	40	1	2	12	34	975	0	0	235	10	0	0	0	229	6	1	726	26	
1270.000000	950	4	36	1	1	11	34	984	0	0	235	9	0	0	0	237	6	1	720	24	
1280.000000	949	4	35	1	1	11	34	998	0	0	238	8	0	0	0	227	5	1	698	25	
1290.000000	932	3	34	1	1	11	37	1003	0	0	233	9	0	0	0	224	4	1	703	27	
1300.000000	922	3	33	1	1	10	38	1023	0	0	234	8	0	0	0	224	4	1	723	29	
1310.000000	908	2	32	0	1	10	36	1001	0	0	238	7	0	0	0	222	4	1	720	31	
1320.000000	917	2	30	0	1	8	35	1021	0	0	243	8	0	0	0	230	3	1	707	37	
1330.000000	922	2	28	0	1	8	34	1010	0	0	247	8	0	0	0	243	2	1	707	34	
1340.000000	917	2	26	0	0	8	33	1007	0	0	246	8	0	0	0	242	2	1	705	36	
1350.000000	918	2	22	0	0	8	36	1018	0	0	260	6	0	0	0	249	2	1	708	36	
1360.000000	917	2	22	0	0	7	33	1033	0	0	273	7	0	0	0	251	2	1	708	36	
1370.000000	909	2	22	0	0	5	35	1013	0	0	287	7	0	0	0	257	2	1	695	33	
1380.000000	906	2	21	0	0	4	35	1008	0	0	289	6	0	0	0	259	2	1	688	40	
1390.000000	902	2	20	0	0	4	35	1018	0	0	298	5	0	0	0	259	2	1	661	42	
1400.000000	912	2	18	0	0	4	34	1008	0	0	302	5	0	0	0	283	2	1	670	41	
1410.000000	931	2	18	0	0	4	32	1007	0	0	320	5	0	0	0	291	2	1	657	39	
1420.000000	916	2	18	0	0	4	34	1024	0	0	339	3	0	0	0	298	2	1	659	40	
1430.000000	946	2	16	0	0	3	27	1025	0	0	359	4	0	0	0	304	2	1	666	38	
1440.000000	946	2	14	0	0	3	28	1005	0	0	349	3	0	0	0	319	2	1	668	35	
1450.000000	957	3	13	0	0	3	30	988	0	0	355	3	0	0	0	324	2	0	670	36	
1460.000000	966	3	12	0	0	5	27	975	0	0	356	5	0	0	0	327	2	1	657	38	
1470.000000	977	3	12	0	0	4	26	988	0	0	362	5	0	0	0	326	1	1	647	38	
1480.000000	993	5	11	1	0	5	26	995	0	0	357	3	0	0	0	330	7	1	642	33	
1490.000000	988	5	9	1	0	5	28	985	0	0	353	4	0	0	0	338	7	1	638	32	
1500.000000	1002	5	10	1	0	5	28	997	0	0	342	6	0	0	0	338	7	1	663	31	
1510.000000	1010	5	12	1	0	4	28	1005	0	0	343	6	0	0	0	331	7	1	657	31	
1520.000000	998	5	12	1	0	4	29	1019	0	0	337	6	0	0	0	328	7	1	666	36	
1530.000000	988	5	12	1	0	3	31	1029	0	0	335	5	0	0	0	334	7	1	666	36	
1540.000000	996	5	12	1	0	2	28	1026	0	0	340	4	0	0	0	330	6	1	664	35	
1550.000000	1002	5	11	1	0	2	30	1028	0	0	358	2	0	0	0	329	5	1	679	35	
1560.000000	1015	5	11	1	0	2	30	1031	0	0	352	6	0	0	0	324	4	1	681	36	
1570.000000	1012	5	9	1	0	1	25	1034	0	0	359	7	0	0	0	329	4	1	688	37	
1580.000000	1023	5	7	1	0	1	23	1056	0	0	349	5	0	0	0	324	4	1	689	40	
1590.000000	1018	4	8	1	0	0	22	1050	0	0	361	5	0	0	0	316	3	1	677	38	
1600.000000	1022	4	7	1	0	0	21	1058	0	0	365	5	0	0	0	320	3	1	674	36	
1610.000000	1028	9	7	1	0	8	22	1056	0	0	352	5	0	0	0	320	9	1	686	30	
1620.000000	1052	6	9	1	0	8	22	1046	0	0	340	5	0	0	0	308	9	1	691	28	
1630.000000	1061	6	9	1	0	4	23	1040	0	0	316	4	0	0	0	306	8	1	698	27	
1640.000000	1042	6	8	1	0	4	23	1021	0	0	312	5	0	0	0	304	8	1	707	24	
1650.000000	1038	4	9	0	0	4	26	1022	0	0	279	4	0	0	0	303	8	1	718	25	
1660.000000	1015	4	10	0	0	4	26	1048	0	0	269	3	0	1	0	292	7	1	721	22	
1670.000000	1015	4	9	0	0	4	28	1022	0	0	256	3	0	1	0	281	7	1	653	21	
1680.000000	1022	3	8	0	0	4	31	1006	0	0	247	3	0	1	0	269	6	1	610	23	
1690.000000	1029	2	7	0	0	4	31	1021	0	0	245	3	0	1	0	268	5	1	560	24	
1700.000000	1029	2	6	0	0	4	32	1029	0	0	244	3	0	1	0	260	4	1	506	22	
1710.000000	1049	2	6	0	0	4	34	1022	0	0	239	4	0	1	0	258	4	1	464	22	
1720.000000	1048	21	6	0	0	23	32	1035	0	0	242	6	0	1	0	251	23	1	438	22	
1730.000000	1055	20	5	0	3	19	34	1032	0	0	240	6	0	1	0	243	20	1	400	23	
1740.000000	1048	20	5	0	3	19	30	989	0	0	240	10	0	1	0	240	18	1	373	25	
1750.000000	1041	20	5	0	6	19	31	972	0	0	249	11	0	1	0	235	18	1	335	30	
1760.000000	1039	17	5	0	6	19	34	969	0	0	250	18	0	1	0	237	17	1	303	38	
1770.000000	1055	17	5	0	6	16	33	955	0	0	251	21	0	1	0	236	16	1	274	37	
1780.000000	1077	17	4	0	6	15	39	946	0	0	259	20	0	1	0	242	16	1	247	36	
1790.000000	1096	17	4	0	6	13	43	954	0	0	263	21	0	2	0	260	13	1	226	36	
1800.000000	1087	17	4	0	8	13	44	928	0	0	274	23	0	2	0	258	13	1	212	32	
1810.000000	1062	14	1	0	7	13	43	937	0	0	270	24	0	2	0	249	13	1	194	30	
1820.000000	1046	12	1	0	6	12	39	948	0	0	267	29	0	2	0	252	13	1	178	32	
1830.000000	1047	10	1	0	4	10	44	961	0	0	263	25	0	2	0	242	12	1	167	31	
1840.000000	1048	9	1	0	4	9	42	956	0	0	278	35	0	2	0	252	12	1	150	35	
1850.000000	1058	9	0	0	4	9	42	955	0	0	304	40	0	2	0	272	11	1	133	39	
1860.000000	1064	9	0	0	4	8	43	956	0	0	297	47	0	2	0	265	8	1	119	38	
1870.000000	1060	9	0	0	4	8	42	966	0	0	292	60	0	2	0	272	7	1	114	38	
1880.000000	1033	7	0	0	5	7	45	953	0	0	302	65	0	0	0	269	7	1	114	37	
1890.000000	1027	7	2	0	5	7	44	932	0	0	317	68	0	0	0	264	7	1	159	40	
1900.000000	1035	7	2	0	5	6	42	926	0	0	319	68	0	0	0	278	6	1	208	39	
1910.000000	1052	6	2	0	5	5	41	938	0	0	323	70	0	0	0	295	6	1	239	37	
1920.000000	1037	6	4	0	2	4	44	957	0	0	330	67	0	0	0	293	6	1	279	32	
1930.000000	1028	6	5	0	1	4	44	958	0	0	335	62	0	0	0	288	4	1	312	32	
1940.000000	1019	5	5	0	1	4	42	969	0	0	346	61	0	0	0	295	4	1	334	31	
1950.000000	1021	4	4	0	1	4	40	966	0	0	344	54	0	0	0	283	4	1	364	30	
1960.000000	1026	3	6	0	1	3	39	992	0	0	332	53	0	0	0	285	4	2	390	28	
1970.000000	1015	2	5	0	1	2	34	1021	0	0	321	47	0	0	0	276	4	2	424	27	
1980.000000	1019	2	4	0	1	2	34	1019	0	0	321	43	0	0	0	261	3	2	455	27	
1990.000000	1041	2	3	0	1	2	32	1012	0	0	304	37	0	0	0	253	3	2	481	29	
2000.000000	1048	2	1	0	1	2	33	1025	0	0	318	31	0	0	0	247	1	2	505	24	
2010.000000	1035	2	1	0	1	2	40	1006	0	0	303	28	0	0	0	235	1	2	510	28	
2020.000000	1035	2	1	0	1	2	43	1016	0	0	289	29	0	0	0	237	1	3	527	33	
2030.000000	1016	2	1	0	1	2	41	1034	0	0	287	28	0	0	0	239	1	3	553	34	
2040.000000	1006	2	1	0	0	2	41	1034	0	0	278	27	0	0	0	245	1	3	551	32	
2050.000000	1004	2	1	0	0	2	42	1026	0	0	298	25	0	0	0	244	1	3	560	38	
2060.000000	999	2	0	0	0	2	37	1026	0	0	298	22	0	0	0	260	1	2	567	42	
2070.000000	1005	2	0	0	0	1	37	1025	0	0	312	21	0	0	0	273	1	1	581	42	
2080.000000	1007	2	0	0	0	1	41	1027	0	0	325	21	0	0	0	283	1	1	593	41	
2090.000000	1011	2	0	0	0	0	39	1014	0	0	341	18	0	0	0	305	1	1	604	39	
2100.000000	1030	2	0	0	0	0	35	1047	0	0	349	19	0	0	0	307	1	1	606	37	
2110.000000	1023	2	0	0	0	0	33	1053	0	0	358	17	0	0	0	307	1	1	609	34	
2120.000000	1026	2	1	0	0	0	32	1064	0	0	341	17	0	0	0	295	1	1	608	33	
2130.000000	1017	2	1	0	0	0	30	1056	0	0	347	15	0	0	0	292	1	1	614	33	
2140.000000	1031	2	1	0	0	0	32	1043	0	0	344	14	0	0	0	294	1	1	597	30	
2150.000000	1041	1	54	0	54	0	35	1036	0	1	338	15	0	0	0	284	0	1	601	30	
2160.000000	1049	0	145	0	131	0	32	1013	0	1	339	13	0	0	0	288	0	1	610	30	
2170.000000	1048	0	250	0	203	0	31	1005	0	1	327	13	0	0	0	281	0	1	638	29	
2180.000000	1035	2	293	0	254	3	32	1011	0	1	310	14	0	0	0	276	2	1	635	29	
2190.000000	1016	3	271	0	230	4	29	1005	0	1	306	13	0	0	0	276	6	1	634	32	
2200.000000	1008	3	254	0	216	3	28	996	0	1	308	13	0	0	0	281	5	1	661	29	
2210.000000	989	3	236	0	198	2	31	979	0	1	298	13	0	0	0	277	4	1	658	32	
2220.000000	974	6	218	0	184	6	33	976	0	1	295	12	0	0	0	271	7	0	679	28	
2230.000000	985	7	202	0	170	6	30	984	0	1	290	11	0	0	0	263	11	1	693	27	
2240.000000	984	7	185	0	159	6	32	992	0	1	279	9	0	0	0	253	11	1	709	29	
2250.000000	987	7	182	0	145	6	35	979	0	1	285	10	0	0	0	243	11	1	687	32	
2260.000000	975	7	165	0	133	5	40	981	0	1	296	10	0	0	0	233	11	1	694	36	
2270.000000	981	6	155	0	122	3	40	971	0	1	302	6	0	0	0	242	9	1	686	39	
2280.000000	986	6	147	0	117	3	38	964	0	1	298	6	0	0	0	252	8	1	680	38	
2290.000000	961	6	133	0	106	2	39	969	0	1	300	8	0	0	0	259	7	1	672	37	
2300.000000	974	7	125	0	99	11	37	954	0	1	307	8	0	0	0	260	19	1	693	33	
2310.000000	975	6	119	0	90	11	36	944	0	0	297	9	0	0	0	258	17	1	685	37	
2320.000000	979	6	112	0	80	10	36	932	0	0	293	8	0	0	0	273	15	1	661	34	
2330.000000	949	5	111	0	75	10	36	911	0	0	285	6	0	0	0	284	14	1	663	34	
2340.000000	928	4	108	0	70	9	36	908	0	0	297	5	0	0	0	291	14	1	663	32	
2350.000000	935	4	100	0	65	7	32	919	0	0	299	5	0	0	0	287	12	1	666	34	
2360.000000	922	3	100	0	57	6	33	919	0	0	300	5	0	0	0	291	11	1	656	33	
2370.000000	918	3	97	0	56	5	30	912	0	0	300	5	0	0	0	289	10	1	664	33	
2380.000000	932	3	93	0	52	3	29	909	0	0	304	5	0	0	0	294	9	1	687	30	
2390.000000	940	2	89	0	48	3	26	926	0	0	300	4	0	0	0	298	9	1	694	29	
2400.000000	948	6	86	0	42	13	27	910	0	0	288	5	0	0	0	294	20	1	720	30	
2410.000000	938	6	92	0	40	11	24	906	0	0	287	5	0	0	0	293	18	1	712	29	
2420.000000	940	6	100	0	38	9	27	906	0	0	277	4	0	0	0	287	17	1	734	28	
2430.000000	956	6	101	0	36	8	24	898	0	0	273	4	0	0	0	292	16	1	734	31	
2440.000000	960	5	111	0	36	6	28	900	0	0	265	4	0	0	0	298	16	1	728	31	
2450.000000	942	5	107	0	34	6	26	916	0	0	261	3	0	0	0	295	16	1	724	30	
2460.000000	923	4	110	0	34	6	26	918	0	0	270	3	0	0	0	297	16	1	735	32	
2470.000000	903	4	107	0	31	6	25	918	0	0	268	4	0	0	0	300	14	1	710	33	
2480.000000	926	4	105	0	27	6	22	930	0	0	265	4	0	0	0	302	13	1	727	33	
2490.000000	936	4	96	0	26	6	21	950	0	0	269	5	0	0	0	310	13	1	726	35	
2500.000000	923	4	89	0	24	5	24	962	0	0	278	5	0	0	0	311	11	1	723	35	
2510.000000	933	7	91	0	22	7	23	968	0	0	280	4	0	0	0	322	19	1	730	31	
2520.000000	922	7	93	0	21	6	23	955	0	0	268	4	0	0	0	317	18	1	729	33	
2530.000000	948	6	96	0	19	6	27	954	0	0	271	4	0	0	0	315	18	1	710	32	
2540.000000	966	6	92	0	19	5	28	949	0	0	273	3	0	0	0	311	17	1	707	29	
2550.000000	979	7	92	0	15	6	28	950	0	0	268	4	0	0	0	299	15	1	702	31	
2560.000000	987	7	87	0	13	6	26	926	0	0	283	7	0	0	0	299	15	1	694	33	
2570.000000	972	11	86	0	13	15	28	934	0	0	279	9	0	0	0	306	19	1	702	30	
2580.000000	967	10	86	0	11	13	29	953	0	0	276	8	0	0	0	300	19	1	699	30	
2590.000000	955	10	89	0	10	12	25	965	0	0	272	6	0	0	0	298	16	1	719	26	
2600.000000	961	7	88	0	10	11	24	966	0	0	268	7	0	0	0	291	15	1	732	25	
2610.000000	965	7	91	0	10	11	25	963	0	0	267	7	0	0	0	277	15	1	754	23	
2620.000000	969	7	87	0	9	7	23	980	0	0	262	7	0	0	0	265	15	1	748	23	
2630.000000	972	7	86	0	9	6	20	993	0	0	263	7	0	0	0	257	15	1	765	23	
2640.000000	982	7	87	0	9	6	21	998	0	0	248	7	0	0	0	251	15	1	768	25	
2650.000000	956	7	88	0	7	5	19	991	0	0	251	6	0	0	0	249	13	1	766	26	
2660.000000	943	11	82	0	7	9	21	998	0	0	248	6	0	0	0	247	16	1	775	27	
2670.000000	938	10	79	0	6	9	18	983	0	0	250	6	0	0	0	252	16	1	755	29	
2680.000000	963	9	82	0	6	8	20	996	0	0	254	6	0	0	0	267	16	1	756	30	
2690.000000	936	7	82	0	6	7	23	984	0	0	255	7	0	0	0	271	13	1	756	32	
2700.000000	922	7	84	0	5	7	25	996	0	0	257	7	0	0	0	275	13	1	751	33	
2710.000000	916	7	81	0	5	7	27	984	0	0	275	6	0	0	0	271	13	1	751	31	
2720.000000	925	6	79	0	5	7	30	1005	0	0	276	6	0	0	0	266	13	1	772	27	
2730.000000	945	6	74	0	6	6	30	1001	0	0	276	5	0	0	0	276	12	1	787	30	
2740.000000	970	6	71	0	6	6	32	981	0	0	273	5	0	0	0	267	11	1	772	27	
2750.000000	987	5	72	0	6	6	31	980	0	0	262	4	0	0	0	264	10	1	760	26	
2760.000000	974	5	68	0	4	6	31	965	0	0	247	3	0	0	0	262	9	1	756	27	
2770.000000	953	8	72	0	3	8	32	966	0	0	236	3	0	0	0	246	13	1	750	25	
2780.000000	942	7	70	0	4	7	32	983	0	0	225	2	0	0	0	247	10	1	751	29	
2790.000000	949	6	66	0	4	7	40	963	0	0	229	2	0	0	0	242	10	1	737	31	
2800.000000	952	6	67	0	4	5	38	971	0	0	231	2	0	0	0	243	9	1	749	34	
2810.000000	952	6	65	0	5	5	40	973	0	0	234	2	0	0	0	253	9	1	754	35	
2820.000000	966	5	58	0	4	4	40	942	0	0	239	3	0	0	0	245	8	1	742	34	
2830.000000	962	5	60	0	4	4	38	950	0	0	245	4	0	0	0	261	6	1	720	39	
2840.000000	970	4	58	0	3	4	36	968	0	0	256	5	0	0	0	265	6	1	712	37	
2850.000000	962	4	53	0	3	3	34	968	0	0	261	4	0	0	0	287	5	1	701	39	
2860.000000	980	4	49	0	3	3	34	969	0	0	262	4	0	0	0	302	5	1	689	39	
2870.000000	988	4	44	0	3	3	29	960	0	0	279	4	0	0	0	314	5	1	685	38	
2880.000000	983	3	41	0	3	1	27	970	0	0	295	5	0	0	0	315	5	1	697	36	
2890.000000	984	3	40	0	3	1	32	964	0	0	302	4	0	0	0	317	3	1	711	35	
2900.000000	975	4	37	0	3	2	31	961	0	0	300	5	0	0	0	324	5	1	686	36	
2910.000000	968	4	36	0	3	1	30	970	0	0	303	5	0	0	0	327	5	1	676	32	
2920.000000	935	4	33	0	3	1	29	967	0	0	307	5	0	0	0	310	4	1	680	30	
2930.000000	937	4	31	0	1	1	27	957	0	0	296	4	0	0	0	302	4	1	681	24	
2940.000000	944	4	30	0	1	1	27	955	0	0	283	4	0	0	0	283	4	1	686	22	
2950.000000	962	4	26	0	1	1	29	955	0	0	264	4	0	0	0	266	4	1	678	27	
2960.000000	963	4	26	0	1	1	33	972	0	0	268	4	0	0	0	264	4	1	672	29	
2970.000000	960	3	23	0	1	1	38	959	0	0	266	4	0	0	0	257	4	1	672	32	
2980.000000	951	3	19	0	1	1	38	954	0	0	268	4	0	0	0	266	4	1	684	26	
2990.000000	943	2	18	0	1	1	34	951	0	0	258	3	0	0	0	261	4	1	696	25	
3000.000000	949	2	15	0	1	0	33	969	0	0	251	4	0	0	0	252	4	1	699	25	
3010.000000	949	2	14	0	1	0	33	973	0	0	249	7	0	0	0	257	3	1	732	27	
3020.000000	956	2	13	0	1	0	33	985	0	0	254	8	0	0	0	248	2	1	744	27	
3030.000000	971	2	12	0	1	0	33	973	0	0	251	8	0	0	0	250	2	1	742	29	
3040.000000	958	2	12	0	1	0	32	975	0	0	246	7	0	0	0	252	2	1	746	33	
3050.000000	950	2	10	0	1	0	30	952	0	0	248	7	0	0	0	248	2	1	723	33	
3060.000000	948	3	10	0	1	0	29	958	0	0	242	6	0	0	0	249	1	1	729	35	
3070.000000	950	2	9	0	1	0	31	958	0	0	241	6	0	0	0	256	1	1	718	34	
3080.000000	968	2	7	0	1	0	33	956	0	0	251	5	0	0	0	263	1	1	726	34	
3090.000000	940	2	6	0	1	0	27	920	0	0	255	4	0	0	0	272	1	1	710	34	
3100.000000	941	2	6	0	0	0	29	937	0	0	268	3	0	0	0	270	1	1	705	33	
3110.000000	958	2	6	0	0	0	28	945	0	0	270	3	0	0	0	266	1	1	695	36	
3120.000000	933	1	6	0	0	0	30	936	0	0	266	9	0	0	0	268	1	1	683	36	
3130.000000	942	0	36	0	30	0	28	972	0	0	284	9	0	0	0	274	0	1	683	33	
3140.000000	960	0	105	0	104	0	25	953	0	0	282	7	0	0	0	270	0	1	695	29	
3150.000000	984	0	181	0	173	0	27	957	0	0	278	7	0	0	0	275	0	1	699	29	
3160.000000	994	0	255	0	239	0	27	952	0	0	272	7	0	0	0	275	0	1	704	28	
3170.000000	1003	0	320	0	302	0	29	947	0	0	269	7	0	0	0	266	0	1	692	32	
3180.000000	999	0	378	0	364	0	27	952	0	0	265	7	0	0	0	264	0	1	688	32	
3190.000000	984	0	427	0	416	0	28	942	0	0	261	8	0	0	0	264	0	1	671	36	
3200.000000	975	0	470	0	474	0	29	956	0	0	266	7	0	0	0	271	0	1	676	36	
3210.000000	977	0	509	0	519	0	28	966	0	0	267	5	0	0	0	275	0	1	676	37	
3220.000000	960	0	549	0	532	0	28	958	0	1	265	4	0	0	0	285	2	1	670	33	
3230.000000	964	1	495	0	481	6	30	991	0	1	256	2	0	0	0	280	8	1	673	29	
3240.000000	973	1	456	0	448	6	30	981	0	1	256	2	0	0	0	281	5	1	667	35	
3250.000000	956	1	421	0	411	6	32	985	0	1	253	2	0	0	0	285	4	1	659	37	
3260.000000	946	6	399	0	387	13	31	986	0	1	264	2	0	0	0	303	18	1	649	36	
3270.000000	972	5	367	0	348	12	32	955	0	1	277	3	0	0	0	292	16	1	648	33	
3280.000000	959	5	346	0	316	11	30	931	0	1	272	3	0	0	0	289	15	1	648	28	
3290.000000	967	3	321	0	299	11	25	934	0	1	266	4	0	0	0	295	13	1	663	26	
3300.000000	976	3	300	0	272	10	21	946	0	0	263	3	0	0	0	298	13	1	647	28	
3310.000000	976	2	286	0	247	10	20	942	0	0	257	4	0	0	0	280	13	1	650	24	
3320.000000	994	1	265	0	226	9	17	953	0	0	246	4	0	0	0	276	10	1	656	26	
3330.000000	988	1	245	0	204	9	23	942	0	0	231	4	0	0	0	267	10	1	675	27	
3340.000000	986	1	231	0	193	9	26	953	0	0	228	5	0	0	0	266	9	1	668	27	
3350.000000	991	1	217	0	170	9	30	941	0	0	219	7	0	0	0	268	9	1	659	27	
3360.000000	991	1	204	0	158	8	31	946	0	0	216	7	0	0	0	267	9	1	676	29	
3370.000000	1006	1	186	0	153	7	31	941	0	0	223	6	0	0	0	262	9	1	683	30	
3380.000000	997	1	170	0	146	7	29	924	0	0	222	5	0	0	0	267	7	1	684	26	
3390.000000	999	1	157	0	134	7	33	911	0	0	227	5	0	0	0	267	6	1	688	30	
3400.000000	987	1	145	0	123	5	35	915	0	0	219	5	0	0	0	259	6	1	695	23	
3410.000000	978	2	133	0	114	5	35	931	0	0	213	6	0	0	0	259	4	1	707	25	
3420.000000	987	2	123	0	103	5	40	930	0	0	207	7	0	0	0	255	3	1	705	26	
3430.000000	992	2	116	0	93	5	41	914	0	0	204	7	0	0	0	252	3	1	718	26	
3440.000000	994	2	106	0	84	5	43	921	0	0	202	7	0	0	0	247	4	1	717	27	
3450.000000	1004	2	99	0	79	4	39	940	0	0	187	7	0	0	0	247	4	1	730	29	
3460.000000	1002	2	92	0	66	4	46	964	0	0	184	8	0	0	0	256	4	1	739	28	
3470.000000	1003	2	83	0	64	4	47	945	0	0	183	8	0	0	0	258	4	1	761	29	
3480.000000	996	2	78	0	61	4	41	935	0	0	192	6	0	0	0	259	4	1	757	30	
3490.000000	989	2	74	0	54	4	38	951	0	0	204	7	0	0	0	262	4	1	757	28	
3500.000000	994	2	70	0	50	2	39	946	0	0	203	6	0	0	0	278	4	1	758	30	
3510.000000	964	2	63	0	46	2	39	955	0	0	208	6	0	0	0	293	3	1	740	31	
3520.000000	965	2	60	0	43	2	40	948	0	0	219	7	0	0	0	279	3	1	736	29	
3530.000000	994	2	57	0	39	1	35	956	0	0	219	6	0	0	0	284	3	1	736	32	
3540.000000	996	2	51	0	36	1	31	961	0	0	228	5	0	0	0	279	2	1	733	29	
3550.000000	996	2	47	0	29	1	35	984	0	0	234	5	0	0	0	277	2	1	735	29	
3560.000000	991	2	41	0	29	1	33	975	0	0	230	6	0	0	0	268	2	1	733	28	
3570.000000	974	2	38	0	24	1	30	991	0	0	226	6	0	0	0	262	2	1	732	25	
3580.000000	973	2	33	0	21	1	28	975	0	0	219	5	0	0	0	252	2	1	721	28	
3590.000000	948	2	31	0	21	1	30	997	0	0	221	5	0	0	0	251	2	1	735	27	
3600.000000	963	2	30	0	19	1	30	1027	0	0	215	5	0	0	0	253	2	1	731	31	
3610.000000	965	2	27	0	17	1	28	1029	0	0	215	4	0	0	0	247	2	1	721	34	
3620.000000	942	2	25	0	14	1	26	1015	0	0	231	3	0	0	0	267	2	1	720	37	
3630.000000	958	2	24	0	13	1	27	1009	0	0	241	3	0	0	0	278	1	1	707	37	
3640.000000	960	2	23	0	12	1	28	1015	0	0	247	3	0	0	0	291	1	1	717	38	
3650.000000	955	1	19	0	11	1	31	1012	0	0	254	3	0	0	0	304	1	1	705	36	
3660.000000	946	3	17	0	10	4	31	1031	0	0	256	3	0	0	0	321	3	1	688	35	
3670.000000	935	4	16	0	9	4	33	1031	0	0	267	5	0	0	0	314	3	1	696	33	
3680.000000	933	17	14	0	8	27	31	1013	0	0	266	5	0	0	0	309	23	0	703	33	
3690.000000	927	17	27	0	10	27	29	1002	0	0	258	5	0	0	0	302	19	1	712	30	
3700.000000	919	17	33	0	11	23	28	981	0	0	259	3	0	0	0	300	18	1	712	32	
3710.000000	929	16	34	0	11	18	30	967	0	0	255	2	0	0	0	302	17	1	705	33	
3720.000000	931	14	34	0	10	17	26	970	0	0	255	3	0	0	0	303	17	1	698	34	
3730.000000	953	13	44	0	9	14	22	991	0	0	263	4	0	0	0	300	14	1	694	31	
3740.000000	973	12	41	0	8	11	20	994	0	0	262	5	0	0	0	306	12	1	685	33	
3750.000000	970	12	38	0	8	10	23	978	0	0	247	5	0	0	0	301	11	1	679	31	
3760.000000	969	12	38	0	7	9	22	974	0	0	234	5	0	0	0	303	10	1	689	29	
3770.000000	977	11	43	0	7	8	22	972	0	0	228	7	0	0	0	298	10	1	700	28	
3780.000000	999	11	42	0	6	7	24	994	0	0	234	5	0	0	0	294	10	1	710	29	
3790.000000	994	9	35	0	5	6	22	989	0	0	228	5	0	0	0	300	9	1	705	30	
3800.000000	986	9	35	0	6	6	23	1009	0	0	241	5	0	0	0	305	9	1	713	31	
3810.000000	996	8	36	0	6	6	24	1005	0	0	260	6	0	0	0	298	7	1	727	33	
3820.000000	1005	8	34	0	6	6	21	976	0	0	259	7	0	0	0	306	5	1	718	31	
3830.000000	973	7	31	0	6	5	21	974	0	0	261	7	0	0	0	301	5	1	723	31	
3840.000000	983	6	28	0	6	4	23	978	0	0	266	8	0	0	0	304	5	1	719	30	
3850.000000	1011	6	29	0	5	2	26	963	0	0	264	8	0	0	0	296	5	1	707	29	
3860.000000	998	6	29	0	5	5	25	970	0	0	265	9	0	0	0	287	7	1	702	30	
3870.000000	1016	5	29	0	5	5	26	967	0	0	265	9	0	0	0	276	4	1	693	28	
3880.000000	1018	3	27	0	4	5	24	986	0	0	261	8	0	0	0	268	3	1	704	28	
3890.000000	1027	4	24	0	4	4	27	971	0	0	260	8	0	0	0	251	3	1	692	29	
3900.000000	1024	4	22	0	3	4	28	966	0	0	261	7	0	0	0	244	3	1	697	28	
3910.000000	1007	4	21	0	3	4	31	969	0	0	257	6	0	0	0	254	3	1	696	28	
3920.000000	1013	3	19	0	3	3	32	961	0	0	257	6	0	0	0	259	3	1	678	27	
3930.000000	1013	3	18	0	3	2	34	962	0	0	248	5	0	0	0	248	3	1	685	25	
3940.000000	1007	3	16	0	3	1	31	951	0	0	256	5	0	0	0	246	2	1	694	27	
3950.000000	1000	3	14	0	3	1	29	948	0	0	245	4	0	0	0	249	2	1	711	26	
3960.000000	980	2	10	0	3	1	27	954	0	0	242	4	0	0	0	255	2	1	711	27	
3970.000000	978	2	9	0	3	0	31	962	0	0	251	4	0	0	0	256	2	1	727	26	
3980.000000	969	2	9	0	2	0	32	962	0	0	242	4	0	0	0	253	1	1	732	28	
3990.000000	942	2	41	0	49	0	34	980	0	0	248	3	0	0	0	248	0	1	738	32	
4000.000000	941	2	119	0	134	0	40	976	0	0	259	2	0	0	0	249	0	1	738	38	
4010.000000	972	2	200	0	205	0	39	987	0	0	268	2	0	1	0	255	0	1	719	43	
4020.000000	970	2	283	0	269	0	40	985	0	0	285	4	0	1	0	269	0	1	658	43	
4030.000000	994	2	321	0	328	0	42	974	0	1	299	3	0	1	0	272	0	1	597	44	
4040.000000	987	2	390	0	381	0	42	957	0	1	308	3	0	1	0	283	0	1	544	41	
4050.000000	980	2	431	0	446	0	41	951	0	1	316	3	0	1	0	281	0	1	488	39	
4060.000000	996	2	475	0	496	0	41	951	0	1	324	5	0	1	0	285	0	1	448	37	
4070.000000	989	1	540	0	531	0	41	931	0	1	326	6	0	2	0	287	0	1	403	40	
4080.000000	992	7	570	0	562	8	39	932	0	1	337	7	0	2	0	288	9	1	367	41	
4090.000000	980	7	530	0	517	7	35	935	0	1	336	6	0	2	0	306	9	1	340	39	
4100.000000	995	9	491	1	478	12	34	937	0	0	331	6	0	2	0	312	9	1	310	39	
4110.000000	981	9	442	1	449	10	32	952	0	0	328	9	0	2	0	307	7	1	284	40	
4120.000000	983	9	419	1	405	9	32	948	0	0	329	13	0	2	0	313	7	1	254	38	
4130.000000	978	9	395	1	370	8	30	943	0	0	331	14	0	2	0	313	7	1	233	36	
4140.000000	985	7	357	1	345	7	31	937	0	0	335	15	0	2	0	311	7	1	210	32	
4150.000000	975	6	334	1	324	7	31	932	0	0	341	20	0	2	0	318	7	1	189	30	
4160.000000	982	6	305	1	301	7	30	919	0	0	335	24	0	2	0	312	7	1	176	32	
4170.000000	998	6	288	1	277	7	30	918	0	0	328	29	0	2	0	309	6	1	166	31	
4180.000000	996	5	270	1	244	7	31	923	0	0	320	32	0	2	0	298	5	1	156	31	
4190.000000	996	5	246	1	227	6	31	916	0	0	312	38	0	2	0	288	4	1	144	30	
4200.000000	988	5	225	1	210	6	31	906	0	0	308	44	0	2	0	277	4	1	132	26	
4210.000000	973	5	212	1	196	5	31	916	0	0	287	54	0	2	0	260	4	1	125	27	
4220.000000	967	5	198	1	184	5	35	942	0	0	276	67	0	2	0	256	3	1	116	26	
4230.000000	1000	5	185	1	172	5	36	939	0	0	275	83	0	2	0	253	3	1	104	25	
4240.000000	997	5	166	1	157	4	37	948	0	0	269	94	0	2	0	243	3	1	97	27	
4250.000000	1001	3	149	1	146	3	37	938	0	0	266	101	0	2	0	234	2	1	88	26	
4260.000000	1013	2	140	1	134	3	40	950	0	0	270	109	0	1	0	229	2	1	78	29	
4270.000000	991	2	133	1	126	3	41	938	0	0	270	131	0	1	0	226	2	1	73	36	
4280.000000	989	2	120	1	116	3	42	938	0	0	276	154	0	1	0	224	2	1	63	38	
4290.000000	999	2	111	1	103	3	42	948	0	0	288	173	0	1	0	232	2	1	56	44	
4300.000000	1019	2	102	1	99	3	40	952	0	0	295	193	0	1	0	228	2	1	52	48	
4310.000000	1025	2	95	1	92	3	35	958	0	0	302	212	0	1	0	221	2	1	49	50	
4320.000000	1016	2	90	1	85	3	36	946	0	0	323	234	0	1	0	214	2	1	42	56	
4330.000000	1029	2	92	1	91	3	35	949	0	0	346	265	0	8	0	212	0	1	38	59	
4340.000000	1037	2	119	1	164	3	33	953	0	0	365	303	0	47	0	219	0	1	41	56	
4350.000000	1056	2	165	1	233	3	31	943	0	0	375	327	0	68	0	223	0	1	59	53	
4360.000000	1060	2	213	1	296	3	32	950	0	0	390	329	0	80	0	232	0	1	78	50	
4370.000000	1044	3	245	0	362	2	27	944	0	0	407	322	0	88	0	235	0	1	96	48	
4380.000000	1037	3	294	0	424	2	24	940	0	1	412	307	0	87	0	245	0	1	124	50	
4390.000000	1060	3	352	0	452	2	23	951	0	1	405	292	0	88	0	265	0	1	146	48	
4400.000000	1052	3	413	0	507	2	22	950	0	1	413	269	0	84	0	278	0	1	158	48	
4410.000000	1056	2	446	0	557	2	21	980	0	1	421	250	0	82	0	285	0	1	168	44	
4420.000000	1073	2	460	0	580	2	18	962	0	1	428	236	0	78	0	289	0	1	196	43	
4430.000000	1088	2	443	0	555	7	17	969	0	1	419	215	0	71	0	296	3	1	214	41	
4440.000000	1096	2	413	0	503	6	14	970	0	1	416	200	0	64	0	299	3	1	227	42	
4450.000000	1092	2	385	0	465	6	14	961	0	1	431	179	0	56	0	310	2	1	241	39	
4460.000000	1088	2	344	0	425	6	14	961	0	1	427	169	0	52	0	315	2	1	247	40	
4470.000000	1103	2	315	0	383	6	12	967	0	1	417	156	0	50	0	324	2	1	254	40	
4480.000000	1088	2	289	0	353	4	13	956	0	1	413	143	0	49	0	328	2	1	253	38	
4490.000000	1084	2	267	0	334	3	14	966	0	1	396	142	0	47	0	332	2	1	246	37	
4500.000000	1073	2	239	0	311	3	16	972	0	1	391	134	0	43	0	340	1	1	249	32	
4510.000000	1065	2	218	0	287	3	15	976	0	1	377	119	0	41	0	330	1	1	255	28	
4520.000000	1051	2	254	0	320	3	15	984	0	1	358	115	0	38	0	318	0	1	262	27	
4530.000000	1034	2	318	0	367	3	14	967	0	1	333	104	0	39	0	308	0	1	266	25	
4540.000000	1026	2	380	0	431	4	13	966	0	1	321	97	0	32	0	300	0	1	277	24	
4550.000000	1032	2	424	0	441	2	15	942	0	1	302	95	0	31	0	283	0	1	281	25	
4560.000000	1045	2	466	0	486	1	15	961	0	1	288	91	0	32	0	266	0	1	289	25	
4570.000000	1040	1	493	0	535	1	13	967	0	1	271	89	0	30	0	255	0	1	271	23	
4580.000000	1030	1	544	0	565	1	11	985	0	1	270	78	0	29	0	251	0	1	264	24	
4590.000000	1023	1	583	0	616	1	13	992	0	1	261	76	0	26	0	244	0	1	251	21	
4600.000000	1012	1	603	0	631	0	15	1000	0	0	259	74	0	26	0	231	0	1	245	18	
4610.000000	1007	1	628	0	667	0	15	975	0	0	253	67	0	27	0	227	0	1	232	21	
4620.000000	1013	2	622	0	634	1	16	985	0	0	243	65	0	24	0	221	1	1	224	21	
4630.000000	1017	2	573	0	583	1	16	999	0	0	246	62	0	23	0	212	1	1	219	23	
4640.000000	1006	2	545	0	535	1	17	1023	0	0	245	59	0	23	0	197	1	1	214	22	
4650.000000	994	2	505	0	482	1	20	1029	0	0	239	63	0	22	0	195	1	1	207	24	
4660.000000	979	2	472	0	434	1	24	1002	0	0	230	62	0	18	0	200	1	1	194	30	
4670.000000	986	1	423	0	398	1	25	1002	0	0	238	65	0	18	0	210	1	1	190	34	
4680.000000	990	1	383	0	371	1	28	1004	0	0	240	68	0	18	0	213	1	1	176	30	
4690.000000	992	1	347	0	329	1	25	993	0	0	242	73	0	15	0	211	1	1	163	32	
4700.000000	1004	1	317	0	306	0	24	977	0	0	245	72	0	15	0	212	1	1	160	36	
4710.000000	993	1	294	0	280	0	27	978	0	0	262	76	0	13	0	219	1	1	152	38	
4720.000000	986	2	267	0	257	0	28	977	0	0	268	79	0	13	0	248	1	1	133	34	
4730.000000	987	2	254	0	230	0	29	957	0	0	265	86	0	10	0	259	1	1	129	33	
4740.000000	987	2	235	0	211	0	28	947	0	0	267	91	0	9	0	260	1	1	119	31	
4750.000000	972	1	219	0	200	0	30	948	0	0	271	100	0	9	0	257	0	1	116	31	
4760.000000	990	0	270	0	274	0	32	955	0	0	282	113	0	13	0	256	0	1	105	33	
4770.000000	989	0	315	0	326	0	33	980	0	0	288	120	0	15	0	243	0	1	99	31	
4780.000000	978	0	336	0	372	0	31	962	0	0	283	118	0	20	0	236	0	1	100	31	
4790.000000	971	0	368	0	425	0	35	975	0	0	281	114	0	25	0	242	0	1	96	32	
4800.000000	974	0	413	0	477	0	32	970	0	0	284	123	0	29	0	248	0	1	97	35	
4810.000000	967	0	452	0	531	0	32	978	0	0	286	126	0	33	0	251	0	1	105	33	
4820.000000	962	0	478	0	595	0	31	965	0	0	285	143	0	33	0	251	0	1	114	33	
4830.000000	994	0	507	0	645	0	29	965	0	0	293	144	0	31	0	243	0	1	121	30	
4840.000000	1018	0	542	0	657	0	31	949	0	0	289	153	0	32	0	240	0	1	133	31	
4850.000000	1000	0	565	0	702	0	28	955	0	0	293	155	0	34	0	248	0	1	128	28	
4860.000000	1024	0	602	0	740	0	29	963	0	0	281	158	0	34	0	238	0	1	146	26	
4870.000000	1002	0	652	0	759	0	27	979	0	0	277	154	0	35	0	244	0	1	152	25	
4880.000000	997	0	677	0	764	0	29	974	0	0	261	144	0	35	0	228	0	1	143	25	
4890.000000	992	0	702	0	779	0	30	991	0	0	260	145	0	36	0	223	0	1	143	27	
4900.000000	1001	0	736	0	816	0	35	977	0	0	250	141	0	36	0	228	0	1	161	26	
4910.000000	987	0	747	0	842	0	33	991	0	0	244	141	0	33	0	235	0	1	170	25	
4920.000000	1008	0	768	0	865	0	33	993	0	0	237	134	0	31	0	240	0	1	185	25	
4930.000000	1019	0	758	0	868	0	32	984	0	0	240	124	0	32	0	238	0	1	198	29	
4940.000000	1026	0	770	0	874	0	27	999	0	0	240	120	0	33	0	241	0	1	205	28	
4950.000000	1037	0	798	0	875	0	30	984	0	0	232	113	0	31	0	229	0	1	203	28	
4960.000000	1044	0	828	0	889	0	32	958	0	1	232	114	0	33	0	229	0	1	192	31	
4970.000000	1034	1	767	0	838	5	31	966	0	1	235	116	1	31	0	229	4	1	167	30	
4980.000000	1025	11	704	2	776	10	28	978	0	0	230	115	0	30	0	229	10	1	158	29	
4990.000000	1026	9	651	2	725	9	32	962	0	0	233	110	0	26	0	238	9	1	149	31	
5000.000000	1014	8	603	2	673	9	34	955	0	0	238	111	0	24	0	232	9	1	142	28	
5010.000000	1025	7	556	2	621	9	35	964	0	0	242	115	0	22	0	232	7	1	140	29	
5020.000000	1013	7	511	2	573	9	36	973	0	0	261	122	0	19	0	235	7	1	134	32	
5030.000000	1026	7	475	2	526	9	36	983	0	0	257	131	0	16	0	230	6	1	126	34	
5040.000000	1023	7	434	2	486	9	36	988	0	0	260	128	0	15	0	231	5	1	120	31	
5050.000000	1010	7	402	1	445	9	37	975	0	0	257	132	0	13	0	236	5	1	110	33	
5060.000000	1013	7	361	1	402	6	40	968	0	0	255	136	0	13	0	241	4	1	104	31	
5070.000000	1021	6	341	0	380	6	41	954	0	0	257	143	0	12	0	241	4	1	96	26	
5080.000000	1003	5	317	1	347	8	43	947	0	0	265	143	0	11	0	231	5	1	86	28	
5090.000000	999	5	288	1	322	7	47	960	0	0	266	151	0	10	0	227	5	1	79	28	
5100.000000	996	3	253	1	300	6	50	963	0	0	272	158	0	9	0	224	4	1	77	31	
5110.000000	986	2	239	1	273	6	51	950	0	0	263	177	0	8	0	222	3	1	78	33	
5120.000000	990	1	220	1	246	5	51	974	0	0	263	184	0	8	0	216	2	1	75	33	
5130.000000	1000	1	207	1	226	4	53	972	0	0	278	198	0	8	0	219	1	1	70	39	
5140.000000	1003	3	184	3	212	8	48	985	0	0	280	209	4	8	0	233	9	1	63	34	
5150.000000	997	2	171	3	198	8	43	967	0	0	284	227	3	7	0	230	8	1	60	31	
5160.000000	1013	2	159	3	184	8	37	966	0	0	280	240	3	7	0	220	8	1	55	29	
5170.000000	1014	2	148	3	164	8	32	953	0	0	274	251	2	7	0	215	8	1	52	27	
5180.000000	1021	2	142	3	149	6	30	966	0	0	266	271	2	7	0	204	8	1	48	23	
5190.000000	1004	2	123	3	142	6	27	978	0	0	259	301	2	6	0	198	7	1	44	21	
5200.000000	1014	2	112	3	130	5	24	988	0	0	256	338	2	5	0	186	7	1	39	20	
5210.000000	1003	10	101	14	120	6	21	975	0	0	253	349	15	4	0	181	14	0	32	20	
5220.000000	994	9	91	13	113	5	17	977	0	0	243	375	16	4	0	165	14	1	32	18	
5230.000000	1011	9	86	13	106	5	15	969	0	0	232	411	15	4	0	156	11	1	30	17	
5240.000000	1010	7	82	13	93	5	14	969	0	0	223	449	15	4	0	143	11	1	29	17	
5250.000000	1024	6	76	12	86	5	14	954	0	0	215	468	11	4	0	131	10	1	26	16	
5260.000000	1014	6	70	11	79	5	13	953	0	0	212	484	10	4	0	123	9	1	21	16	
5270.000000	1002	6	61	10	73	2	12	962	0	0	203	518	10	4	0	117	9	1	19	15	
5280.000000	994	6	59	9	68	2	9	952	0	0	197	550	9	4	0	104	8	1	18	16	
5290.000000	988	6	55	9	63	1	7	970	0	0	192	577	9	5	0	100	8	1	18	16	
5300.000000	984	6	50	8	56	1	7	967	0	0	183	613	9	5	0	89	6	1	17	18	
5310.000000	1011	6	47	8	52	1	6	972	0	0	178	645	9	5	0	87	6	1	16	17	
5320.000000	1001	5	45	8	48	1	5	959	0	0	174	651	8	5	0	80	6	1	16	16	
5330.000000	995	5	41	7	43	1	5	937	0	0	167	682	8	6	0	73	6	1	15	16	
5340.000000	989	4	38	7	39	1	5	936	0	0	163	712	6	6	0	63	5	1	12	15	
5350.000000	1003	4	35	7	39	1	5	939	0	0	162	725	6	6	0	61	5	1	12	16	
5360.000000	996	4	30	6	35	1	5	949	0	0	155	746	4	4	0	55	4	1	10	14	
5370.000000	982	4	26	5	34	1	5	942	0	0	143	783	4	3	0	50	4	1	9	13	
5380.000000	1001	4	24	5	33	1	5	930	0	0	137	812	4	3	0	46	4	1	9	14	
5390.000000	993	4	22	5	30	1	4	932	0	0	126	825	4	3	0	42	4	1	8	13	
5400.000000	985	3	19	3	29	1	4	914	0	0	123	842	3	2	0	40	4	1	6	12	
5410.000000	1004	2	19	3	29	1	4	909	0	0	123	857	3	2	0	36	4	1	6	11	
5420.000000	1022	2	17	3	28	1	3	913	0	0	122	872	3	2	0	34	3	1	5	10	
5430.000000	1026	2	16	2	24	1	3	912	0	0	111	881	2	2	0	33	3	1	5	9	
5440.000000	1027	2	15	2	21	1	2	907	0	0	107	903	2	2	0	30	3	1	4	7	
5450.000000	1038	2	13	2	19	1	2	920	0	0	99	915	2	2	0	26	2	1	4	6	
5460.000000	1041	1	13	1	17	1	1	928	0	0	91	927	2	1	0	24	2	1	4	5	
5470.000000	1051	1	12	1	15	1	1	929	0	0	89	923	2	1	0	23	2	1	3	4	
5480.000000	1072	1	11	1	13	1	1	933	0	0	87	924	2	1	0	20	2	1	2	4	
5490.000000	1058	1	10	1	13	1	1	943	0	0	84	911	2	1	0	19	2	1	2	3	
5500.000000	1058	1	10	0	33	1	0	928	0	0	76	924	2	1	0	16	0	1	2	3	
5510.000000	1063	1	10	0	105	1	0	943	0	0	69	922	2	1	0	15	0	1	2	3	
5520.000000	1057	1	9	0	192	1	0	955	0	0	59	934	2	2	0	12	0	1	2	3	
5530.000000	1074	1	8	0	259	1	0	957	0	0	53	939	2	2	0	11	0	1	1	2	
5540.000000	1042	1	8	0	320	1	0	970	0	0	49	960	2	2	0	9	0	1	1	2	
5550.000000	1019	1	7	0	380	1	0	963	0	0	41	980	2	2	0	8	0	1	1	2	
5560.000000	1007	1	6	0	428	0	0	954	0	0	37	992	2	2	0	8	0	1	1	2	
5570.000000	990	1	5	0	484	0	0	949	0	0	33	993	2	2	0	7	0	1	1	2	
5580.000000	996	1	5	0	547	0	0	959	0	0	31	1005	2	1	0	6	0	1	1	2	
5590.000000	991	0	5	0	586	0	0	970	0	0	28	1000	1	1	0	6	0	1	1	2	
5600.000000	989	0	5	0	632	0	71	990	0	0	53	1015	0	23	0	6	0	1	1	74	
5610.000000	1007	0	5	0	652	0	116	990	0	0	125	1011	0	87	0	6	0	1	1	105	
5620.000000	1013	0	5	0	683	0	125	991	0	0	175	1017	0	138	0	16	0	1	1	117	
5630.000000	993	0	5	0	710	0	122	983	0	0	248	1026	0	195	0	12	0	1	3	113	
5640.000000	996	0	5	0	713	0	114	986	0	0	301	1019	0	246	0	11	0	1	4	107	
5650.000000	1012	0	6	0	737	0	107	979	0	0	346	1042	0	299	0	11	0	1	7	101	
5660.000000	975	0	7	0	747	0	102	987	0	0	379	1035	0	340	0	14	0	1	9	95	
5670.000000	987	0	10	0	774	0	97	988	0	0	415	1034	0	368	0	11	0	1	9	87	
5680.000000	983	0	10	0	805	0	88	1007	0	0	441	1032	0	396	0	15	0	1	10	79	
5690.000000	988	0	12	0	839	0	86	1010	0	0	469	1037	0	425	0	18	0	1	12	70	
5700.000000	989	0	22	2	827	0	77	994	0	0	487	1028	0	442	0	17	0	1	16	65	
5710.000000	977	0	33	2	867	0	69	985	0	0	488	998	0	454	0	21	0	1	19	54	
5720.000000	1000	0	42	2	883	0	64	976	0	0	505	988	0	462	0	24	0	1	25	49	
5730.000000	993	0	52	2	873	0	60	973	0	0	508	959	0	448	0	29	0	1	31	44	
5740.000000	1000	0	96	2	894	0	58	966	0	0	505	917	0	422	0	40	0	1	48	36	
5750.000000	987	0	132	2	912	0	53	944	0	0	495	872	0	404	0	43	0	1	59	32	
5760.000000	981	0	180	2	929	0	51	934	0	1	469	837	0	390	0	62	0	1	76	31	
5770.000000	984	0	225	1	957	0	47	952	0	1	462	784	0	360	0	78	0	1	116	28	
5780.000000	986	0	294	1	956	0	45	980	0	1	444	736	0	341	0	97	0	1	161	26	
5790.000000	972	6	302	3	921	11	39	993	0	1	425	667	1	316	0	103	6	1	182	24	
5800.000000	956	6	274	3	824	9	37	978	0	1	407	604	1	285	0	113	4	1	161	23	
5810.000000	949	18	249	4	762	19	34	985	0	1	389	565	3	265	0	109	21	0	145	21	
5820.000000	933	19	237	5	722	27	31	986	0	1	364	529	5	244	0	103	22	1	134	15	
5830.000000	963	19	223	5	655	27	29	963	0	1	341	507	5	229	0	101	21	1	127	14	
5840.000000	952	16	206	5	596	26	27	955	0	1	325	461	5	207	0	97	19	1	118	14	
5850.000000	967	14	186	5	547	26	27	946	0	1	295	451	5	187	0	99	17	1	113	13	
5860.000000	953	11	173	5	507	23	22	942	0	1	274	422	5	178	0	99	16	1	103	13	
5870.000000	953	10	158	5	471	18	22	931	0	1	265	401	5	158	0	96	16	1	94	12	
5880.000000	958	10	145	4	437	16	20	915	0	1	242	401	4	147	0	94	14	1	87	12	
5890.000000	970	9	130	4	398	14	19	921	0	1	220	374	4	134	0	93	11	1	83	12	
5900.000000	951	45	121	20	373	48	17	906	0	1	211	374	21	120	0	85	48	1	75	10	
5910.000000	947	44	114	18	355	43	16	888	0	1	193	365	20	110	0	84	45	1	69	9	
5920.000000	954	43	104	18	327	37	15	855	0	1	174	372	17	99	0	79	42	1	61	8	
5930.000000	947	50	95	20	327	38	14	831	0	0	163	374	20	90	0	70	46	1	55	8	
5940.000000	951	43	105	19	311	38	14	826	0	0	153	377	20	82	0	68	43	1	54	8	
5950.000000	959	41	114	16	305	34	13	795	0	0	141	374	19	73	0	63	40	1	55	9	
5960.000000	972	38	119	15	286	32	10	775	0	0	126	392	17	65	0	64	33	1	61	9	
5970.000000	954	37	120	15	266	29	9	784	0	0	121	388	16	58	0	61	31	1	59	11	
5980.000000	953	36	115	14	250	27	8	793	0	0	117	396	15	55	0	58	31	1	61	10	
5990.000000	952	32	106	14	242	25	7	770	0	0	108	406	11	51	0	53	26	1	57	10	
6000.000000	956	28	98	14	223	23	5	775	0	0	105	423	11	48	0	51	22	1	55	10	
6010.000000	965	24	93	11	209	23	4	799	0	0	100	428	10	46	0	49	21	1	51	11	
6020.000000	983	23	86	11	205	22	4	817	0	0	97	437	10	40	0	49	21	1	47	11	
6030.000000	993	22	83	8	195	19	4	836	0	0	96	444	9	35	0	46	19	1	46	11	
6040.000000	983	17	76	8	186	18	4	839	0	0	93	457	8	31	0	45	18	1	41	11	
6050.000000	985	17	70	7	165	14	4	834	0	0	88	451	8	32	0	44	17	1	38	12	
6060.000000	993	19	67	17	158	17	3	827	0	0	81	460	17	30	0	39	20	1	35	10	
6070.000000	978	18	63	17	157	16	3	828	0	0	83	498	15	27	0	41	16	1	35	13	
6080.000000	967	17	60	16	147	16	3	841	0	0	81	533	14	23	0	42	15	1	28	13	
6090.000000	960	16	55	15	143	16	3	851	0	0	81	562	13	23	0	44	13	1	28	14	
6100.000000	980	15	49	13	132	14	3	859	0	0	81	580	13	23	0	43	12	1	26	15	
6110.000000	989	15	46	13	123	14	3	864	0	0	79	580	10	21	0	40	10	1	27	15	
6120.000000	995	13	43	12	107	12	3	867	0	0	80	593	7	21	0	41	10	1	26	13	
6130.000000	991	10	38	11	101	9	3	890	0	0	74	601	6	20	0	39	10	1	24	13	
6140.000000	981	10	37	11	96	9	3	886	0	0	71	612	6	20	0	35	8	1	23	11	
6150.000000	966	10	31	10	90	9	3	905	0	0	63	627	5	15	0	34	8	1	21	10	
6160.000000	965	10	30	22	88	10	2	906	0	0	60	665	13	13	0	31	6	1	22	11	
6170.000000	961	9	28	19	81	7	2	918	0	0	57	668	13	14	0	30	6	1	20	14	
6180.000000	973	7	24	18	79	6	2	913	0	0	64	689	13	12	0	29	5	1	20	16	
6190.000000	969	6	23	16	73	6	2	914	0	0	67	702	13	10	0	27	5	1	17	15	
6200.000000	956	6	23	14	66	6	2	924	0	0	71	723	12	9	0	23	5	1	15	16	
6210.000000	946	6	19	14	60	4	2	935	0	0	68	742	12	7	0	23	5	1	14	18	
6220.000000	965	4	19	14	54	3	2	938	0	0	65	746	12	7	0	21	5	1	14	20	
6230.000000	955	4	19	13	52	3	2	948	0	0	70	767	12	6	0	20	5	1	14	19	
6240.000000	948	4	17	13	50	3	2	960	0	0	75	801	12	6	0	20	5	1	13	23	
6250.000000	957	4	16	12	49	3	2	950	0	0	76	838	10	6	0	22	3	1	12	22	
6260.000000	958	3	15	11	46	2	2	950	0	0	75	828	9	6	0	22	3	1	8	21	
6270.000000	964	3	13	11	42	2	2	963	0	0	81	840	8	6	0	20	3	1	8	18	
6280.000000	965	3	12	11	38	2	2	978	0	0	90	863	7	5	0	18	3	1	7	20	
6290.000000	965	3	10	9	34	2	1	980	0	0	97	854	6	4	0	17	3	1	5	20	
6300.000000	946	3	9	9	33	2	1	988	0	0	97	862	6	3	0	17	3	1	5	17	
6310.000000	963	2	8	9	31	2	1	991	0	0	95	871	5	3	0	15	3	1	5	17	
6320.000000	968	1	7	8	29	2	1	1010	0	0	105	869	5	3	0	14	2	1	5	19	
6330.000000	980	1	7	7	27	1	1	999	0	0	108	891	5	3	0	13	1	1	5	19	
6340.000000	992	1	6	7	23	1	1	1017	0	0	114	873	5	3	0	11	1	1	5	20	
6350.000000	990	1	6	7	22	1	1	1017	0	0	116	882	4	3	0	10	1	1	5	18	
6360.000000	972	1	5	5	21	1	0	1024	0	0	108	907	4	2	0	8	1	1	4	17	
6370.000000	951	1	5	5	17	1	0	1030	0	0	107	907	2	2	0	7	1	1	4	15	
6380.000000	960	1	4	5	15	1	0	1038	0	0	104	914	2	2	0	6	1	1	4	15	
6390.000000	944	1	3	4	34	1	0	1038	0	0	97	901	2	2	0	5	0	1	3	14	
6400.000000	953	1	3	4	114	1	0	1026	0	0	93	918	2	11	0	4	0	1	2	11	
6410.000000	972	1	3	4	182	1	0	1021	0	0	84	938	2	13	0	3	0	1	2	8	
6420.000000	968	1	3	4	254	1	0	1030	0	0	79	923	2	15	0	3	0	1	2	8	
6430.000000	980	1	3	3	299	1	0	1000	0	0	80	914	1	15	0	3	0	1	2	7	
6440.000000	978	1	2	3	357	1	0	999	0	0	78	920	1	17	0	3	0	1	2	7	
6450.000000	977	1	2	3	393	1	0	994	0	0	70	933	1	18	0	2	0	1	2	7	
6460.000000	965	1	2	3	431	1	0	995	0	0	64	923	1	19	0	1	0	1	2	7	
6470.000000	980	1	2	3	476	1	0	993	0	0	61	915	1	20	0	1	0	1	1	7	
6480.000000	978	1	2	3	532	1	0	1001	0	0	55	903	1	17	0	1	0	1	1	6	
6490.000000	980	1	2	3	560	1	0	1021	0	0	54	908	1	19	0	1	0	1	1	6	
6500.000000	977	1	2	2	582	1	0	1027	0	0	51	899	1	21	0	1	0	1	1	6	
6510.000000	964	1	2	2	625	1	0	1009	0	0	46	880	1	19	0	1	0	1	1	5	
6520.000000	958	1	1	2	676	1	0	981	0	0	43	885	1	17	0	1	0	1	1	5	
6530.000000	951	1	1	2	709	1	0	1000	0	0	41	891	1	17	0	1	0	1	1	5	
6540.000000	951	1	1	2	726	1	0	1000	0	0	35	905	1	19	0	1	0	1	1	5	
6550.000000	959	1	1	2	748	1	0	1008	0	0	31	918	1	18	0	1	0	1	1	5	
6560.000000	960	0	1	1	792	1	0	1020	0	0	28	922	1	18	0	1	0	1	1	5	
6570.000000	947	0	1	1	811	1	0	1031	0	0	29	939	1	16	0	1	0	1	1	4	
6580.000000	978	0	1	1	803	1	0	1043	0	0	26	934	1	16	0	1	0	1	1	4	
6590.000000	978	37	1	1	811	1	0	1036	0	0	23	950	1	13	0	2	0	1	0	4	
6600.000000	977	111	1	1	805	1	0	1016	0	0	22	962	1	13	0	1	0	1	0	4	
6610.000000	973	178	1	1	789	1	0	994	0	0	20	957	1	13	0	1	0	1	0	4	
6620.000000	968	254	1	1	772	1	0	1006	0	0	18	953	1	12	0	1	0	1	0	4	
6630.000000	948	314	1	1	796	1	0	1013	0	0	15	962	1	11	0	1	0	1	0	3	
6640.000000	938	327	1	0	802	1	62	1021	0	0	45	957	0	46	0	32	0	1	0	74	
6650.000000	966	317	1	0	830	0	77	1007	0	0	103	954	0	111	0	43	0	1	6	78	
6660.000000	978	284	4	2	863	0	74	1024	0	0	149	938	0	153	0	44	0	1	13	72	
6670.000000	984	257	12	2	848	0	72	996	0	0	183	915	0	201	0	48	0	1	23	73	
6680.000000	966	236	30	2	856	0	68	1018	0	0	198	889	0	230	0	58	0	1	31	74	
6690.000000	990	214	53	2	874	1	63	1019	0	0	236	869	0	254	0	65	0	1	41	68	
6700.000000	971	192	107	2	879	1	62	1011	0	0	289	816	0	257	0	87	0	1	63	61	
6710.000000	973	177	152	2	896	1	61	1005	0	0	319	788	0	249	0	111	0	1	76	54	
6720.000000	979	167	209	2	919	1	60	990	0	0	325	748	0	227	0	133	0	1	102	51	
6730.000000	978	158	216	4	869	4	55	998	0	0	342	703	1	209	0	156	6	1	108	46	
6740.000000	962	144	198	4	790	3	48	1004	0	0	346	661	1	187	0	172	5	1	96	39	
6750.000000	945	132	187	4	730	3	44	1018	0	0	350	623	1	176	0	178	5	1	85	35	
6760.000000	937	119	166	5	668	4	40	1020	0	0	343	593	2	156	0	188	5	1	78	28	
6770.000000	928	107	159	5	616	4	36	1022	0	0	327	566	1	146	0	181	5	1	70	26	
6780.000000	953	97	151	3	565	4	32	1044	0	0	324	552	1	138	0	180	5	1	66	23	
6790.000000	951	87	137	3	510	4	29	1033	0	0	313	541	1	125	0	167	5	1	63	19	
6800.000000	943	82	124	3	467	4	30	1026	0	0	304	525	0	114	0	165	5	1	111	17	
6810.000000	943	75	118	3	424	3	26	1019	0	0	277	489	0	105	0	161	4	1	137	20	
6820.000000	967	72	106	3	399	3	24	1006	0	0	272	456	0	94	0	156	4	1	184	19	
6830.000000	976	64	96	3	365	3	26	999	0	0	258	424	0	82	0	153	4	1	221	20	
6840.000000	949	59	89	3	331	3	26	994	0	0	241	389	0	72	0	151	4	1	261	20	
6850.000000	927	57	83	3	301	3	27	996	0	0	231	363	0	66	0	151	2	1	282	22	
6860.000000	931	50	78	3	274	3	28	1007	0	0	228	335	0	63	0	160	2	1	305	20	
6870.000000	932	47	73	3	247	1	30	999	0	0	227	305	0	58	0	152	2	1	318	21	
6880.000000	949	43	69	3	225	1	30	1016	0	0	225	285	0	51	0	152	2	1	317	26	
6890.000000	963	39	63	3	201	1	36	1028	0	0	226	260	0	46	0	162	1	1	321	30	
6900.000000	947	36	53	3	184	1	39	1024	0	0	227	248	0	42	0	168	1	1	318	26	
6910.000000	947	34	51	3	165	1	37	1025	0	0	220	229	0	39	0	188	1	1	324	26	
6920.000000	957	34	49	3	158	1	42	1029	0	0	224	203	0	33	0	199	1	1	310	27	
6930.000000	955	30	44	3	146	1	43	1027	0	0	230	186	0	31	0	202	1	1	306	28	
6940.000000	941	28	42	3	137	1	39	1030	0	0	236	175	0	30	0	196	1	1	302	32	
6950.000000	937	27	38	3	127	1	41	1022	0	0	240	162	0	27	0	208	1	1	293	31	
6960.000000	927	23	35	3	111	1	40	1020	0	0	238	147	0	27	0	202	1	1	284	35	
6970.000000	948	22	86	3	163	1	42	1034	0	0	245	135	0	25	0	206	0	1	282	33	
6980.000000	965	21	167	3	223	1	41	1054	0	0	252	129	0	23	0	218	0	1	271	34	
6990.000000	973	19	246	3	296	1	41	1049	0	0	261	120	0	22	0	233	0	1	254	37	
7000.000000	960	18	295	2	370	1	38	1028	0	0	280	108	0	23	0	240	0	1	237	38	
7010.000000	977	18	352	2	434	1	37	1028	0	0	279	107	0	21	0	260	0	1	228	39	
7020.000000	975	18	408	2	496	1	35	1033	0	0	285	99	0	26	0	270	0	1	217	37	
7030.000000	980	15	451	2	527	1	34	1013	0	0	290	95	0	22	0	280	0	1	206	39	
7040.000000	967	14	501	1	565	1	34	1001	0	0	299	95	0	24	0	284	0	1	206	39	
7050.000000	980	12	526	1	593	1	31	1007	0	0	299	89	0	26	0	292	0	1	199	36	
7060.000000	1000	17	524	1	588	10	30	1003	0	0	300	85	0	26	0	300	8	1	188	36	
7070.000000	994	16	475	1	546	8	29	984	0	0	300	88	0	24	0	309	7	1	191	35	
7080.000000	979	16	431	1	491	7	32	986	0	0	292	85	0	21	0	308	7	1	189	33	
7090.000000	979	16	396	1	454	6	29	1001	0	0	303	84	0	20	0	309	7	1	190	28	
7100.000000	999	15	376	1	424	6	28	987	0	0	295	78	0	19	0	299	7	1	185	28	
7110.000000	998	15	354	1	384	5	26	987	0	0	294	77	0	17	0	290	6	1	178	28	
7120.000000	1005	14	326	1	351	5	28	991	0	0	282	82	0	16	0	282	5	1	168	31	
7130.000000	984	12	299	1	319	5	29	1005	0	0	287	85	0	16	0	274	5	1	158	33	
7140.000000	1014	11	280	1	291	5	30	998	0	0	290	82	0	14	0	283	5	1	151	37	
7150.000000	1023	10	260	1	276	5	30	992	0	0	297	84	0	12	0	296	5	1	144	40	
7160.000000	1010	10	235	1	260	5	28	991	0	0	299	86	0	12	0	293	5	1	140	37	
7170.000000	994	10	212	1	245	4	26	1001	0	0	298	88	0	12	0	293	5	1	129	36	
7180.000000	961	9	195	1	225	4	23	1006	0	0	309	96	0	11	0	298	5	1	123	35	
7190.000000	953	8	183	1	203	4	24	1003	0	0	313	111	0	10	0	293	4	1	107	33	
7200.000000	948	6	167	1	182	3	24	1000	0	0	301	119	0	9	0	288	4	1	104	30	
7210.000000	950	6	154	1	169	3	25	1007	0	0	305	122	0	9	0	292	4	1	99	31	
7220.000000	957	4	141	1	152	3	27	1028	0	0	309	125	0	9	0	287	4	1	88	33	
7230.000000	954	3	129	1	141	1	30	1007	0	0	319	136	0	9	0	278	4	1	82	38	
7240.000000	966	3	120	1	132	1	26	976	0	0	317	149	0	7	0	276	4	1	82	39	
7250.000000	983	3	113	1	118	1	28	967	0	0	312	165	0	7	0	270	4	1	79	33	
7260.000000	982	3	106	1	113	1	29	989	0	0	312	177	0	5	0	261	4	1	73	34	
7270.000000	1003	2	94	1	105	0	25	979	0	0	311	194	0	6	0	244	4	1	63	33	
7280.000000	994	1	85	1	94	0	27	981	0	0	309	212	0	5	0	232	4	1	60	35	
7290.000000	1025	1	77	1	86	0	29	1002	0	0	317	233	0	5	0	220	4	1	56	39	
7300.000000	1004	2	75	0	76	0	33	1006	0	0	309	260	0	5	0	206	4	1	53	41	
7310.000000	1011	2	70	0	71	0	37	976	0	0	325	270	0	6	0	201	4	1	49	44	
7320.000000	1008	2	64	0	67	0	42	986	0	0	317	289	0	6	0	195	4	1	43	42	
7330.000000	1019	1	59	0	59	0	44	986	0	0	334	306	0	6	0	191	3	1	43	45	
7340.000000	1008	1	56	0	57	0	45	987	0	0	333	322	0	5	0	195	2	1	41	50	
7350.000000	981	1	52	0	55	0	48	997	0	0	335	355	0	5	0	188	1	1	39	53	
7360.000000	974	0	46	0	51	0	47	1000	0	0	360	386	0	5	0	184	1	1	35	58	
7370.000000	986	0	43	0	49	0	43	994	0	0	370	418	0	4	0	186	1	1	33	59	
7380.000000	988	0	40	0	43	0	55	1002	0	0	379	448	0	4	0	178	1	1	29	59	
7390.000000	1001	0	37	0	42	0	63	986	0	0	397	467	0	4	0	161	1	1	28	55	
7400.000000	1003	0	36	0	35	0	65	965	0	0	417	477	0	4	0	152	1	1	23	55	
7410.000000	1012	0	34	0	32	0	63	960	0	0	415	520	0	4	0	142	1	1	22	61	
7420.000000	1017	0	32	0	28	0	67	988	0	0	435	567	0	4	0	133	1	1	20	65	
7430.000000	1014	0	29	0	26	0	73	1003	0	0	459	600	0	4	0	129	1	1	18	69	
7440.000000	992	0	28	0	26	0	86	1006	0	0	468	624	0	4	0	121	1	1	17	75	
7450.000000	995	0	27	0	23	0	88	994	0	0	488	630	0	4	0	124	1	1	14	79	
7460.000000	999	0	24	0	21	0	95	975	0	0	505	658	0	4	0	118	1	1	14	92	
7470.000000	991	0	24	0	37	0	102	982	0	0	524	656	0	18	0	104	0	1	14	107	
7480.000000	964	0	25	0	140	0	104	972	0	0	559	691	0	82	0	104	0	1	16	103	
7490.000000	952	0	29	0	197	0	99	998	0	0	577	715	0	128	0	109	0	2	28	97	
7500.000000	942	0	50	0	270	0	86	987	0	0	589	707	0	174	0	126	0	2	44	89	
7510.000000	920	0	92	0	317	0	81	993	0	1	616	682	0	210	0	160	0	2	58	81	
7520.000000	914	0	127	0	392	0	74	986	0	1	624	652	0	215	0	184	0	2	69	75	
7530.000000	931	0	170	0	460	0	70	980	0	2	630	621	0	204	0	210	0	2	86	66	
7540.000000	958	0	228	0	487	0	66	1009	0	2	632	590	0	188	0	225	0	2	119	59	
7550.000000	948	0	268	0	526	0	61	1007	0	2	631	574	0	177	0	246	0	2	133	52	
7560.000000	948	0	331	0	544	0	57	1015	0	2	618	533	0	170	0	266	0	2	152	49	
7570.000000	962	0	378	0	591	0	49	1020	0	2	596	492	0	159	0	280	0	2	184	48	
7580.000000	961	0	407	0	619	0	45	1043	0	2	561	456	0	150	0	284	0	3	192	39	
7590.000000	944	0	448	0	650	0	45	1042	0	2	539	424	0	146	0	283	0	2	238	36	
7600.000000	927	0	493	0	676	0	41	1051	0	2	516	379	0	131	0	285	0	2	251	34	
7610.000000	911	0	513	0	687	0	38	1030	0	2	494	344	0	125	0	279	0	2	275	31	
7620.000000	910	0	544	0	709	0	36	1045	0	2	476	316	0	118	0	288	0	2	303	28	
7630.000000	891	0	579	0	744	1	33	1034	0	3	466	288	0	108	0	280	0	2	331	27	
7640.000000	887	1	615	0	762	2	31	1040	0	3	450	269	0	98	0	275	0	2	361	26	
7650.000000	903	1	635	0	767	2	30	1025	0	3	422	255	0	89	0	269	0	2	390	26	
7660.000000	921	2	665	0	788	2	26	1013	0	3	409	244	0	85	0	275	0	2	410	26	
7670.000000	915	2	682	0	793	2	25	1024	0	3	385	231	0	79	0	271	0	2	425	25	
7680.000000	904	2	708	0	828	3	23	1026	0	4	364	211	0	73	0	279	0	2	420	22	
7690.000000	936	2	741	0	851	2	24	1007	0	3	354	198	0	66	0	262	0	2	425	19	
7700.000000	939	2	766	0	853	2	18	1000	0	3	336	178	0	62	0	263	0	1	441	19	
7710.000000	916	2	768	0	882	2	17	998	0	3	319	162	0	52	0	242	0	1	466	21	
7720.000000	930	2	786	0	902	2	19	995	0	3	300	151	0	46	0	229	0	1	464	17	
7730.000000	927	2	784	0	898	2	17	973	0	4	287	142	0	45	0	220	0	1	465	20	
7740.000000	939	2	829	0	922	3	18	988	0	3	276	132	0	39	0	218	0	1	455	21	
7750.000000	937	2	855	0	914	3	18	983	0	3	274	125	0	37	0	219	0	1	448	23	
7760.000000	942	2	865	0	921	2	20	971	0	2	268	115	0	34	0	215	0	1	420	28	
7770.000000	949	2	875	0	946	1	20	966	0	2	258	107	0	32	0	203	0	1	406	31	
7780.000000	980	2	875	0	954	1	21	961	0	2	265	96	0	32	0	199	0	1	390	33	
7790.000000	978	2	902	0	960	0	22	975	0	2	264	87	0	31	0	209	0	1	368	33	
7800.000000	999	2	908	0	978	0	29	984	0	0	270	84	0	28	0	211	0	1	345	34	
7810.000000	995	2	925	0	993	0	26	985	0	0	271	81	0	26	0	231	0	1	328	35	
7820.000000	987	2	921	0	998	0	28	982	0	0	284	79	0	23	0	228	0	1	310	36	
7830.000000	989	2	924	0	1020	0	28	982	0	0	295	80	0	21	0	237	0	1	290	38	
7840.000000	1006	2	931	0	1030	0	30	944	0	0	309	78	0	22	0	259	0	1	266	35	
7850.000000	979	1	938	0	1023	0	30	954	0	0	322	74	0	22	0	270	0	1	255	31	
7860.000000	1014	1	947	0	1010	0	28	967	0	0	326	67	0	25	0	254	0	1	249	32	
7870.000000	1002	1	940	0	996	0	30	997	0	0	315	69	0	22	0	262	0	1	239	30	
7880.000000	1025	1	951	0	1003	0	32	996	0	0	308	68	0	22	0	251	0	1	224	27	
7890.000000	1021	0	963	0	1018	0	27	1005	0	0	305	69	0	23	0	248	0	1	227	30	
7900.000000	1019	0	983	0	997	0	30	1027	0	0	301	62	0	21	0	247	0	1	221	35	
7910.000000	993	0	979	0	1024	0	26	1031	0	0	307	56	0	20	0	246	0	1	205	38	
7920.000000	993	0	971	0	1024	0	24	1041	0	0	320	56	0	18	0	256	0	1	195	36	
7930.000000	1009	0	978	0	1022	0	25	1018	0	0	320	58	0	18	0	250	0	1	188	33	
7940.000000	1008	0	977	0	994	0	28	1024	0	0	319	58	0	19	0	264	0	1	178	34	
7950.000000	981	0	986	0	1022	0	28	1017	0	0	312	60	0	20	0	272	0	1	171	35	
7960.000000	971	0	972	0	1021	0	24	1015	0	1	318	60	0	15	0	263	0	1	156	35	
7970.000000	969	0	983	0	1032	0	27	1002	0	1	318	63	0	14	0	257	0	1	149	32	
7980.000000	962	0	968	0	1046	2	27	1006	0	1	321	70	0	13	0	261	0	1	138	32	
7990.000000	954	0	949	0	1046	2	25	1002	0	1	304	69	0	16	0	260	0	1	132	33	
8000.000000	951	0	934	0	1053	2	26	973	0	1	296	72	0	18	0	273	0	1	122	32	
8010.000000	963	0	937	0	1033	2	27	980	0	1	297	74	0	19	0	271	0	1	122	33	
8020.000000	957	0	928	0	1036	2	28	987	0	1	297	76	0	21	0	274	0	1	117	34	
8030.000000	944	0	930	0	1039	1	25	1001	0	1	297	80	0	22	0	269	0	1	116	34	
8040.000000	950	0	936	0	1013	1	26	996	0	1	317	84	0	27	0	269	0	1	122	37	
8050.000000	928	0	937	0	1025	0	23	982	0	1	329	87	0	28	0	271	0	1	127	34	
8060.000000	929	0	928	0	1059	0	24	996	0	1	314	85	0	29	0	268	0	1	128	33	
8070.000000	938	0	939	0	1040	0	22	1002	0	1	312	89	0	28	0	269	0	1	128	32	
8080.000000	918	0	934	0	1033	0	24	1022	0	1	308	88	0	23	0	269	0	1	136	31	
8090.000000	936	0	927	0	1019	0	25	1010	0	1	310	88	0	24	0	268	0	1	140	33	
8100.000000	926	0	947	0	1021	0	24	1001	0	1	315	98	0	22	0	275	0	1	138	32	
8110.000000	939	0	936	0	1019	0	23	997	0	1	317	97	0	27	0	270	0	1	139	33	
8120.000000	949	0	928	0	993	0	23	1013	0	1	317	97	0	27	0	270	0	1	147	32	
8130.000000	947	0	927	0	1003	0	23	1018	0	1	312	98	0	24	0	264	0	1	149	32	
8140.000000	953	0	924	0	998	0	24	1015	0	1	312	107	0	30	0	273	0	1	149	35	
8150.000000	958	0	910	0	985	0	21	995	0	0	317	106	0	32	0	271	0	1	153	31	
8160.000000	960	0	907	0	995	0	23	996	0	0	319	107	0	30	0	270	0	1	153	30	
8170.000000	955	0	923	0	1005	0	26	1009	0	0	319	106	0	33	0	268	0	1	159	30	
8180.000000	951	0	924	0	1012	0	29	1004	0	0	312	104	0	34	0	256	0	1	162	28	
8190.000000	967	0	931	0	1012	0	31	1029	0	0	306	100	0	31	0	248	0	1	178	27	
8200.000000	981	0	945	0	996	0	34	1009	0	0	300	101	0	29	0	241	0	1	182	24	
8210.000000	989	3	924	0	975	1	33	1023	0	0	297	101	1	29	0	238	0	1	176	21	
8220.000000	980	3	911	0	978	1	29	1028	0	0	281	97	1	25	0	234	0	1	160	20	
8230.000000	992	3	915	0	964	1	27	1020	0	0	261	95	1	26	0	228	0	1	147	19	
8240.000000	984	3	903	0	959	1	26	1034	0	0	256	99	1	23	0	220	0	1	130	17	
8250.000000	970	2	904	0	974	0	26	1052	0	0	237	103	1	23	0	207	0	1	120	16	
8260.000000	980	2	912	0	966	0	26	1031	0	0	226	109	1	19	0	197	0	1	110	14	
8270.000000	967	1	895	0	954	0	22	1021	0	0	211	127	1	20	0	180	0	1	98	13	
8280.000000	967	1	903	0	962	0	21	1023	0	0	191	141	1	20	0	166	0	1	90	11	
8290.000000	973	1	888	0	995	0	20	1052	0	0	175	146	1	19	0	161	0	1	83	10	
8300.000000	957	1	874	0	971	0	19	1032	0	0	166	156	1	20	0	152	0	1	75	9	
8310.000000	948	1	850	0	966	1	18	1026	0	1	155	169	1	18	0	144	0	1	70	9	
8320.000000	965	1	837	0	974	1	17	1023	0	1	148	184	1	18	0	138	0	1	62	9	
8330.000000	963	1	799	0	987	1	15	1040	0	1	136	194	0	19	0	124	0	1	62	9	
8340.000000	971	1	778	0	967	1	28	1011	0	1	134	207	0	22	0	111	0	1	71	20	
8350.000000	986	1	779	0	981	1	31	1025	0	1	136	213	1	25	0	115	0	1	70	28	
8360.000000	977	1	761	0	962	1	31	1013	0	1	138	234	1	34	0	117	0	1	63	24	
8370.000000	993	1	738	0	948	1	29	994	0	1	138	239	1	36	0	114	0	1	54	21	
8380.000000	981	1	710	0	941	1	31	994	0	1	139	263	0	38	0	110	0	1	74	22	
8390.000000	976	1	733	0	933	0	35	989	0	1	146	267	0	37	0	116	0	1	96	35	
8400.000000	980	1	742	1	963	0	36	1003	0	1	152	258	0	41	0	132	0	1	108	40	
8410.000000	988	1	769	1	960	0	37	999	0	1	171	247	0	42	0	145	0	1	129	41	
8420.000000	997	1	783	1	965	0	36	1007	0	1	194	236	0	41	0	163	0	1	127	47	
8430.000000	1003	1	787	1	968	0	40	1026	0	1	222	230	0	42	0	186	0	1	126	48	
8440.000000	966	1	780	1	988	0	37	1033	0	1	237	230	0	44	0	213	0	1	132	46	
8450.000000	953	1	791	1	972	0	36	1030	0	1	260	221	0	48	0	226	0	1	142	43	
8460.000000	960	1	791	1	979	0	34	1033	0	1	273	206	0	52	0	227	0	1	151	39	
8470.000000	964	1	798	1	1012	1	34	1031	0	1	296	200	0	48	0	248	0	1	156	41	
8480.000000	956	1	807	1	1018	1	33	1029	0	1	303	189	0	48	0	252	0	1	161	42	
8490.000000	971	1	815	1	1014	1	28	1015	0	1	315	174	0	45	0	263	0	1	177	41	
8500.000000	979	1	820	1	998	1	30	1005	0	1	322	162	0	45	0	263	0	1	187	42	
8510.000000	980	1	848	1	968	1	28	981	0	1	329	151	0	43	0	262	0	1	193	40	
8520.000000	976	1	864	1	971	1	25	1008	0	1	332	148	0	45	0	271	0	1	193	39	
8530.000000	977	1	847	1	964	1	26	990	0	1	332	139	0	44	0	275	0	1	198	40	
8540.000000	987	1	851	1	975	1	27	989	0	1	341	131	0	39	0	280	0	1	200	40	
8550.000000	987	1	848	1	978	1	21	987	0	1	341	122	0	40	0	294	0	1	201	38	
8560.000000	995	1	872	1	978	1	24	973	0	1	354	115	0	42	0	303	0	1	201	38	
8570.000000	1001	1	894	1	980	1	24	963	0	1	363	111	0	43	0	301	0	1	204	39	
8580.000000	1008	1	914	1	991	1	22	959	0	1	354	102	0	43	0	305	0	1	221	39	
8590.000000	1006	1	922	1	991	1	22	955	0	1	350	106	0	41	0	310	0	1	219	36	
8600.000000	1018	1	916	1	990	1	25	964	0	1	353	102	0	41	0	295	0	1	223	33	
8610.000000	1018	1	907	1	991	1	19	969	0	1	334	90	0	36	0	300	0	1	219	32	
8620.000000	1016	1	903	1	1011	1	18	999	0	1	339	86	0	32	0	298	0	1	225	31	
8630.000000	1030	1	907	1	1006	1	19	1015	0	1	336	83	0	31	0	299	0	1	220	30	
8640.000000	1026	1	897	1	1027	1	20	1011	0	1	331	82	0	31	0	299	0	1	223	32	
8650.000000	1018	1	908	1	1020	0	22	1003	0	1	327	78	0	29	0	292	0	1	228	28	
8660.000000	1014	0	923	1	1002	0	21	996	0	0	312	77	0	30	0	292	0	1	225	28	
8670.000000	1010	0	931	1	1006	0	20	985	0	0	309	77	0	31	0	288	0	1	221	26	
8680.000000	1014	0	938	1	1007	0	21	988	0	0	286	72	0	27	0	280	0	1	222	25	
8690.000000	997	0	921	1	1005	0	24	1021	0	0	283	66	0	23	0	270	0	1	219	24	
8700.000000	1004	0	908	1	991	0	25	1017	0	0	281	64	0	19	0	247	0	1	215	24	
8710.000000	1022	0	945	1	993	0	27	1013	0	0	281	63	0	19	0	234	0	1	212	21	
8720.000000	1009	1	938	1	991	0	28	1013	0	0	283	62	0	19	0	232	0	1	199	27	
8730.000000	1018	0	944	1	1003	0	36	1011	0	0	288	62	0	19	0	239	0	1	187	27	
8740.000000	998	0	948	1	1001	0	36	1014	0	0	284	60	0	19	0	234	0	1	184	26	
8750.000000	994	0	935	1	1005	0	35	1011	0	0	279	67	0	19	0	222	0	1	177	26	
8760.000000	1007	0	935	1	1000	0	35	1005	0	0	269	69	0	21	0	226	0	1	164	26	
8770.000000	991	0	938	1	998	0	37	990	0	0	259	71	0	22	0	215	0	1	160	28	
8780.000000	978	0	937	0	980	1	36	985	0	0	262	73	0	20	0	221	0	1	158	37	
8790.000000	977	0	914	0	978	1	37	988	0	0	263	79	0	21	0	229	0	1	158	38	
8800.000000	999	0	918	0	988	1	37	982	0	0	266	87	0	21	0	234	0	1	150	37	
8810.000000	1017	0	906	0	1004	1	38	1019	0	0	262	90	0	24	0	231	0	1	142	34	
8820.000000	1039	0	904	0	999	1	38	1037	0	0	259	90	0	26	0	240	0	1	134	36	
8830.000000	1028	0	911	0	1009	1	36	1040	0	0	275	90	0	30	0	244	0	1	134	36	
8840.000000	1025	0	909	0	1004	1	38	1033	0	0	289	88	0	36	0	261	0	1	134	37	
8850.000000	1030	0	896	0	1008	1	36	1039	0	0	299	94	0	35	0	267	0	1	136	37	
8860.000000	1041	0	908	0	1025	1	37	1050	0	0	296	94	0	36	0	270	0	1	137	35	
8870.000000	1042	0	935	0	1031	2	34	1050	0	0	295	91	0	36	0	270	0	1	140	35	
8880.000000	1030	0	935	0	1006	1	34	1051	0	0	299	88	0	34	0	273	0	1	150	32	
8890.000000	1039	0	903	0	1012	1	30	1048	0	0	300	81	0	32	0	281	0	1	155	29	
8900.000000	1043	1	896	0	997	6	28	1051	0	0	290	84	0	27	0	284	5	1	161	29	
8910.000000	1034	1	817	0	909	6	28	1059	0	0	292	82	0	23	0	279	4	1	155	30	
8920.000000	1037	1	737	0	834	5	26	1035	0	0	303	83	0	21	0	269	2	1	153	28	
8930.000000	1023	2	682	0	763	5	22	1011	0	0	295	82	0	20	0	267	1	1	152	26	
8940.000000	1043	2	635	0	694	5	22	980	0	0	293	86	0	19	0	266	1	1	147	27	
8950.000000	1044	2	573	0	640	5	25	992	0	0	285	83	0	15	0	268	1	1	138	26	
8960.000000	1047	2	530	0	582	5	27	979	0	0	272	85	0	15	0	273	1	1	133	26	
8970.000000	1037	2	477	0	528	5	28	994	0	0	261	93	0	15	0	266	1	1	130	26	
8980.000000	1024	2	429	0	478	5	27	1002	0	0	259	98	0	15	0	251	1	1	126	25	
8990.000000	1026	2	392	0	442	5	29	1004	0	0	253	103	0	15	0	236	1	1	117	22	
9000.000000	1023	2	354	0	409	4	29	1010	0	0	247	111	0	14	0	211	1	1	115	22	
9010.000000	1022	2	319	0	376	4	30	1015	0	0	232	107	0	14	0	206	1	1	109	25	
9020.000000	1014	2	292	0	353	3	32	1004	0	0	233	108	0	13	0	193	1	1	102	30	
9030.000000	1002	1	263	0	332	3	31	999	0	0	233	118	0	12	0	178	1	1	95	34	
9040.000000	1004	1	238	0	296	2	38	1015	0	0	246	131	0	11	0	179	1	1	87	35	
9050.000000	1011	0	218	0	262	2	41	1001	0	0	247	156	0	9	0	188	1	1	75	39	
9060.000000	1013	0	196	0	236	2	44	1012	0	0	254	177	0	9	0	193	1	1	72	45	
9070.000000	1026	0	180	0	213	2	47	1008	0	0	275	195	0	9	0	192	1	1	63	46	
9080.000000	1039	0	163	0	199	2	49	1019	0	0	291	211	0	9	0	197	1	1	61	46	
9090.000000	1039	0	150	0	184	3	53	1008	0	0	302	226	0	9	0	200	1	1	55	45	
9100.000000	1054	0	143	0	169	3	47	1018	0	0	307	236	0	9	0	194	1	1	54	41	
9110.000000	1055	0	136	0	150	3	48	1004	0	0	314	265	0	9	0	187	1	1	56	43	
9120.000000	1037	0	122	0	135	3	48	1020	0	0	326	274	0	8	0	191	1	1	55	42	
9130.000000	1035	0	169	0	201	3	50	1031	0	0	324	296	0	20	0	182	0	1	53	42	
9140.000000	1031	0	198	0	270	3	51	1041	0	0	330	303	0	31	0	175	0	1	62	40	
9150.000000	1022	0	238	0	336	2	55	1038	0	0	344	312	0	45	0	187	0	1	74	43	
9160.000000	1002	0	274	0	407	2	55	1068	0	0	355	311	0	47	0	203	0	1	89	47	
9170.000000	990	0	317	0	452	3	54	1065	0	0	369	309	0	45	0	233	0	1	104	45	
9180.000000	979	0	361	0	507	2	52	1067	0	0	384	289	0	49	0	234	0	1	115	39	
9190.000000	1003	0	399	0	548	2	51	1070	0	0	389	270	0	52	0	249	0	1	139	38	
9200.000000	993	0	453	0	571	2	49	1076	0	0	396	265	0	51	0	254	0	1	142	36	
9210.000000	1010	0	485	0	601	2	45	1063	0	0	386	241	0	53	0	272	0	1	162	35	
9220.000000	1001	0	529	0	640	1	42	1085	0	0	374	231	0	53	0	281	0	1	175	36	
9230.000000	995	0	569	0	674	1	41	1080	0	0	387	228	0	52	0	282	0	1	182	34	
9240.000000	987	0	620	0	698	1	38	1068	0	0	367	211	0	47	0	287	0	1	196	31	
9250.000000	978	0	651	0	717	1	40	1064	0	0	360	200	0	42	0	285	0	1	204	31	
9260.000000	980	0	672	0	759	2	39	1040	0	0	358	193	0	41	0	284	0	1	208	33	
9270.000000	972	0	705	0	788	2	37	1049	0	0	352	180	0	41	0	280	0	1	224	32	
9280.000000	971	2	674	0	789	2	36	1060	0	0	347	171	0	38	0	275	2	1	234	30	
9290.000000	983	2	616	0	716	1	36	1043	0	0	353	156	0	38	0	271	2	1	237	28	
9300.000000	978	2	560	0	654	5	37	1021	0	0	337	142	0	34	0	270	2	1	235	25	
9310.000000	984	2	508	0	616	5	38	1018	0	0	341	137	0	32	0	266	2	1	226	25	
9320.000000	975	1	466	0	572	5	38	1032	0	0	330	128	0	28	0	264	2	1	232	21	
9330.000000	974	1	425	0	530	5	36	1017	0	0	314	119	0	23	0	258	2	1	221	21	
9340.000000	996	1	387	0	493	5	29	1019	0	0	298	114	0	23	0	253	2	1	213	20	
9350.000000	995	1	362	0	452	4	31	996	0	0	284	114	0	19	0	232	2	1	208	20	
9360.000000	999	1	332	0	419	4	36	992	0	0	268	102	0	17	0	218	2	1	195	22	
9370.000000	1004	13	307	0	393	11	35	977	0	0	262	98	0	16	0	213	10	1	189	23	
9380.000000	1030	13	285	0	363	11	34	963	0	0	257	94	0	14	0	208	10	1	180	27	
9390.000000	1020	13	261	0	325	11	32	952	0	0	264	95	0	14	0	214	9	1	168	30	
9400.000000	1002	11	246	0	294	9	33	957	0	0	267	94	0	14	0	211	7	1	163	28	
9410.000000	1017	10	229	0	279	9	35	947	0	0	268	91	0	11	0	211	6	1	153	30	
9420.000000	1009	8	210	0	253	7	36	939	0	0	268	92	0	10	0	224	6	1	138	32	
9430.000000	1025	6	195	0	237	6	34	918	0	0	267	94	0	9	0	218	6	1	137	29	
9440.000000	1033	5	182	0	222	5	37	912	0	0	267	102	0	7	0	225	6	1	120	31	
9450.000000	1021	5	165	0	200	3	39	930	0	0	274	100	0	6	0	232	6	1	110	32	
9460.000000	1037	5	152	0	186	3	38	966	0	0	287	106	0	6	0	240	6	1	102	35	
9470.000000	1045	4	146	0	168	4	37	971	0	0	289	114	2	6	0	237	7	1	95	34	
9480.000000	1045	4	129	0	158	4	36	979	0	0	286	118	2	6	0	226	6	1	84	31	
9490.000000	1027	4	124	0	144	4	31	994	0	0	290	129	2	6	0	218	5	1	74	30	
9500.000000	1015	4	113	0	131	3	29	991	0	0	286	142	1	6	0	205	4	1	70	26	
9510.000000	1012	4	103	0	126	3	25	992	0	0	284	160	1	6	0	204	4	1	67	25	
9520.000000	1032	3	98	0	114	3	25	996	0	0	266	180	1	5	0	200	4	1	61	24	
9530.000000	1039	12	93	9	106	13	22	985	0	0	267	202	12	5	0	197	14	1	58	23	
9540.000000	1036	11	90	8	102	11	21	982	0	0	248	214	10	4	0	185	14	1	48	21	
9550.000000	1033	9	84	8	95	11	20	988	0	0	234	235	10	5	0	179	14	1	40	16	
9560.000000	1040	8	75	7	81	8	18	962	0	0	220	243	9	6	0	170	14	1	37	15	
9570.000000	1023	8	69	7	70	8	16	961	0	0	219	279	9	6	0	162	12	1	34	15	
9580.000000	1018	7	58	7	66	7	14	957	0	0	208	308	9	6	0	155	12	1	33	16	
9590.000000	1026	7	55	6	59	7	12	941	0	0	198	341	7	6	0	143	10	1	28	15	
9600.000000	1027	5	50	6	53	7	11	912	0	0	191	387	7	6	0	132	10	1	26	15	
9610.000000	1019	4	48	5	46	5	11	922	0	0	185	437	7	6	0	119	10	1	24	15	
9620.000000	1011	10	42	31	45	11	10	924	0	0	180	464	36	6	0	111	15	1	22	16	
9630.000000	1024	9	37	27	44	11	8	938	0	0	175	482	35	5	0	102	14	1	18	19	
9640.000000	1024	8	32	27	42	11	7	947	0	0	170	504	29	5	0	94	12	1	18	27	
9650.000000	1046	8	31	24	36	9	4	950	0	0	173	547	27	5	0	90	11	1	16	23	
9660.000000	1016	7	30	24	32	8	4	939	0	0	164	573	27	5	0	82	10	1	15	21	
9670.000000	1026	7	30	24	29	8	4	959	0	0	156	609	23	5	0	78	9	1	10	23	
9680.000000	1028	4	29	21	29	8	3	956	0	0	156	652	21	6	0	69	9	1	10	26	
9690.000000	1028	4	27	20	31	7	3	965	0	0	165	688	21	6	0	64	7	1	9	29	
9700.000000	1028	4	25	16	26	6	3	977	0	0	161	697	21	6	0	57	6	1	9	32	
9710.000000	1038	3	23	15	24	6	2	975	0	0	181	718	19	7	0	49	5	1	9	34	
9720.000000	1022	3	22	11	21	5	1	986	0	0	186	744	17	6	0	43	5	1	8	32	
9730.000000	1016	2	20	9	21	3	1	973	0	0	187	773	15	5	0	37	4	1	8	34	
9740.000000	1027	2	18	9	21	3	1	977	0	0	195	780	13	5	0	33	4	1	8	32	
9750.000000	1028	2	17	9	19	3	0	979	0	0	203	788	11	5	0	34	4	1	7	31	
9760.000000	1012	2	17	8	18	3	0	982	0	0	203	817	10	4	0	33	2	1	7	29	
9770.000000	1015	2	16	7	16	3	0	982	0	0	203	838	9	4	0	31	2	1	6	28	
9780.000000	1002	2	13	7	15	2	0	980	0	0	205	844	9	4	0	26	2	1	5	29	
9790.000000	1008	2	13	6	14	2	0	976	0	0	201	851	8	3	0	23	2	1	5	27	
9800.000000	994	2	8	6	13	2	0	975	0	0	205	874	7	3	0	23	2	1	5	28	
9810.000000	996	2	8	5	9	2	0	994	0	0	203	864	7	3	0	22	2	1	5	26	
9820.000000	999	1	8	4	8	1	0	978	0	0	210	873	7	3	0	20	2	1	5	21	
9830.000000	996	1	8	3	8	1	0	992	0	0	202	896	6	3	0	18	2	1	5	21	
9840.000000	983	1	6	3	7	1	0	1001	0	0	207	905	5	3	0	15	1	1	5	22	
9850.000000	992	1	5	3	7	0	0	976	0	0	198	910	4	3	0	14	1	1	5	19	
9860.000000	996	1	5	2	6	0	0	970	0	0	178	930	3	3	0	14	1	1	5	13	
9870.000000	982	1	5	1	6	0	0	962	0	0	175	920	3	2	0	13	1	1	4	12	
9880.000000	979	1	5	1	4	0	0	971	0	0	162	951	2	2	0	11	1	1	4	12	
9890.000000	977	1	5	1	4	0	0	968	0	0	157	955	2	1	0	9	1	1	4	12	
9900.000000	999	1	5	1	4	0	0	986	0	0	146	954	2	0	0	8	1	1	5	12	
9910.000000	990	1	4	1	4	0	0	1022	0	0	145	938	2	0	0	8	1	1	6	12	
9920.000000	993	1	4	0	4	0	0	1015	0	0	140	966	2	0	0	7	1	1	6	11	
9930.000000	1010	1	4	0	4	0	0	1019	0	0	135	971	2	0	0	6	1	1	5	11	
9940.000000	1008	1	4	0	3	0	0	1026	0	0	127	979	2	0	0	5	1	1	5	9	
9950.000000	993	1	4	0	1	0	0	1025	0	0	122	1007	2	0	0	5	1	1	5	9	
9960.000000	988	1	3	0	1	0	0	1031	0	0	116	1022	2	0	0	5	1	1	8	8	
9970.000000	998	1	3	0	1	0	0	1068	0	0	112	1018	2	0	0	5	1	1	8	8	
9980.000000	1004	1	3	0	1	0	0	1068	0	0	104	1012	2	0	0	3	1	1	9	8	
9990.000000	998	1	3	0	1	0	0	1081	0	0	94	1007	2	0	0	3	1	1	11	8	
10000.000000	998	1	3	0	1	0	0	1078	0	0	90	1010	2	0	0	3	1	1	11	8	
