0.000000	10	10	10	10	10	10	0	0	0	0	0	0	0	0	0	0	0	0	0	0	
0.000000	10	10	10	10	10	10	0	0	0	1	0	0	0	0	0	0	0	0	0	0	
10.000000	9	9	37	9	60	9	0	53	1	13	1	0	0	0	18	19	22	0	60	1	
20.000000	6	8	56	9	67	7	0	61	2	13	1	0	0	0	25	40	46	3	79	1	
30.000000	5	8	52	7	59	6	0	55	7	10	1	0	0	0	28	54	56	6	71	1	
40.000000	4	7	47	7	54	5	0	50	9	13	1	0	0	0	35	53	61	18	61	1	
50.000000	4	6	45	5	50	5	0	44	9	21	1	0	0	0	42	53	61	22	52	1	
60.000000	4	6	44	5	43	4	0	39	10	23	1	0	0	0	44	54	56	29	46	1	
70.000000	3	5	41	4	39	2	0	36	15	26	1	0	0	0	51	44	54	32	38	1	
80.000000	2	4	36	4	40	2	0	39	15	31	1	0	0	0	54	41	52	32	36	1	
90.000000	1	4	34	3	40	2	0	32	14	36	1	0	0	0	53	36	54	34	40	1	
100.000000	1	4	29	3	41	2	0	30	15	36	1	0	0	0	51	37	56	34	45	1	
110.000000	0	4	32	3	37	2	0	34	17	39	1	0	0	0	51	35	53	35	45	1	
120.000000	0	2	31	2	35	2	0	36	18	41	1	0	0	0	55	34	51	36	46	1	
130.000000	0	2	27	2	32	1	0	34	16	39	1	0	0	0	50	39	53	32	49	1	
140.000000	0	1	21	1	28	1	0	33	17	37	1	0	0	0	55	39	48	31	41	1	
150.000000	0	1	18	1	30	1	0	35	17	41	1	0	0	0	51	40	47	28	43	1	
160.000000	0	0	21	1	25	1	0	36	19	38	1	0	0	0	50	35	47	31	41	1	
170.000000	0	0	23	1	22	1	0	36	20	40	1	0	0	0	54	35	42	30	43	0	
180.000000	0	0	20	1	22	1	0	35	22	40	1	0	0	0	57	33	45	26	36	0	
190.000000	0	0	15	1	19	1	0	37	21	47	1	0	0	0	58	37	42	26	38	0	
200.000000	0	0	16	1	15	1	0	33	27	51	1	0	0	0	59	38	39	30	39	0	
210.000000	0	0	14	1	12	0	0	32	25	53	1	0	0	0	51	41	36	26	40	0	
220.000000	0	0	13	1	10	0	0	32	23	57	1	0	0	0	56	36	40	24	35	0	
230.000000	0	0	11	1	9	0	0	35	22	50	1	0	0	0	48	36	42	21	34	0	
240.000000	0	0	8	1	10	0	0	29	22	46	1	0	0	0	51	37	43	16	32	0	
250.000000	0	0	7	1	7	0	0	25	20	52	1	0	0	0	53	41	41	14	30	0	
260.000000	0	0	7	1	7	0	0	19	30	58	1	0	0	0	56	44	44	14	30	0	
270.000000	0	0	5	1	5	0	0	17	27	71	1	0	0	0	58	46	41	14	29	0	
280.000000	0	0	4	1	5	0	0	17	23	75	1	0	0	0	52	45	43	11	26	0	
290.000000	0	0	4	0	6	0	0	17	21	80	1	0	0	0	67	40	39	14	24	0	
300.000000	0	0	3	0	6	0	0	15	24	91	0	0	0	0	68	44	35	17	22	0	
310.000000	0	0	3	0	6	0	0	17	20	106	1	0	0	0	70	40	34	19	27	0	
320.000000	0	0	5	0	4	0	0	20	22	108	1	0	0	0	66	42	37	18	24	0	
330.000000	0	0	4	0	3	0	0	19	24	112	1	0	0	0	63	37	28	19	23	0	
340.000000	0	0	3	0	3	0	0	19	22	114	1	0	0	0	62	39	28	19	25	0	
350.000000	0	0	2	0	3	0	0	18	27	108	1	0	0	0	63	42	32	17	26	0	
360.000000	0	0	1	0	5	0	0	16	28	109	1	0	0	0	60	46	35	19	26	0	
370.000000	0	0	2	0	7	0	0	20	22	112	1	0	0	0	55	46	33	22	28	0	
380.000000	0	0	2	0	5	0	0	18	25	102	0	0	0	0	49	39	28	20	29	0	
390.000000	0	0	1	0	6	0	0	20	29	100	1	0	0	0	47	37	30	21	27	0	
400.000000	0	0	1	0	6	0	0	22	32	102	1	0	0	0	49	36	34	23	27	0	
410.000000	0	0	2	0	7	0	0	19	31	97	1	0	0	0	50	34	36	20	25	0	
420.000000	0	0	3	0	5	0	0	19	29	99	0	0	0	0	61	38	34	20	27	0	
430.000000	0	0	3	0	5	0	0	19	27	101	1	0	0	0	59	38	33	19	28	0	
440.000000	0	0	2	0	6	0	0	22	30	110	1	0	0	0	63	42	32	18	28	0	
450.000000	0	0	1	0	5	0	0	27	29	110	1	0	0	0	54	41	31	18	23	0	
460.000000	0	0	1	0	5	0	0	20	30	112	1	0	0	0	59	36	32	15	19	0	
470.000000	0	0	0	0	5	0	0	18	25	120	1	0	0	0	53	36	28	13	18	0	
480.000000	0	0	0	0	4	0	0	18	20	117	0	0	0	0	63	32	28	12	18	0	
490.000000	0	0	0	0	3	0	0	18	24	117	0	0	0	0	65	32	28	11	18	0	
500.000000	0	0	0	0	3	0	0	14	21	123	0	0	0	0	58	28	27	8	20	0	
510.000000	0	0	0	0	2	0	0	14	18	116	1	0	0	0	59	25	27	6	21	0	
520.000000	0	0	0	0	2	0	0	12	12	108	1	0	0	0	57	31	21	6	19	0	
530.000000	0	0	0	0	1	0	0	10	13	107	1	0	0	0	59	26	28	4	10	0	
540.000000	0	0	0	0	1	0	0	7	8	105	0	0	0	0	59	24	29	2	7	0	
550.000000	0	0	0	0	1	0	0	3	7	92	1	0	0	0	65	21	23	1	5	0	
560.000000	0	0	0	0	0	0	0	1	7	91	1	0	0	0	63	14	21	1	3	0	
570.000000	0	0	0	0	0	0	0	0	6	76	0	0	0	0	60	8	13	1	2	0	
580.000000	6	22	46	20	0	6	0	3	51	59	64	18	20	0	55	62	48	51	0	51	
590.000000	72	71	81	62	3	57	0	4	93	53	87	65	68	0	55	95	79	79	0	69	
600.000000	153	139	95	112	3	109	0	4	117	49	108	115	133	0	53	111	90	100	0	87	
610.000000	231	207	108	171	6	150	0	4	128	47	122	162	171	0	49	121	110	103	0	103	
620.000000	305	274	115	222	10	196	0	5	139	43	131	219	224	0	45	128	122	103	0	115	
630.000000	366	329	112	306	11	264	0	5	135	39	134	275	286	0	41	119	120	109	0	129	
640.000000	403	342	120	360	21	328	0	5	132	38	146	315	340	0	38	116	122	117	0	124	
650.000000	467	379	123	396	22	373	0	3	128	35	153	363	388	0	35	117	128	120	0	125	
660.000000	505	426	128	454	23	407	0	3	136	33	149	395	421	0	32	112	131	130	0	130	
670.000000	551	468	127	485	28	455	0	3	136	27	143	443	453	0	31	115	131	127	0	129	
680.000000	594	508	122	529	32	483	0	2	124	24	154	464	470	0	29	116	132	127	0	126	
690.000000	633	524	121	555	34	526	0	1	125	21	150	485	512	0	27	113	136	124	0	127	
700.000000	656	562	112	592	43	540	0	1	125	20	145	512	542	0	26	118	127	127	0	125	
710.000000	694	580	116	621	41	566	0	1	126	17	140	563	573	0	24	124	122	124	0	135	
720.000000	708	622	121	632	47	595	0	1	117	15	133	608	588	0	23	129	124	120	0	136	
730.000000	697	627	112	646	49	601	0	1	109	13	129	601	595	0	23	132	122	108	1	129	
740.000000	649	577	106	590	54	545	0	1	100	13	122	545	546	0	21	124	113	103	1	122	
750.000000	599	538	102	547	51	507	0	0	94	12	110	502	509	0	19	115	106	96	1	116	
760.000000	555	501	96	501	57	469	0	0	84	10	97	465	466	0	17	108	95	86	1	105	
770.000000	512	463	91	460	62	435	0	0	78	8	94	422	425	0	18	101	91	80	1	95	
780.000000	465	428	86	420	64	392	0	0	74	7	91	400	386	0	20	98	78	75	1	88	
790.000000	417	397	78	393	63	359	0	0	67	6	83	366	352	0	23	87	72	68	1	83	
800.000000	445	400	76	390	59	363	0	0	74	5	91	364	359	0	24	96	75	76	0	94	
810.000000	491	449	88	414	61	387	0	0	90	4	103	401	389	0	22	102	91	90	0	100	
820.000000	525	475	101	453	60	422	0	0	92	4	113	442	427	0	19	109	99	99	0	105	
830.000000	552	524	112	469	62	451	0	0	99	4	124	476	464	0	17	118	102	106	0	108	
840.000000	587	546	127	498	67	476	0	0	104	4	136	522	498	0	17	127	116	116	0	112	
850.000000	593	570	126	521	65	494	0	0	108	4	126	540	527	0	17	128	120	116	0	122	
860.000000	644	595	123	551	66	533	0	0	117	4	124	544	558	0	13	132	128	117	0	123	
870.000000	691	606	131	569	73	549	0	0	115	2	121	575	570	0	12	131	134	119	0	122	
880.000000	713	621	132	602	72	580	0	0	114	2	117	601	606	0	12	132	126	125	0	132	
890.000000	730	645	132	619	77	604	0	0	115	2	117	617	633	0	9	131	126	120	0	137	
900.000000	744	655	128	655	80	610	0	0	113	2	122	632	641	0	9	133	122	120	0	130	
910.000000	776	673	135	653	83	657	0	0	112	2	117	657	642	0	10	131	129	124	0	118	
920.000000	801	719	136	666	81	678	0	0	114	2	125	672	657	0	8	130	129	122	0	127	
930.000000	817	724	134	696	75	699	0	0	115	1	124	656	682	0	7	134	123	124	0	130	
940.000000	829	732	123	718	64	708	0	0	107	1	128	668	707	0	8	133	131	124	0	132	
950.000000	847	736	126	732	68	751	0	0	107	1	125	684	729	0	9	133	131	119	0	136	
960.000000	854	764	127	748	67	769	0	0	108	1	133	714	745	0	9	128	125	121	0	135	
970.000000	847	772	120	750	66	750	0	0	118	1	136	764	763	0	10	135	122	113	0	140	
980.000000	861	787	120	784	64	744	0	0	119	1	135	754	776	0	8	133	117	113	0	138	
990.000000	863	809	115	787	65	746	0	0	121	0	140	761	794	0	8	135	112	119	0	130	
1000.000000	885	822	122	807	61	769	0	0	120	0	135	764	794	0	7	134	115	125	0	129	
1010.000000	909	850	121	820	68	790	0	0	122	0	136	767	798	0	7	130	116	121	0	129	
1020.000000	928	869	115	805	70	786	0	0	120	0	139	757	787	0	6	122	113	119	0	128	
1030.000000	933	882	120	830	72	801	0	0	129	0	138	772	827	0	5	126	106	119	0	128	
1040.000000	935	894	124	857	72	796	0	0	124	0	131	784	837	0	5	126	111	128	0	128	
1050.000000	956	887	125	864	74	803	0	0	127	0	131	797	830	0	6	122	111	125	0	130	
1060.000000	964	884	123	884	68	819	0	0	128	0	131	796	836	0	6	121	118	118	0	121	
1070.000000	978	876	131	880	68	811	0	0	140	0	133	801	847	0	6	120	118	119	0	119	
1080.000000	981	881	132	883	76	816	0	0	147	0	136	816	863	0	5	124	119	122	0	116	
1090.000000	989	898	143	870	82	815	0	0	147	0	138	827	849	0	5	125	118	117	0	122	
1100.000000	999	898	143	860	77	812	0	0	150	0	140	826	831	0	5	128	119	111	0	130	
1110.000000	992	890	142	864	80	816	0	0	147	0	142	833	850	0	5	128	116	114	0	128	
1120.000000	996	880	153	867	75	824	0	0	135	0	144	826	866	0	4	124	118	107	0	130	
1130.000000	1002	889	155	875	73	824	0	0	135	0	151	818	866	0	2	131	112	110	0	128	
1140.000000	992	892	153	877	77	830	0	0	135	0	148	829	878	0	2	137	107	111	0	136	
1150.000000	1007	888	149	861	80	845	0	0	139	0	139	810	872	0	2	139	102	108	0	134	
1160.000000	1010	898	145	838	79	836	0	0	138	0	141	820	866	0	2	141	103	116	0	138	
1170.000000	995	907	140	834	77	850	0	0	134	0	140	820	865	0	2	139	108	115	0	131	
1180.000000	982	903	143	840	73	845	0	0	133	0	139	829	854	0	2	141	115	115	0	129	
1190.000000	1005	886	139	862	74	839	0	0	130	0	144	841	827	0	2	129	120	116	0	131	
1200.000000	1004	889	138	861	72	827	0	0	129	0	149	855	827	0	2	131	113	125	0	131	
1210.000000	1015	867	143	883	73	835	0	0	122	0	146	858	826	0	1	137	109	127	0	122	
1220.000000	1043	859	139	880	77	843	0	0	121	0	151	861	834	0	1	142	120	134	0	123	
1230.000000	1043	847	133	876	80	855	8	0	123	1	151	872	820	0	0	151	125	141	0	128	
1240.000000	1025	865	133	880	86	853	70	0	120	1	149	851	828	0	0	144	123	139	0	133	
1250.000000	1055	858	131	880	86	869	105	0	121	1	146	840	835	0	0	137	119	134	0	135	
1260.000000	1041	881	128	887	83	875	158	0	120	1	138	856	826	2	0	146	123	130	0	134	
1270.000000	1052	872	120	892	72	880	199	0	112	2	132	856	834	2	0	138	122	126	0	130	
1280.000000	1024	870	117	893	63	877	238	0	106	2	132	866	818	2	0	133	121	124	0	128	
1290.000000	1012	851	124	890	57	886	254	0	106	2	136	879	822	3	0	133	123	126	0	128	
1300.000000	1032	853	128	907	56	873	291	0	114	2	140	887	831	2	0	133	130	121	0	120	
1310.000000	1027	846	126	897	53	855	318	0	115	1	140	885	853	2	0	125	134	117	0	124	
1320.000000	1042	840	130	900	48	875	352	0	123	1	147	851	856	2	0	126	132	128	0	133	
1330.000000	1047	830	125	896	52	896	367	0	123	1	147	842	858	0	0	121	134	127	0	135	
1340.000000	1068	828	125	898	55	869	390	0	119	1	152	847	856	0	0	124	131	128	0	135	
1350.000000	1056	830	129	871	62	881	422	1	118	2	150	866	865	0	0	125	134	121	0	132	
1360.000000	1051	832	138	870	58	875	429	1	124	2	147	867	864	0	0	123	129	122	0	127	
1370.000000	1056	836	132	865	55	897	442	1	125	2	146	865	859	0	0	131	133	127	0	123	
1380.000000	1043	823	134	880	62	898	453	2	123	2	154	863	867	0	0	125	137	125	0	115	
1390.000000	1035	824	136	857	69	896	429	2	121	2	159	840	848	0	1	134	154	129	0	114	
1400.000000	1040	807	132	850	65	888	385	0	116	1	156	844	835	0	1	138	155	135	0	124	
1410.000000	1069	815	134	868	67	873	352	0	123	1	151	854	829	0	1	135	143	138	0	131	
1420.000000	1045	806	133	889	69	869	330	0	123	1	160	829	840	0	1	134	140	133	0	132	
1430.000000	1038	812	130	903	68	867	308	0	120	1	160	835	847	0	1	133	137	133	0	141	
1440.000000	1059	818	128	907	73	857	290	0	116	1	152	841	849	0	2	123	137	127	0	136	
1450.000000	1041	819	127	911	75	851	264	0	114	1	150	836	839	0	2	122	135	123	0	140	
1460.000000	1026	829	129	896	76	868	241	0	113	1	142	844	840	0	1	122	137	114	0	137	
1470.000000	1022	835	132	873	78	856	214	0	115	1	131	875	834	0	1	131	132	110	0	137	
1480.000000	1028	828	136	871	86	868	192	0	111	1	131	865	839	0	1	140	127	105	0	133	
1490.000000	1021	819	134	883	87	877	173	0	105	0	131	858	844	0	1	141	123	109	0	128	
1500.000000	1030	829	137	879	90	907	160	0	109	0	130	854	846	0	1	142	119	106	0	122	
1510.000000	1013	843	128	891	88	904	151	0	109	0	132	845	854	0	1	142	124	111	0	129	
1520.000000	1005	853	131	895	93	904	139	0	118	0	136	873	843	0	2	143	132	114	0	125	
1530.000000	993	846	126	902	93	889	127	0	118	0	137	864	860	0	2	154	134	115	0	129	
1540.000000	989	842	130	895	88	887	116	0	115	0	132	839	860	0	2	155	135	111	0	134	
1550.000000	975	850	134	905	87	882	109	0	126	0	126	818	869	0	2	148	128	115	0	128	
1560.000000	981	859	129	914	87	880	101	0	127	0	127	821	891	0	1	139	133	116	0	132	
1570.000000	999	875	125	907	88	896	94	0	124	0	126	827	873	0	1	143	136	115	0	138	
1580.000000	1002	889	123	894	92	887	84	0	128	0	136	861	888	0	1	142	138	115	0	136	
1590.000000	996	875	124	898	92	865	70	0	126	0	138	874	879	0	2	146	133	119	0	130	
1600.000000	999	875	124	894	94	863	65	0	121	0	136	881	897	0	2	152	127	120	0	134	
1610.000000	1023	868	132	878	90	869	59	0	122	0	139	875	893	0	2	151	130	125	0	133	
1620.000000	1018	877	132	873	87	856	53	0	119	0	141	882	890	0	2	144	133	132	0	127	
1630.000000	1003	877	135	878	89	859	48	0	120	0	138	875	904	0	2	148	129	127	0	129	
1640.000000	997	894	134	890	89	856	44	0	121	0	139	883	893	0	1	151	130	134	0	126	
1650.000000	987	877	133	864	82	826	39	0	117	0	138	886	893	0	1	147	127	141	0	132	
1660.000000	998	876	137	862	95	851	37	0	112	0	134	899	889	0	1	152	132	140	0	131	
1670.000000	1013	878	140	867	97	861	35	0	120	0	127	881	876	0	1	146	132	130	0	131	
1680.000000	1023	886	134	862	86	860	35	0	123	0	128	879	852	0	1	142	125	125	0	132	
1690.000000	1028	889	135	856	86	871	33	0	129	0	115	869	877	0	1	147	118	128	0	132	
1700.000000	994	903	132	864	87	880	42	0	124	0	118	861	880	0	1	148	123	123	0	133	
1710.000000	997	906	140	878	85	889	39	0	121	0	123	856	897	0	2	140	123	119	0	135	
1720.000000	998	907	141	887	82	881	35	0	120	0	126	863	897	0	3	134	123	118	0	135	
1730.000000	1008	924	139	874	81	874	32	0	118	0	129	870	903	0	3	135	119	115	0	135	
1740.000000	1020	920	132	872	80	848	29	0	116	0	136	867	917	0	3	138	125	118	0	129	
1750.000000	995	914	124	865	82	840	28	0	116	0	140	875	924	0	3	145	132	122	0	126	
1760.000000	998	917	127	865	88	815	25	0	114	0	145	879	913	0	2	150	136	118	0	124	
1770.000000	995	925	133	883	89	843	24	0	113	0	141	892	916	0	2	162	132	119	0	128	
1780.000000	1001	895	135	871	94	834	22	0	114	0	147	887	907	0	3	162	130	119	0	128	
1790.000000	1005	878	142	874	93	827	19	0	118	0	151	890	919	0	3	157	124	123	0	127	
1800.000000	1009	859	139	864	96	828	17	0	114	0	149	900	911	0	4	151	128	124	0	127	
1810.000000	1002	879	131	860	96	809	15	0	110	0	147	901	902	0	3	142	129	120	0	128	
1820.000000	1001	902	128	851	99	827	14	0	106	0	147	881	895	0	4	139	136	123	0	130	
1830.000000	997	924	130	851	98	800	13	0	108	0	140	887	888	0	4	143	133	119	0	130	
1840.000000	1027	915	132	832	94	805	11	0	114	0	136	872	863	0	4	135	130	129	0	126	
1850.000000	1034	911	129	826	94	779	9	0	116	0	141	862	865	0	3	138	120	141	0	124	
1860.000000	1023	911	120	818	93	794	9	0	123	0	124	847	867	0	2	132	125	138	0	126	
1870.000000	1022	919	122	811	95	782	8	0	127	0	133	857	871	0	2	130	117	134	0	126	
1880.000000	1020	920	118	789	98	769	8	0	130	0	136	852	854	0	3	124	124	131	0	131	
1890.000000	1022	935	121	807	85	762	7	0	134	0	135	862	870	0	2	116	126	129	0	134	
1900.000000	1003	934	126	814	83	782	6	0	132	0	140	859	853	0	2	119	129	128	0	130	
1910.000000	1031	948	134	827	89	789	4	0	134	0	141	879	870	0	2	114	131	133	0	129	
1920.000000	1028	958	130	823	90	805	4	0	137	0	137	869	856	0	4	116	136	136	0	126	
1930.000000	1005	936	129	839	92	796	4	0	134	0	138	858	848	0	5	119	140	134	0	123	
1940.000000	1003	951	137	852	87	781	4	0	129	0	134	833	859	0	4	118	136	136	0	129	
1950.000000	975	929	145	843	84	785	4	0	124	0	131	835	844	0	4	123	139	135	0	132	
1960.000000	961	899	141	859	84	778	4	0	125	0	134	842	858	0	4	131	136	137	0	131	
1970.000000	956	910	141	853	84	778	4	0	130	0	128	827	851	0	4	126	137	134	0	133	
1980.000000	958	905	139	845	86	797	3	0	133	0	128	842	826	0	3	128	137	134	0	133	
1990.000000	955	889	129	836	88	801	2	0	134	0	124	848	819	0	3	130	138	137	0	131	
2000.000000	950	889	133	819	90	806	1	0	138	0	118	836	830	0	3	134	142	131	0	126	
2010.000000	959	882	130	833	85	825	1	0	144	0	123	838	824	0	4	133	143	134	0	129	
2020.000000	947	882	128	826	81	848	1	0	143	0	118	835	826	0	3	134	147	127	0	129	
2030.000000	944	876	132	835	79	851	1	0	137	0	117	854	830	0	3	142	154	129	0	129	
2040.000000	957	872	132	827	85	837	0	0	140	0	119	835	843	0	4	151	156	132	0	126	
2050.000000	965	875	132	854	86	825	0	0	139	0	119	834	842	0	3	143	154	135	0	126	
2060.000000	968	890	136	847	89	839	0	0	150	0	112	854	848	0	2	137	149	139	0	128	
2070.000000	967	884	138	861	96	842	0	0	150	0	117	861	856	0	2	135	155	135	0	122	
2080.000000	976	879	149	861	97	843	0	0	152	0	122	870	873	0	2	133	148	122	0	119	
2090.000000	979	875	151	843	97	832	0	0	153	0	120	867	876	0	1	136	152	122	0	120	
2100.000000	982	891	144	832	93	826	0	0	146	0	119	858	863	0	1	136	150	116	0	121	
2110.000000	984	881	143	834	88	832	0	0	140	0	117	837	841	0	1	132	148	115	0	118	
2120.000000	986	894	149	851	91	844	0	0	138	0	118	837	842	0	1	130	150	120	0	119	
2130.000000	1000	911	146	847	97	843	0	0	142	0	119	823	841	0	1	128	158	124	0	121	
2140.000000	999	898	151	835	99	860	0	0	145	0	117	824	847	0	1	128	153	124	0	127	
2150.000000	991	870	144	849	100	851	0	0	144	0	118	817	838	0	1	128	146	122	0	126	
2160.000000	995	871	140	857	98	856	0	0	138	0	124	808	832	0	1	128	139	116	0	127	
2170.000000	1007	884	133	836	100	852	0	0	141	0	129	796	846	0	1	128	132	114	0	130	
2180.000000	1005	869	124	831	102	863	0	0	143	0	126	792	827	0	1	130	132	114	0	140	
2190.000000	979	877	138	848	106	854	35	0	140	1	123	785	823	0	0	128	129	117	0	133	
2200.000000	947	854	137	809	102	821	78	0	139	1	116	772	797	1	0	119	121	113	1	131	
2210.000000	860	785	129	739	90	762	111	0	128	1	103	698	737	1	0	114	107	103	1	121	
2220.000000	803	722	118	681	85	702	130	1	118	1	99	633	679	1	0	102	97	90	1	113	
2230.000000	765	657	102	623	77	647	163	1	112	2	94	569	620	2	0	93	91	79	1	100	
2240.000000	715	611	98	571	71	596	184	3	103	3	86	529	573	4	0	84	88	71	2	96	
2250.000000	671	560	88	527	66	552	190	6	95	3	78	485	543	4	0	78	79	66	4	87	
2260.000000	629	520	79	469	62	507	196	7	90	6	73	447	488	6	0	73	73	62	3	76	
2270.000000	590	487	74	435	56	460	195	8	86	6	70	408	448	8	0	66	69	55	6	67	
2280.000000	539	436	69	403	52	419	187	10	81	7	65	370	420	11	0	59	61	44	8	64	
2290.000000	495	407	66	371	49	378	175	13	72	12	61	343	382	18	0	52	53	39	9	59	
2300.000000	454	374	66	345	47	344	165	13	68	16	52	319	354	28	0	49	47	38	6	56	
2310.000000	415	348	59	321	42	322	154	18	59	20	46	287	326	36	0	46	46	37	6	52	
2320.000000	389	324	54	290	37	302	149	19	56	31	45	261	302	38	0	42	42	38	12	50	
2330.000000	360	300	50	267	34	276	137	22	55	33	41	241	284	44	0	39	42	34	15	45	
2340.000000	328	275	47	245	32	258	129	29	54	32	39	225	265	53	0	38	37	33	20	40	
2350.000000	306	253	42	226	27	236	118	28	53	33	36	212	243	55	0	33	36	30	30	38	
2360.000000	284	228	39	203	27	217	105	26	50	32	36	195	221	65	0	32	36	30	29	39	
2370.000000	264	209	35	187	25	196	98	27	50	35	36	180	201	68	0	30	36	25	26	36	
2380.000000	237	198	32	173	23	181	93	26	44	37	33	164	185	72	0	29	34	23	29	35	
2390.000000	225	178	31	160	21	166	84	29	40	38	29	154	169	81	0	29	31	23	32	36	
2400.000000	210	156	28	149	17	154	78	31	40	42	30	138	148	75	0	27	29	21	30	34	
2410.000000	197	140	26	136	16	135	73	33	43	47	29	125	140	80	0	25	26	20	31	32	
2420.000000	181	127	22	129	14	119	67	30	40	50	27	115	132	79	0	22	24	18	32	26	
2430.000000	165	116	19	113	11	108	62	32	44	59	22	110	124	83	0	21	22	16	32	25	
2440.000000	154	109	17	100	11	97	56	32	43	59	18	101	109	84	0	18	22	13	32	20	
2450.000000	134	99	16	91	11	88	48	31	41	62	16	88	98	82	0	14	20	13	34	19	
2460.000000	117	87	15	84	11	78	43	33	35	57	15	82	83	74	0	14	19	9	31	17	
2470.000000	108	75	14	77	9	68	38	31	34	47	12	71	70	77	0	9	18	9	27	14	
2480.000000	93	68	12	67	7	56	35	23	34	41	12	67	58	73	0	7	17	7	26	11	
2490.000000	79	57	11	56	5	52	32	19	31	33	11	60	50	70	0	7	11	7	27	11	
2500.000000	58	45	8	48	4	45	25	17	28	28	9	50	46	61	0	6	11	5	21	9	
2510.000000	47	39	8	41	4	39	22	14	15	24	8	40	38	52	0	6	8	5	20	8	
2520.000000	33	30	5	35	3	32	17	14	13	22	6	34	26	50	0	4	5	4	20	5	
2530.000000	26	23	3	24	3	24	12	11	10	13	4	19	23	41	0	4	3	3	15	3	
2540.000000	15	18	1	17	2	14	7	7	9	13	3	14	13	24	0	3	3	2	13	2	
2550.000000	11	14	13	12	46	10	6	41	5	10	2	9	8	13	0	1	2	0	42	1	
2560.000000	10	11	68	11	66	8	5	76	15	14	2	7	6	12	0	0	1	0	78	1	
2570.000000	9	10	113	10	80	7	5	101	74	31	2	7	6	12	0	0	1	0	89	1	
2580.000000	9	9	166	10	100	7	5	113	136	57	1	7	4	11	0	0	1	0	95	1	
2590.000000	9	9	215	10	108	6	5	125	184	70	1	7	4	9	0	0	1	0	95	1	
2600.000000	8	8	245	10	122	6	4	133	239	75	1	7	3	9	0	0	1	0	107	1	
2610.000000	8	8	287	9	134	5	2	147	272	86	1	7	3	7	0	0	1	0	103	0	
2620.000000	8	8	327	9	142	4	2	146	307	96	1	6	2	7	0	0	1	0	106	0	
2630.000000	7	8	368	9	140	4	2	142	347	102	1	6	2	7	0	0	1	0	109	0	
2640.000000	4	7	403	9	137	4	2	142	393	117	1	6	2	6	0	0	1	0	118	0	
2650.000000	4	7	429	8	144	4	2	137	433	126	1	6	2	6	0	0	1	0	120	1	
2660.000000	4	7	479	7	147	4	2	147	459	129	1	6	2	6	0	0	1	0	120	1	
2670.000000	4	7	500	6	155	4	2	144	491	125	1	6	2	6	0	0	1	0	119	1	
2680.000000	4	6	526	5	153	4	2	139	506	122	1	6	2	6	0	0	1	0	122	1	
2690.000000	4	6	536	5	154	4	2	140	512	131	1	6	2	6	0	0	1	0	118	1	
2700.000000	4	6	575	4	149	4	2	141	543	134	1	4	2	6	0	0	1	0	126	1	
2710.000000	4	6	587	4	144	4	2	146	561	130	1	4	2	6	0	0	1	0	120	1	
2720.000000	4	5	602	4	146	4	3	144	555	133	1	4	2	6	0	0	1	0	122	1	
2730.000000	3	4	622	3	150	4	3	146	592	132	1	4	2	4	0	0	1	0	121	1	
2740.000000	3	4	652	3	151	4	3	144	649	133	1	4	2	4	0	0	1	0	123	1	
2750.000000	2	4	622	9	146	14	5	138	642	129	32	4	6	2	7	0	0	29	111	46	
2760.000000	11	4	593	17	137	32	9	125	619	126	38	4	20	1	9	0	0	50	99	58	
2770.000000	48	3	576	30	132	56	13	114	589	122	42	3	30	1	10	0	0	56	91	67	
2780.000000	105	2	542	58	127	72	21	107	559	118	50	3	48	1	11	0	0	60	84	67	
2790.000000	161	2	509	78	123	87	25	98	517	110	58	3	76	1	16	0	0	69	80	67	
2800.000000	228	1	492	86	115	90	34	92	468	109	60	3	89	1	18	0	0	69	76	65	
2810.000000	273	1	463	106	121	94	45	83	440	104	68	3	99	1	17	0	0	72	70	66	
2820.000000	319	1	443	123	118	94	55	77	408	94	71	3	114	0	19	0	0	71	68	68	
2830.000000	361	1	424	143	115	95	59	72	375	95	68	3	129	0	21	0	0	73	64	65	
2840.000000	403	1	415	141	115	95	63	69	353	93	68	3	142	0	21	0	0	72	60	70	
2850.000000	433	1	405	144	114	88	71	65	318	89	68	2	145	0	23	0	0	72	59	71	
2860.000000	471	1	378	150	105	93	80	59	293	83	70	2	158	0	25	0	0	73	57	76	
2870.000000	488	1	358	140	106	100	92	56	269	82	68	2	163	0	26	0	0	72	52	75	
2880.000000	476	1	340	140	105	107	105	52	253	74	67	2	167	0	26	0	0	70	50	73	
2890.000000	467	1	317	146	99	106	117	51	234	71	68	2	169	0	25	0	0	70	48	70	
2900.000000	449	1	299	148	104	101	123	50	228	69	67	1	178	0	29	0	0	73	44	69	
2910.000000	420	1	284	146	104	106	136	52	220	63	62	1	175	0	27	0	0	72	41	67	
2920.000000	381	1	263	145	112	99	149	46	198	64	59	1	166	0	31	0	0	71	38	61	
2930.000000	356	1	253	149	120	97	148	47	189	60	57	1	170	0	31	0	0	67	32	56	
2940.000000	330	1	239	146	126	93	160	45	176	66	52	1	165	0	32	0	0	64	28	57	
2950.000000	307	1	226	142	138	85	164	50	162	65	48	1	158	0	43	0	0	65	25	52	
2960.000000	288	1	213	138	144	83	182	53	155	74	47	1	144	0	51	0	0	63	24	53	
2970.000000	265	1	206	133	150	83	186	62	144	81	46	1	132	0	56	0	0	61	21	52	
2980.000000	236	1	198	125	157	79	191	67	131	91	44	1	127	0	64	0	0	57	18	50	
2990.000000	218	1	189	117	165	72	196	79	116	105	41	1	116	0	72	0	0	51	16	47	
3000.000000	195	1	172	117	172	67	197	80	112	122	41	1	109	0	79	0	0	51	14	44	
3010.000000	185	1	154	108	180	62	196	92	103	143	43	1	103	0	90	0	0	45	14	44	
3020.000000	172	1	143	99	179	63	193	95	95	154	41	1	94	0	102	0	0	42	13	45	
3030.000000	152	1	131	93	187	61	195	111	89	178	39	1	87	0	118	0	0	43	13	41	
3040.000000	140	1	120	86	189	58	195	112	84	201	37	1	80	0	132	0	0	37	12	41	
3050.000000	131	1	111	79	199	57	191	119	79	219	36	1	71	0	159	0	0	38	11	39	
3060.000000	122	1	106	74	201	55	185	128	73	227	33	1	68	0	174	0	0	35	10	37	
3070.000000	112	1	99	68	197	50	175	137	67	238	31	1	63	0	203	0	0	33	9	36	
3080.000000	103	1	93	61	197	46	174	141	62	268	29	1	59	0	232	0	0	32	9	35	
3090.000000	95	0	92	57	188	40	161	142	53	292	26	1	53	0	243	0	0	29	9	30	
3100.000000	85	0	89	55	187	42	152	148	50	308	25	1	47	0	274	0	0	27	8	26	
3110.000000	79	0	79	48	192	38	147	154	49	334	24	1	45	0	283	0	0	26	7	27	
3120.000000	69	0	70	41	192	36	135	152	45	336	22	1	44	0	305	0	0	25	7	24	
3130.000000	67	0	66	39	190	32	131	158	42	373	17	1	40	0	318	0	0	24	5	24	
3140.000000	57	0	58	38	187	31	124	158	40	400	18	0	36	0	347	0	0	20	7	24	
3150.000000	53	0	52	37	173	27	117	158	37	417	18	0	33	0	362	0	0	18	6	24	
3160.000000	47	0	49	35	172	28	115	149	36	435	17	0	31	0	377	0	0	17	8	25	
3170.000000	44	0	43	30	171	24	108	145	33	452	17	0	29	0	400	0	0	16	10	22	
3180.000000	41	0	39	25	167	23	106	143	34	464	16	0	27	0	424	0	0	17	11	24	
3190.000000	39	0	36	24	160	20	100	135	35	474	15	0	24	0	450	0	0	16	12	26	
3200.000000	36	0	33	24	157	20	96	138	41	499	17	0	24	0	462	0	0	21	14	25	
3210.000000	34	0	33	22	156	19	91	134	43	522	16	0	25	0	486	0	0	26	16	29	
3220.000000	31	0	30	22	158	20	81	135	47	526	19	0	25	0	484	0	0	27	18	29	
3230.000000	30	0	27	21	161	19	73	132	45	534	22	0	24	0	492	0	0	29	19	27	
3240.000000	29	0	29	21	172	20	70	141	51	528	27	0	24	0	500	0	0	29	17	31	
3250.000000	26	0	29	18	179	22	72	141	55	511	32	0	23	0	507	0	0	32	20	38	
3260.000000	24	0	29	19	181	22	76	146	55	510	35	1	23	0	506	0	0	29	20	37	
3270.000000	20	0	27	17	183	23	75	153	49	508	39	1	20	0	496	0	0	32	18	38	
3280.000000	19	0	28	18	180	24	81	155	49	490	38	1	20	0	490	0	0	33	18	39	
3290.000000	16	0	28	19	173	25	80	153	50	460	33	1	18	0	485	0	0	38	17	39	
3300.000000	14	0	26	18	179	27	84	161	50	453	32	1	19	0	470	0	0	38	17	42	
3310.000000	14	0	25	17	180	26	87	164	53	444	41	1	20	0	456	0	0	38	17	44	
3320.000000	14	0	27	16	171	27	91	169	55	437	44	1	22	0	450	0	0	38	15	44	
3330.000000	13	0	26	16	174	25	99	155	55	431	43	1	22	0	443	0	0	38	14	42	
3340.000000	12	0	26	14	173	24	96	153	53	427	41	1	24	0	452	0	0	37	12	39	
3350.000000	12	0	24	14	180	22	96	164	50	429	37	1	24	0	445	0	0	36	12	36	
3360.000000	12	0	22	14	189	22	97	169	48	439	35	1	20	0	450	0	0	36	12	34	
3370.000000	11	0	21	15	178	20	93	163	47	448	33	1	17	0	440	0	0	35	11	33	
3380.000000	10	0	22	14	187	20	89	162	48	426	28	1	16	0	452	0	0	34	10	31	
3390.000000	8	0	17	14	195	19	89	164	46	425	23	1	15	0	460	0	0	34	6	29	
3400.000000	7	0	16	12	196	20	85	159	41	439	21	1	15	0	469	0	0	32	6	24	
3410.000000	6	0	15	11	205	19	87	169	36	453	21	1	15	0	478	0	0	31	5	20	
3420.000000	6	0	14	9	211	19	83	181	36	480	21	1	14	0	486	0	0	32	5	18	
3430.000000	5	0	15	9	207	18	82	186	35	488	20	1	14	0	502	0	0	29	4	16	
3440.000000	5	0	13	9	215	18	76	190	31	503	20	1	12	0	510	0	0	29	3	15	
3450.000000	5	0	12	8	214	17	71	198	29	520	17	1	10	0	524	0	0	28	2	14	
3460.000000	5	0	11	7	208	17	65	217	25	546	15	1	7	0	539	0	0	27	2	12	
3470.000000	5	0	10	7	205	17	60	214	24	580	15	1	7	0	546	0	0	25	1	12	
3480.000000	4	0	10	7	199	16	54	218	22	599	13	1	4	0	562	0	0	26	1	11	
3490.000000	4	0	9	7	198	15	50	222	21	615	12	1	4	0	579	0	0	26	1	10	
3500.000000	4	0	8	7	196	13	47	221	19	644	11	1	3	0	605	0	0	23	1	9	
3510.000000	4	0	8	7	192	13	44	220	18	652	9	1	3	0	612	0	0	22	1	9	
3520.000000	3	0	7	5	194	12	43	222	17	655	9	1	3	0	634	0	0	22	1	8	
3530.000000	3	0	6	4	181	12	40	222	16	670	9	1	2	0	651	0	0	22	1	9	
3540.000000	7	14	46	19	171	16	36	216	47	626	42	11	15	0	616	43	37	63	0	50	
3550.000000	76	73	75	63	154	67	34	198	78	582	65	54	75	0	563	74	63	96	0	73	
3560.000000	155	126	91	125	139	117	31	184	92	535	73	111	123	0	509	95	87	111	0	93	
3570.000000	241	179	101	164	131	181	30	171	97	494	80	165	179	0	462	109	95	118	0	99	
3580.000000	297	215	111	218	118	223	26	161	110	453	79	209	251	0	424	109	96	125	0	102	
3590.000000	345	260	123	267	112	276	24	146	111	406	88	259	323	0	392	110	113	130	0	115	
3600.000000	418	313	125	318	104	325	23	135	119	364	86	299	376	0	356	114	115	126	0	124	
3610.000000	479	375	127	371	97	367	21	125	117	328	95	360	433	0	330	116	122	129	0	132	
3620.000000	528	421	116	408	88	404	18	119	116	299	94	401	462	0	301	113	119	127	0	124	
3630.000000	571	456	124	472	84	434	17	109	114	278	101	448	475	0	270	108	122	135	0	121	
3640.000000	618	483	125	507	77	482	17	101	123	248	103	479	490	0	250	108	135	135	0	121	
3650.000000	664	503	121	530	72	499	14	91	114	229	105	513	532	0	233	112	141	130	0	127	
3660.000000	710	534	124	543	67	546	13	81	116	207	102	529	559	0	216	117	132	131	0	124	
3670.000000	756	563	120	573	59	563	11	71	118	188	95	545	595	0	188	122	131	129	0	125	
3680.000000	746	596	119	606	51	611	11	65	121	176	99	556	608	0	166	123	133	127	0	126	
3690.000000	788	617	122	642	48	645	11	63	119	157	105	592	625	0	155	130	132	130	0	129	
3700.000000	783	644	122	662	43	658	11	59	121	147	115	619	645	0	144	134	129	129	0	138	
3710.000000	796	668	123	656	44	662	9	56	122	131	117	648	656	0	134	128	129	128	0	146	
3720.000000	792	693	123	665	42	682	9	51	113	120	117	693	667	0	122	127	125	126	0	143	
3730.000000	801	694	118	708	38	680	8	46	118	107	113	713	659	0	115	123	117	121	0	142	
3740.000000	821	718	126	717	40	691	7	45	120	95	116	735	678	0	109	126	118	124	0	134	
3750.000000	846	745	130	729	36	699	4	42	116	90	115	745	720	0	99	128	121	120	0	141	
3760.000000	856	763	129	740	36	720	4	38	123	83	115	752	724	0	87	134	126	121	0	141	
3770.000000	850	769	139	760	33	748	3	37	124	76	111	749	724	0	80	131	128	123	0	133	
3780.000000	865	795	136	781	31	770	2	36	115	67	110	764	731	0	73	123	127	116	0	131	
3790.000000	887	808	128	789	34	760	2	34	116	58	117	771	739	0	68	121	126	104	0	138	
3800.000000	898	802	127	809	34	779	1	32	112	50	118	762	754	0	62	110	129	108	0	137	
3810.000000	910	800	140	832	32	802	0	30	110	45	114	781	750	0	58	109	130	111	0	137	
3820.000000	914	796	146	840	32	792	0	27	108	43	116	774	754	0	55	111	125	115	0	137	
3830.000000	908	790	135	822	35	793	0	26	100	35	116	781	785	0	48	112	125	115	0	139	
3840.000000	913	799	134	825	32	811	0	24	110	31	109	791	794	0	45	119	121	113	0	133	
3850.000000	921	795	130	843	37	820	0	21	115	26	117	806	791	0	41	129	125	123	0	132	
3860.000000	920	815	128	844	37	844	0	20	122	25	128	799	813	0	35	124	121	121	0	142	
3870.000000	919	816	124	849	41	845	0	16	111	23	127	811	816	0	33	118	113	118	0	142	
3880.000000	932	822	128	853	44	850	0	16	117	21	124	810	839	0	30	114	122	111	0	141	
3890.000000	928	834	132	876	44	859	0	16	109	16	120	825	831	0	29	116	122	111	0	139	
3900.000000	929	847	121	870	43	867	0	16	106	14	114	846	827	0	26	111	125	111	0	137	
3910.000000	930	854	116	858	45	859	0	16	103	14	109	844	828	0	26	107	125	96	0	138	
3920.000000	937	864	121	839	43	875	0	15	109	14	113	827	840	0	26	116	125	92	0	141	
3930.000000	950	868	118	868	41	863	0	12	112	14	106	830	847	0	23	121	127	88	0	135	
3940.000000	948	861	122	829	40	866	0	11	106	10	110	839	836	0	23	120	123	89	0	134	
3950.000000	940	861	123	835	38	862	0	10	116	8	122	852	843	0	20	119	126	96	0	133	
3960.000000	948	869	126	853	42	879	0	10	121	7	124	857	848	0	18	114	134	99	0	131	
3970.000000	953	854	125	851	47	872	0	10	121	7	110	854	834	0	17	118	137	103	0	137	
3980.000000	956	852	127	851	54	862	0	7	121	7	115	854	849	0	13	115	136	107	0	131	
3990.000000	943	872	131	858	52	840	0	7	123	6	107	843	850	0	13	116	136	103	0	132	
4000.000000	944	861	135	875	63	821	0	7	121	5	107	845	869	0	13	122	134	103	0	133	
4010.000000	948	864	131	884	66	830	0	7	116	5	107	836	851	0	13	129	130	110	0	130	
4020.000000	938	859	140	882	69	846	0	6	119	5	103	827	846	0	13	133	125	117	0	130	
4030.000000	921	856	136	868	72	857	0	5	125	5	103	833	860	0	13	136	118	114	0	134	
4040.000000	926	859	136	858	73	857	0	5	125	5	104	813	847	0	13	138	123	118	0	136	
4050.000000	937	871	133	847	73	852	0	4	118	4	102	809	840	0	13	132	128	123	0	131	
4060.000000	930	866	136	863	80	851	0	4	124	4	99	825	853	0	13	136	130	125	0	136	
4070.000000	926	877	131	855	81	838	0	4	123	4	102	842	876	0	12	133	128	124	0	134	
4080.000000	938	859	125	858	77	846	0	3	133	4	106	839	880	0	12	138	126	119	0	139	
4090.000000	897	854	117	861	82	864	0	1	132	4	109	829	904	0	12	139	129	121	0	136	
4100.000000	902	861	110	865	79	857	0	1	126	4	114	824	910	0	12	130	133	121	0	141	
4110.000000	923	847	116	862	70	858	0	1	123	4	120	820	905	0	10	130	126	126	0	141	
4120.000000	911	869	114	858	71	881	0	1	122	4	123	836	890	0	10	139	125	125	0	141	
4130.000000	925	880	106	851	73	883	0	1	125	4	127	822	872	0	8	136	127	129	0	140	
4140.000000	926	892	110	856	71	895	0	1	122	2	131	848	868	0	8	140	124	127	0	137	
4150.000000	930	889	111	845	69	876	0	1	130	2	133	853	875	0	8	142	122	132	0	141	
4160.000000	954	883	111	845	64	882	0	1	139	2	137	845	890	0	7	134	123	121	0	141	
4170.000000	951	876	113	853	63	884	0	1	133	2	133	849	895	0	7	135	128	117	0	133	
4180.000000	964	862	117	886	65	886	0	1	140	2	123	838	887	0	7	138	133	115	0	127	
4190.000000	942	861	128	877	62	896	0	1	139	2	123	847	886	0	7	139	135	121	0	117	
4200.000000	935	848	130	902	67	885	0	1	138	1	130	854	875	0	5	138	142	126	0	117	
4210.000000	940	839	138	903	66	896	0	1	140	1	125	861	881	0	3	148	145	124	0	121	
4220.000000	975	831	143	882	66	929	0	1	135	1	133	870	890	0	3	145	150	126	0	120	
4230.000000	950	838	146	870	72	938	0	1	136	1	137	879	922	0	2	138	140	130	0	123	
4240.000000	974	835	156	870	80	899	0	1	133	1	132	865	938	0	2	139	142	132	0	121	
4250.000000	983	841	155	888	81	886	0	1	136	1	138	861	916	0	2	143	144	141	0	120	
4260.000000	980	849	155	889	80	870	0	1	134	1	141	850	918	0	2	150	139	141	0	126	
4270.000000	969	844	156	888	84	872	0	1	134	1	132	859	948	0	2	151	135	135	0	125	
4280.000000	972	831	151	895	84	868	0	1	129	1	138	872	924	0	3	145	139	139	0	123	
4290.000000	981	844	144	888	90	857	0	1	134	0	139	852	937	0	3	153	138	140	0	130	
4300.000000	995	846	145	864	85	845	0	1	137	0	136	859	949	0	3	142	139	136	0	125	
4310.000000	1017	816	143	856	84	865	0	0	135	0	138	868	935	0	3	138	140	134	0	125	
4320.000000	1025	811	137	858	93	898	0	0	134	0	139	860	910	0	3	135	132	129	0	127	
4330.000000	1012	818	143	873	90	892	0	0	138	0	139	856	889	0	3	147	131	128	0	129	
4340.000000	1017	802	137	881	89	867	0	0	147	0	131	856	883	0	3	151	135	132	0	126	
4350.000000	1018	813	135	888	92	868	0	0	142	0	136	866	854	0	2	150	134	130	0	130	
4360.000000	1008	807	135	876	89	864	0	0	143	0	133	866	864	0	2	146	136	128	0	134	
4370.000000	997	809	131	878	91	869	0	0	128	0	138	876	852	0	1	138	135	123	0	134	
4380.000000	1007	799	127	860	91	874	0	0	126	0	137	865	884	0	1	143	127	125	0	132	
4390.000000	1010	814	122	835	90	892	0	0	125	0	134	851	878	0	2	137	129	122	0	137	
4400.000000	1042	817	122	831	83	889	0	0	116	0	133	859	894	0	2	140	130	129	0	130	
4410.000000	1060	824	133	817	76	896	0	0	116	0	137	854	894	0	2	145	136	129	0	131	
4420.000000	1061	834	127	818	73	896	0	0	117	0	141	852	892	0	2	148	139	135	0	130	
4430.000000	1062	833	131	837	77	878	0	0	117	0	139	860	878	0	2	145	141	132	0	137	
4440.000000	1048	829	133	842	78	906	0	0	115	0	142	853	894	0	2	143	133	128	0	140	
4450.000000	1045	858	131	852	82	886	0	0	112	0	145	865	905	0	1	145	139	123	0	143	
4460.000000	1056	864	133	840	80	888	0	0	110	0	143	869	915	0	1	144	129	123	0	144	
4470.000000	1040	865	128	821	75	892	0	0	109	0	142	859	906	0	1	149	131	131	0	132	
4480.000000	1058	872	133	821	72	899	0	0	105	0	141	871	908	0	1	149	133	137	0	127	
4490.000000	1060	881	126	842	70	912	0	0	105	0	136	858	917	0	1	141	138	131	0	129	
4500.000000	1055	882	121	851	75	923	0	0	102	0	141	855	917	0	1	137	140	123	0	133	
4510.000000	1052	879	122	854	74	907	0	0	99	0	143	860	918	0	1	134	145	124	0	136	
4520.000000	1058	870	117	846	71	896	23	0	100	0	138	863	921	0	1	135	139	126	0	129	
4530.000000	1052	867	122	848	80	893	21	0	104	0	140	857	922	0	1	130	137	133	0	135	
4540.000000	1052	882	117	878	75	912	19	0	107	0	145	848	926	0	2	128	141	132	0	136	
4550.000000	1053	885	116	883	80	902	19	0	110	0	143	852	912	0	2	125	146	132	0	134	
4560.000000	1071	872	118	885	79	905	17	0	114	0	150	836	909	0	3	124	145	139	0	137	
4570.000000	1057	889	115	886	80	900	16	0	114	0	145	852	891	0	2	118	136	134	0	136	
4580.000000	1038	907	112	889	80	899	14	0	114	0	141	859	869	0	2	111	128	137	0	135	
4590.000000	1054	891	116	874	77	887	14	0	114	0	142	845	881	0	2	124	132	136	0	135	
4600.000000	1035	890	123	849	76	883	14	0	110	0	149	826	873	0	2	128	136	129	0	134	
4610.000000	1024	903	126	851	79	866	13	0	116	0	147	839	877	0	2	123	139	127	0	134	
4620.000000	1038	899	122	876	77	864	11	0	124	0	140	854	854	0	2	118	146	128	0	127	
4630.000000	1023	890	120	873	78	846	10	0	129	0	135	853	856	0	3	116	140	131	0	132	
4640.000000	1032	888	117	884	86	862	9	0	129	0	133	862	837	0	3	118	130	124	0	127	
4650.000000	1038	884	124	891	91	856	9	0	129	0	136	862	828	0	3	124	132	124	0	127	
4660.000000	1035	888	124	878	84	843	6	0	135	0	134	870	832	0	2	128	125	129	0	127	
4670.000000	1036	895	133	892	84	825	6	0	138	0	140	875	811	0	2	120	127	137	0	125	
4680.000000	1016	874	134	878	82	833	5	0	143	0	146	843	825	0	4	119	127	141	0	119	
4690.000000	1007	860	137	873	79	813	4	0	134	0	145	846	815	0	4	114	131	142	0	122	
4700.000000	1007	859	140	873	81	813	4	0	136	0	139	849	811	0	4	117	131	134	0	127	
4710.000000	1013	852	133	857	81	817	4	0	123	0	128	845	798	0	4	117	130	135	0	123	
4720.000000	1006	851	138	855	90	811	4	0	119	0	131	832	817	0	4	127	131	135	0	123	
4730.000000	998	848	142	850	90	815	3	0	117	0	128	831	804	0	3	129	134	138	0	123	
4740.000000	984	852	136	882	88	813	3	0	118	0	136	844	818	0	1	135	142	140	0	121	
4750.000000	994	856	139	865	87	828	2	0	126	0	141	829	850	0	1	137	135	142	0	114	
4760.000000	983	858	134	879	86	815	2	0	135	0	141	834	848	0	1	147	132	130	0	126	
4770.000000	985	884	135	887	92	830	2	0	144	0	132	817	874	0	1	148	142	131	0	119	
4780.000000	981	881	131	890	101	830	2	0	132	0	124	823	846	0	1	153	141	134	0	118	
4790.000000	986	867	142	872	103	841	2	0	140	0	124	837	863	0	1	157	148	136	0	118	
4800.000000	997	870	144	858	100	848	2	0	140	0	126	847	873	0	1	151	149	138	0	119	
4810.000000	1009	862	152	838	99	869	2	0	133	0	131	833	868	0	1	146	151	135	0	119	
4820.000000	1002	855	149	848	104	856	2	0	130	0	128	849	845	0	2	161	148	148	0	119	
4830.000000	988	849	143	846	102	870	1	0	120	0	131	849	866	0	2	160	141	153	0	120	
4840.000000	984	846	142	842	97	884	1	0	119	0	127	854	858	0	2	157	148	154	0	124	
4850.000000	985	856	142	850	98	880	1	0	114	0	133	846	863	0	2	162	147	150	0	133	
4860.000000	991	841	140	848	98	889	1	0	110	0	124	862	874	0	2	160	150	141	0	136	
4870.000000	988	844	143	852	94	896	1	0	107	0	120	866	869	0	3	154	148	138	0	130	
4880.000000	979	861	142	843	93	865	1	0	107	0	113	881	874	0	3	147	157	138	0	123	
4890.000000	962	845	150	834	92	870	1	0	111	0	116	890	864	0	3	144	148	138	0	132	
4900.000000	964	839	149	850	90	891	1	0	110	0	115	914	855	0	3	144	138	131	0	132	
4910.000000	984	832	147	860	85	893	0	0	107	0	113	899	875	0	3	140	140	131	0	133	
4920.000000	999	837	141	860	87	902	0	0	104	0	108	884	910	0	2	135	140	130	0	139	
4930.000000	993	831	146	866	81	889	0	0	98	0	113	880	906	0	2	133	147	124	0	134	
4940.000000	990	825	148	875	82	879	0	0	106	0	116	880	891	0	2	145	144	128	0	140	
4950.000000	991	833	149	880	76	858	0	0	114	0	112	873	901	0	2	137	140	133	0	135	
4960.000000	1004	825	144	883	72	842	0	0	115	0	112	868	891	0	2	131	140	130	0	134	
4970.000000	981	835	150	884	72	840	0	0	116	0	115	871	882	0	1	124	138	140	0	133	
4980.000000	965	847	150	877	76	832	0	0	121	0	117	860	882	0	1	123	136	140	0	137	
4990.000000	946	873	157	870	75	848	0	0	124	0	119	870	871	0	1	124	123	135	0	134	
5000.000000	946	848	152	884	73	845	0	0	125	0	120	882	890	0	1	123	122	145	0	130	
5010.000000	958	851	154	875	77	866	0	0	135	0	119	901	893	0	1	119	125	151	0	130	
5020.000000	963	859	150	864	80	873	0	0	133	0	126	892	886	0	1	115	116	143	0	130	
5030.000000	977	855	150	882	76	874	0	0	129	0	126	878	886	0	1	113	116	141	0	134	
5040.000000	959	854	154	894	77	866	0	0	120	0	129	859	898	0	1	110	122	140	0	132	
5050.000000	973	867	153	883	74	870	0	0	118	0	130	869	904	0	1	120	127	143	0	143	
5060.000000	991	867	148	909	70	881	0	0	114	0	129	869	915	0	1	112	120	140	0	140	
5070.000000	1001	845	144	913	65	888	0	0	119	0	134	860	897	0	1	114	121	140	0	139	
5080.000000	1013	840	141	907	66	873	0	0	122	0	136	872	901	0	2	109	119	143	0	135	
5090.000000	1007	844	136	922	73	873	0	0	130	0	140	867	910	0	2	117	123	144	0	131	
5100.000000	997	865	130	928	70	851	0	0	130	0	133	882	892	0	2	121	139	151	0	128	
5110.000000	1017	857	122	912	73	850	0	0	123	0	136	863	898	0	2	126	126	145	0	130	
5120.000000	1017	852	118	901	72	839	0	0	128	0	139	860	910	0	2	127	128	143	0	126	
5130.000000	1022	878	118	887	80	820	0	0	132	0	137	856	917	0	2	131	126	146	0	126	
5140.000000	1044	873	114	921	73	846	0	0	132	0	139	856	918	0	2	129	132	144	0	126	
5150.000000	1035	875	113	897	73	825	0	0	122	0	141	873	896	0	2	126	133	141	0	131	
5160.000000	1017	856	106	883	76	820	0	0	122	0	141	868	894	0	1	127	132	143	0	135	
5170.000000	1015	859	113	858	77	806	0	0	134	0	146	853	906	0	0	130	135	139	0	127	
5180.000000	1019	849	119	863	81	807	61	0	137	0	156	852	903	0	0	136	125	135	0	126	
5190.000000	998	848	120	869	80	814	102	0	137	0	158	859	916	0	0	139	128	132	0	135	
5200.000000	990	858	122	879	75	821	137	0	140	0	154	850	936	0	0	145	128	132	0	130	
5210.000000	1018	857	122	868	80	819	170	0	142	1	147	857	937	0	0	142	115	138	0	131	
5220.000000	998	855	113	874	84	818	211	0	140	1	149	860	953	1	0	148	121	135	0	134	
5230.000000	990	869	104	873	79	842	261	0	148	1	148	881	970	2	0	147	118	136	0	130	
5240.000000	968	848	102	881	72	840	299	0	148	2	145	888	953	2	0	144	121	138	0	130	
5250.000000	972	848	107	855	67	848	321	0	150	1	140	887	938	2	0	147	117	141	0	132	
5260.000000	975	845	109	878	61	854	332	0	146	1	137	862	937	2	0	148	114	143	0	134	
5270.000000	971	849	117	857	54	847	356	0	136	1	138	856	938	1	0	151	114	143	0	127	
5280.000000	995	861	117	855	49	833	374	0	141	2	136	862	930	2	0	149	110	140	0	129	
5290.000000	945	842	123	822	47	780	374	1	139	3	134	845	878	2	0	144	110	130	1	122	
5300.000000	853	770	108	764	43	702	401	1	124	3	127	769	821	2	0	131	102	122	1	115	
5310.000000	793	705	104	697	36	638	400	1	110	3	112	710	762	3	0	121	96	110	1	105	
5320.000000	725	652	95	647	32	595	401	2	105	3	105	646	698	3	0	109	90	103	2	101	
5330.000000	678	593	85	598	28	556	411	3	99	6	99	593	641	4	0	100	82	94	3	90	
5340.000000	628	555	77	552	24	512	395	3	91	6	94	545	591	4	0	94	78	89	7	85	
5350.000000	579	516	74	516	21	476	383	6	84	5	88	502	552	5	0	85	76	78	10	73	
5360.000000	537	473	66	471	18	438	367	8	80	5	82	463	506	9	0	77	71	72	8	68	
5370.000000	498	436	59	430	16	408	360	9	78	6	77	425	468	10	0	66	67	61	9	63	
5380.000000	459	405	53	391	16	375	339	14	71	9	75	398	429	11	0	60	59	58	9	56	
5390.000000	429	367	50	359	16	347	332	16	66	13	72	364	390	13	0	55	55	55	17	47	
5400.000000	391	332	44	332	15	327	299	21	57	18	67	342	365	20	0	51	49	53	19	46	
5410.000000	374	304	41	299	14	300	281	26	56	21	63	322	333	26	0	48	49	49	24	45	
5420.000000	344	287	38	279	13	280	258	27	54	24	63	300	308	28	0	42	46	46	31	44	
5430.000000	313	258	37	249	13	261	236	31	52	23	61	277	288	27	0	37	45	45	30	42	
5440.000000	285	245	33	223	12	245	216	29	50	28	53	253	261	33	0	35	44	43	30	39	
5450.000000	257	229	28	205	12	222	208	33	52	27	50	234	239	32	0	33	44	43	32	35	
5460.000000	234	218	27	193	12	202	184	30	48	27	49	209	222	33	0	31	42	42	35	36	
5470.000000	217	206	24	175	12	187	176	26	49	31	48	196	204	34	0	28	39	39	40	37	
5480.000000	199	194	22	160	11	174	163	30	42	32	46	181	186	31	0	25	36	39	44	38	
5490.000000	180	185	20	146	9	157	144	40	43	32	47	168	170	38	0	22	31	36	47	32	
5500.000000	158	167	17	130	9	145	132	45	41	30	43	155	151	40	0	20	29	34	46	29	
5510.000000	146	145	17	122	8	137	121	50	37	28	42	138	135	37	0	18	27	32	47	27	
5520.000000	135	140	13	109	6	125	114	55	40	28	41	127	127	43	0	18	23	31	51	28	
5530.000000	119	129	12	97	5	113	105	61	36	30	37	113	117	45	0	16	21	27	52	25	
5540.000000	109	120	11	91	5	96	92	60	32	28	33	101	107	48	0	15	21	26	52	23	
5550.000000	97	110	11	80	5	82	86	61	30	28	30	90	101	46	0	15	21	23	46	21	
5560.000000	88	100	8	74	5	75	73	61	31	28	31	83	91	48	0	14	17	18	44	20	
5570.000000	76	93	7	62	5	67	64	61	27	27	28	72	81	54	0	11	14	18	44	20	
5580.000000	64	85	6	56	4	62	55	64	24	27	24	61	72	53	0	11	10	16	45	17	
5590.000000	55	79	6	48	3	56	46	61	18	25	19	54	59	60	0	9	10	12	46	15	
5600.000000	46	69	5	46	3	49	38	59	16	21	17	42	44	53	0	8	6	12	42	14	
5610.000000	42	55	3	36	3	44	32	56	15	19	16	37	36	47	0	7	5	11	43	13	
5620.000000	32	45	3	29	3	36	30	44	12	20	13	32	28	40	0	7	4	10	43	11	
5630.000000	23	38	3	23	3	27	24	33	11	18	12	29	23	30	0	5	4	9	38	8	
5640.000000	17	27	3	15	2	21	19	25	9	11	11	22	19	25	0	4	4	9	35	7	
5650.000000	12	17	2	8	2	19	14	24	6	7	7	14	14	27	0	4	1	6	27	6	
5660.000000	11	16	4	8	5	19	13	19	5	7	19	12	10	25	70	3	0	19	24	25	
5670.000000	10	14	5	8	16	17	13	17	5	7	30	12	12	22	110	2	0	28	22	33	
5680.000000	9	13	8	10	29	20	22	15	3	6	34	12	11	19	139	2	0	38	22	37	
5690.000000	8	10	11	10	39	25	40	14	3	5	40	11	11	16	163	2	0	36	21	45	
5700.000000	7	9	16	9	47	26	48	12	3	5	39	10	12	14	174	1	0	39	18	48	
5710.000000	6	9	15	8	62	26	56	12	1	5	32	10	16	14	188	1	0	38	16	47	
5720.000000	6	7	18	9	72	22	50	11	1	4	33	9	15	14	204	1	0	34	15	43	
5730.000000	6	6	17	9	76	22	60	10	1	4	32	9	15	11	226	1	0	31	12	51	
5740.000000	5	6	17	10	80	23	57	9	1	4	29	9	13	11	237	1	0	33	12	46	
5750.000000	4	5	12	7	85	21	59	8	1	14	25	8	14	9	248	0	0	33	11	44	
5760.000000	4	5	12	7	96	25	63	7	3	50	23	8	12	9	270	0	0	31	9	42	
5770.000000	4	5	14	7	103	23	65	6	4	78	21	8	11	9	275	0	0	28	9	36	
5780.000000	4	4	10	7	105	22	63	6	6	110	20	8	8	7	290	0	0	26	9	36	
5790.000000	4	3	10	7	114	18	62	5	6	158	19	7	7	6	302	0	0	23	8	32	
5800.000000	4	3	10	7	113	16	65	2	5	183	20	6	6	6	326	0	0	26	7	30	
5810.000000	4	3	10	7	116	17	60	2	7	220	17	6	6	6	359	0	0	25	7	29	
5820.000000	3	2	10	6	118	16	62	2	11	264	17	6	6	6	381	0	0	23	6	26	
5830.000000	3	2	9	5	116	16	59	2	10	284	14	6	6	6	406	0	0	23	6	23	
5840.000000	3	2	7	4	126	16	61	2	11	307	15	5	6	6	423	0	0	21	6	22	
5850.000000	3	1	7	4	128	15	60	2	10	329	14	4	6	6	431	0	0	21	6	18	
5860.000000	3	1	7	3	133	15	51	1	11	366	12	3	6	6	447	0	0	20	6	15	
5870.000000	3	1	7	3	138	12	48	0	10	388	12	2	5	5	493	0	0	19	6	16	
5880.000000	3	1	7	3	145	12	42	0	12	412	10	2	5	5	526	0	0	18	6	17	
5890.000000	3	0	6	2	131	12	37	0	13	433	11	2	5	5	554	0	0	18	6	16	
5900.000000	3	0	6	2	128	11	34	0	13	474	12	1	5	5	571	0	0	17	5	15	
5910.000000	2	0	6	2	129	11	30	0	13	500	11	1	3	5	580	0	0	18	5	14	
5920.000000	2	0	5	2	123	10	26	0	14	515	11	1	3	5	603	0	0	17	4	13	
5930.000000	2	0	5	2	126	10	23	0	13	547	9	1	2	4	626	0	0	16	3	13	
5940.000000	2	0	5	2	118	9	22	0	13	580	9	1	1	4	648	0	0	15	3	12	
5950.000000	2	0	5	2	114	9	19	0	12	587	9	1	1	4	659	0	0	12	3	11	
5960.000000	2	0	5	2	109	8	17	0	11	598	10	0	1	2	689	0	0	12	3	7	
5970.000000	2	0	2	2	103	8	17	0	11	633	11	0	1	2	709	0	0	10	3	7	
5980.000000	2	0	1	2	98	7	17	0	10	665	10	0	1	2	731	0	0	8	2	7	
5990.000000	2	0	1	2	94	6	16	0	9	678	10	0	1	2	748	0	0	6	2	7	
6000.000000	2	0	0	2	93	6	15	0	9	700	9	0	1	2	785	0	0	6	2	7	
6010.000000	2	0	0	1	85	6	15	0	9	731	9	0	0	3	791	0	0	6	2	7	
6020.000000	1	0	0	1	77	5	14	0	10	752	9	0	0	3	808	0	0	4	3	7	
6030.000000	1	0	0	1	73	5	12	0	10	780	7	0	0	2	826	0	0	4	3	6	
6040.000000	1	0	0	1	67	5	10	0	9	804	8	0	0	5	819	0	0	2	3	6	
6050.000000	1	0	0	1	58	5	10	0	9	801	8	0	0	6	829	0	0	2	4	6	
6060.000000	0	0	0	1	57	5	10	0	8	829	8	0	0	6	851	0	0	3	4	7	
6070.000000	0	0	0	1	48	5	10	0	9	851	8	0	0	9	889	0	0	3	4	5	
6080.000000	0	0	0	1	45	4	9	0	10	870	7	0	0	9	916	0	0	3	3	5	
6090.000000	0	0	0	1	43	4	7	0	9	881	6	0	0	9	914	0	0	3	3	5	
6100.000000	0	0	0	1	41	4	6	0	9	868	6	0	0	9	907	0	0	2	3	6	
6110.000000	0	0	0	1	39	4	4	0	10	871	6	0	0	8	893	0	0	2	4	5	
6120.000000	0	0	0	1	37	3	4	0	7	883	7	0	0	9	914	0	0	2	5	6	
6130.000000	0	0	0	1	33	3	4	0	7	883	7	0	0	12	928	0	0	3	3	7	
6140.000000	0	0	0	1	29	1	3	0	8	884	6	0	0	11	947	0	0	3	3	7	
6150.000000	0	0	0	1	27	1	3	0	5	879	6	0	0	13	956	0	0	3	3	6	
6160.000000	0	0	0	1	26	1	3	0	6	871	5	0	0	13	953	0	0	4	4	6	
6170.000000	0	0	0	1	23	1	3	0	7	880	4	0	0	13	934	0	0	6	4	7	
6180.000000	0	0	0	1	24	1	3	0	5	866	3	0	0	13	931	0	0	5	5	5	
6190.000000	0	0	0	1	24	1	3	0	6	873	4	0	0	14	921	0	0	7	5	5	
6200.000000	0	0	0	1	22	1	3	0	5	888	4	0	0	12	929	0	0	9	4	4	
6210.000000	0	0	0	1	23	1	3	0	7	903	4	0	0	11	927	0	0	10	6	5	
6220.000000	0	0	1	1	26	1	3	0	8	897	7	0	0	10	926	0	0	12	10	9	
6230.000000	0	0	1	0	29	2	3	0	9	889	11	0	0	13	928	0	0	14	12	14	
6240.000000	0	0	1	0	41	3	2	0	16	883	16	0	0	18	918	0	0	19	19	15	
6250.000000	0	0	2	0	46	2	4	2	24	850	26	0	0	21	891	0	0	28	23	21	
6260.000000	0	1	7	1	58	5	7	4	28	802	35	0	1	26	849	0	0	38	27	28	
6270.000000	0	1	14	2	80	7	16	8	36	767	38	0	3	24	801	0	0	46	21	30	
6280.000000	0	0	16	6	96	8	31	10	38	745	43	0	5	22	768	0	0	51	19	32	
6290.000000	0	0	20	6	115	9	37	15	39	703	41	0	7	19	732	0	0	52	20	31	
6300.000000	0	0	21	6	130	10	46	16	40	678	43	0	8	17	701	0	0	45	18	35	
6310.000000	0	0	20	6	140	14	59	17	40	639	42	0	9	17	666	0	0	47	18	32	
6320.000000	0	0	19	9	152	16	65	18	34	607	41	0	9	15	637	0	0	47	16	30	
6330.000000	0	0	19	9	173	14	67	19	34	601	40	0	9	13	627	0	0	46	15	27	
6340.000000	0	0	18	8	190	14	70	17	36	582	39	0	11	13	605	0	0	51	15	28	
6350.000000	0	0	18	7	201	12	75	20	35	564	39	0	10	12	587	0	0	53	16	25	
6360.000000	0	0	24	8	221	11	78	19	41	536	42	0	13	12	559	0	0	52	18	28	
6370.000000	0	0	29	12	235	15	82	19	42	518	42	0	14	11	550	0	0	51	21	24	
6380.000000	0	0	31	12	233	15	86	18	46	521	41	0	15	11	544	0	0	46	20	24	
6390.000000	0	0	29	12	249	16	77	19	51	514	42	0	13	9	530	0	0	48	19	26	
6400.000000	0	0	31	12	260	17	84	18	48	491	40	0	13	8	522	0	0	48	19	30	
6410.000000	0	0	37	12	258	17	81	17	48	474	41	0	16	8	504	0	0	50	18	35	
6420.000000	0	0	37	12	254	20	84	16	50	449	37	0	17	7	493	0	0	50	17	36	
6430.000000	0	1	36	11	254	22	84	16	46	433	36	0	19	7	480	0	0	48	19	36	
6440.000000	0	1	39	11	259	25	95	16	43	411	35	0	21	7	467	0	0	49	22	37	
6450.000000	0	1	40	11	257	26	102	17	44	399	42	0	21	6	445	0	0	48	21	38	
6460.000000	0	1	40	11	262	25	108	16	43	375	43	0	21	6	438	0	0	47	22	37	
6470.000000	0	3	38	15	269	26	120	15	47	371	44	0	22	6	431	0	0	52	26	44	
6480.000000	0	4	41	18	262	25	123	16	47	360	42	0	24	6	406	0	0	57	29	45	
6490.000000	0	5	45	22	266	28	135	16	52	347	45	1	25	6	383	0	0	58	31	48	
6500.000000	0	5	40	30	261	33	145	15	54	335	43	1	27	5	368	0	0	55	28	47	
6510.000000	0	4	47	32	269	34	140	15	54	327	48	1	25	5	355	0	0	53	26	44	
6520.000000	0	4	45	32	272	36	144	15	56	319	46	1	29	4	340	0	0	52	24	46	
6530.000000	0	3	43	33	262	36	151	14	57	306	45	1	29	3	342	0	0	50	22	43	
6540.000000	0	2	45	29	261	38	160	14	57	307	46	1	32	3	329	0	0	48	22	40	
6550.000000	0	2	46	31	269	39	156	14	58	297	47	1	33	3	309	0	0	50	19	42	
6560.000000	0	3	48	30	270	37	160	13	60	291	47	0	38	3	312	0	0	54	26	41	
6570.000000	0	3	46	32	265	38	159	13	62	288	45	1	35	2	306	0	0	54	23	41	
6580.000000	0	3	41	34	264	40	156	12	64	284	48	1	33	2	299	0	0	49	22	40	
6590.000000	0	3	39	32	252	39	153	10	63	281	46	1	31	2	306	0	0	45	18	41	
6600.000000	0	3	36	31	256	36	148	10	60	288	39	1	30	2	304	0	0	44	15	46	
6610.000000	0	3	34	30	254	33	152	8	57	287	38	1	28	2	293	0	0	43	12	46	
6620.000000	0	3	32	26	248	29	149	7	57	287	34	1	27	2	295	0	0	41	12	45	
6630.000000	0	3	31	24	251	28	154	6	52	301	34	1	26	2	300	0	0	39	10	40	
6640.000000	0	2	29	21	242	28	148	5	48	318	33	1	24	2	314	0	0	37	10	40	
6650.000000	0	2	27	20	247	26	148	4	41	313	31	0	23	2	316	0	0	35	10	38	
6660.000000	0	2	27	19	245	25	145	3	43	308	28	0	23	2	328	0	0	35	9	38	
6670.000000	0	3	26	19	237	25	142	3	41	300	24	0	19	2	328	0	0	35	9	39	
6680.000000	0	3	26	18	233	23	144	2	36	312	23	0	19	1	347	0	0	32	7	35	
6690.000000	0	3	25	15	224	21	146	2	35	321	20	0	19	1	362	0	0	30	8	35	
6700.000000	0	2	22	13	226	19	141	2	33	342	22	0	15	1	372	0	0	26	8	34	
6710.000000	0	2	25	14	213	18	129	2	30	345	21	0	15	1	395	0	0	24	8	31	
6720.000000	0	2	24	13	201	17	124	2	33	368	22	0	13	1	414	0	0	26	9	27	
6730.000000	0	1	24	13	200	17	122	2	30	377	26	0	14	1	417	0	0	24	9	30	
6740.000000	0	1	21	13	194	17	118	2	29	377	23	0	12	1	432	0	0	22	8	28	
6750.000000	0	1	22	12	186	15	114	1	28	392	19	0	12	1	458	0	0	20	8	27	
6760.000000	0	1	22	12	183	14	107	1	27	419	19	0	11	1	463	0	0	19	6	27	
6770.000000	0	1	20	12	177	13	96	1	23	438	18	0	11	1	476	0	0	19	6	25	
6780.000000	0	1	19	12	168	13	92	1	25	454	19	0	11	1	508	0	0	18	7	26	
6790.000000	0	1	18	11	160	13	88	1	23	473	20	0	10	1	531	0	0	17	6	24	
6800.000000	0	0	16	11	146	12	83	1	23	496	19	0	9	1	535	0	0	14	5	25	
6810.000000	0	0	15	11	135	11	78	1	23	497	18	0	9	1	558	0	0	16	5	27	
6820.000000	0	0	15	11	130	10	75	1	23	494	14	0	6	1	578	0	0	12	5	26	
6830.000000	0	0	15	10	125	9	64	1	22	512	13	0	5	1	582	0	0	12	5	25	
6840.000000	0	0	12	9	119	9	59	1	21	531	13	0	4	1	608	0	0	13	5	26	
6850.000000	0	0	10	9	114	8	57	1	20	556	12	0	4	1	620	0	0	11	4	23	
6860.000000	0	0	7	9	102	8	55	2	19	593	12	0	4	0	643	0	0	10	4	20	
6870.000000	0	0	6	9	96	8	52	4	16	614	11	0	3	0	653	0	0	10	4	18	
6880.000000	0	0	5	9	85	6	47	10	16	622	10	0	3	0	662	0	0	10	4	18	
6890.000000	0	0	6	7	82	6	46	9	15	620	10	0	3	0	680	0	0	11	4	17	
6900.000000	0	0	5	7	82	6	45	10	12	641	10	0	2	0	674	0	0	13	4	16	
6910.000000	0	0	5	7	80	4	44	14	12	656	11	0	1	0	685	0	0	12	4	14	
6920.000000	0	0	4	7	78	4	41	17	10	673	10	0	0	0	705	0	0	9	4	13	
6930.000000	0	0	4	7	75	4	38	17	10	693	11	0	0	3	724	0	0	7	5	13	
6940.000000	0	0	4	7	71	4	35	16	10	693	11	0	0	8	738	0	0	7	6	13	
6950.000000	0	0	4	7	69	3	33	16	13	720	10	0	0	13	754	0	0	7	9	12	
6960.000000	0	0	4	7	68	2	31	15	16	734	12	0	1	14	776	0	0	10	10	12	
6970.000000	0	0	4	6	64	2	30	14	17	751	12	0	1	13	774	0	0	7	10	16	
6980.000000	0	0	4	6	60	2	31	12	16	759	13	0	1	12	778	0	0	10	8	16	
6990.000000	0	0	3	5	58	2	29	11	15	781	12	0	1	12	787	0	0	10	7	16	
7000.000000	0	0	3	5	52	2	25	11	16	790	11	0	1	10	787	0	0	10	6	16	
7010.000000	0	0	3	5	51	2	20	11	14	791	11	0	1	8	785	0	0	10	6	12	
7020.000000	0	0	3	4	50	2	18	10	12	778	12	0	1	7	777	0	0	10	6	13	
7030.000000	0	0	3	4	51	2	15	8	13	783	11	0	1	7	806	0	0	10	6	15	
7040.000000	0	0	3	4	55	2	13	8	11	788	11	0	1	6	822	0	0	13	6	16	
7050.000000	0	0	3	4	53	2	13	7	10	823	10	0	1	6	827	0	0	15	6	16	
7060.000000	0	0	3	4	54	2	14	7	9	830	11	0	1	6	842	0	0	15	6	13	
7070.000000	0	0	2	2	56	2	12	7	9	851	10	0	1	6	850	0	0	14	5	13	
7080.000000	0	0	2	1	55	2	12	7	8	851	10	0	1	6	852	0	0	14	5	11	
7090.000000	0	0	3	1	52	2	11	7	9	854	12	0	1	6	849	0	0	14	5	12	
7100.000000	0	0	3	1	53	2	10	7	9	845	14	0	1	6	828	0	0	13	3	12	
7110.000000	0	0	3	1	50	1	10	6	9	847	13	0	1	6	840	0	0	13	3	11	
7120.000000	0	0	3	1	53	0	9	5	10	831	11	0	1	6	845	0	0	14	3	11	
7130.000000	0	0	2	1	54	1	8	5	10	827	12	0	1	6	844	0	0	14	3	11	
7140.000000	0	0	2	1	56	1	10	4	9	855	12	0	1	5	838	0	0	13	3	9	
7150.000000	0	0	2	1	55	1	10	3	10	842	11	0	1	4	855	0	0	10	3	10	
7160.000000	0	0	2	1	51	1	9	3	10	825	9	0	1	2	850	0	0	10	3	9	
7170.000000	0	0	1	1	47	1	10	3	10	856	7	0	1	2	861	0	0	10	3	9	
7180.000000	0	0	1	1	44	1	10	3	9	867	7	0	1	2	869	0	0	9	2	8	
7190.000000	0	0	1	1	40	1	6	3	9	871	6	0	1	2	871	0	0	8	1	7	
7200.000000	0	0	1	1	40	1	6	3	9	870	6	0	1	2	859	0	0	8	1	7	
7210.000000	0	0	1	1	38	1	3	3	7	893	6	0	1	2	857	0	0	7	1	7	
7220.000000	0	0	1	1	35	1	3	2	7	891	6	0	1	1	857	0	0	8	1	7	
7230.000000	0	0	1	1	32	1	2	1	7	921	7	0	1	1	865	0	0	8	1	7	
7240.000000	0	0	1	1	32	1	2	1	7	916	7	0	0	1	881	0	0	7	2	7	
7250.000000	0	0	1	0	29	1	2	1	7	922	7	0	0	3	884	0	0	8	4	7	
7260.000000	0	0	1	0	29	1	2	1	7	916	5	0	0	4	887	0	0	8	4	6	
7270.000000	0	0	1	0	25	1	2	1	5	924	5	0	0	5	895	0	0	7	4	6	
7280.000000	0	0	0	0	25	0	2	1	6	918	5	0	0	6	900	0	0	7	7	5	
7290.000000	0	0	0	0	23	0	2	1	6	939	8	0	0	6	916	0	0	5	7	6	
7300.000000	0	0	1	0	23	0	2	1	6	937	10	0	0	5	949	0	0	5	6	7	
7310.000000	0	0	1	0	20	0	2	1	5	939	11	0	0	5	939	0	0	5	5	8	
7320.000000	0	0	1	0	19	0	2	1	5	942	11	0	0	7	947	0	0	5	5	8	
7330.000000	0	0	1	0	18	0	2	1	4	937	10	0	0	8	949	0	0	6	4	8	
7340.000000	0	0	1	0	18	0	2	1	4	941	12	0	0	9	964	0	0	5	5	7	
7350.000000	0	0	1	0	18	0	3	1	3	966	12	0	0	8	985	0	0	5	5	6	
7360.000000	0	0	1	0	18	0	3	0	4	963	12	0	0	9	979	0	0	6	6	6	
7370.000000	0	0	1	0	18	0	3	0	6	972	11	0	0	9	960	0	0	8	8	7	
7380.000000	0	0	1	0	18	0	2	0	6	965	10	0	0	10	960	0	0	8	8	6	
7390.000000	0	0	1	0	19	0	2	0	6	974	12	0	0	9	951	0	0	9	8	5	
7400.000000	0	0	1	0	21	0	2	0	9	970	12	0	0	12	955	0	0	7	7	7	
7410.000000	0	0	1	0	20	0	2	0	10	992	12	0	0	12	953	0	0	7	9	8	
7420.000000	0	0	1	0	20	0	0	0	9	989	15	0	0	15	934	0	0	8	11	10	
7430.000000	0	0	1	0	24	0	0	0	11	954	15	0	0	18	934	0	0	12	12	10	
7440.000000	0	0	3	0	23	0	0	3	15	965	19	0	0	20	944	0	0	16	16	12	
7450.000000	0	0	3	1	31	0	2	3	18	975	22	0	0	23	946	0	0	17	16	17	
7460.000000	0	0	4	1	36	3	3	3	26	954	30	0	0	27	930	0	0	22	26	24	
7470.000000	0	0	5	1	46	3	5	5	38	916	39	0	0	30	898	0	0	30	32	33	
7480.000000	0	0	10	1	57	14	10	8	39	886	40	1	1	33	843	0	0	34	36	42	
7490.000000	0	0	14	3	68	17	18	10	50	848	46	0	7	30	784	0	0	43	32	50	
7500.000000	0	0	22	7	72	21	26	12	55	801	47	0	8	28	735	0	0	44	28	51	
7510.000000	0	0	25	12	86	24	35	12	59	755	43	0	10	25	718	0	0	40	26	50	
7520.000000	0	0	23	12	102	23	45	17	58	729	43	0	11	25	686	0	0	42	24	50	
7530.000000	0	0	26	14	104	30	58	17	57	687	47	0	11	21	659	0	0	45	24	52	
7540.000000	0	1	23	14	106	28	78	17	54	646	51	0	12	20	630	0	0	45	22	59	
7550.000000	0	1	26	14	108	29	95	21	56	614	51	0	20	19	591	0	0	50	22	57	
7560.000000	0	1	26	15	113	27	108	21	55	591	57	1	21	18	550	0	0	49	20	57	
7570.000000	0	0	28	14	113	27	125	18	55	571	49	1	23	18	527	0	0	46	18	51	
7580.000000	0	0	27	14	115	24	129	17	50	531	51	1	21	18	494	0	0	41	16	47	
7590.000000	0	0	26	12	120	23	128	15	46	508	51	0	20	17	473	0	0	38	14	46	
7600.000000	0	0	26	13	119	25	137	16	40	485	51	0	18	17	474	0	0	38	15	42	
7610.000000	0	0	27	12	127	22	134	15	38	465	50	0	17	17	463	0	0	36	14	42	
7620.000000	0	0	25	11	129	21	131	14	34	456	48	0	17	15	453	0	0	34	13	45	
7630.000000	0	1	21	13	131	19	126	13	34	456	51	0	17	14	448	0	0	32	12	46	
7640.000000	0	1	18	12	134	17	116	13	33	446	52	0	16	13	440	0	0	30	11	46	
7650.000000	0	1	16	13	137	17	118	12	33	435	48	0	16	12	439	0	0	27	12	46	
7660.000000	0	0	15	11	132	20	116	10	31	436	46	0	15	12	436	0	0	27	12	46	
7670.000000	0	0	14	10	136	21	110	8	30	431	42	0	15	12	441	0	0	26	12	45	
7680.000000	0	0	12	10	136	22	106	6	33	432	37	0	13	12	438	0	0	23	14	41	
7690.000000	0	0	14	10	141	20	100	5	37	438	33	0	12	11	426	0	0	25	12	37	
7700.000000	0	0	15	9	145	20	94	6	40	454	32	0	10	9	424	0	0	28	13	39	
7710.000000	0	0	13	7	142	20	92	7	39	458	31	0	10	8	426	0	0	30	11	39	
7720.000000	0	0	12	7	148	22	94	6	34	458	31	0	11	8	416	0	0	30	12	40	
7730.000000	0	0	13	7	153	20	96	6	33	454	28	0	11	7	405	0	0	30	12	39	
7740.000000	0	0	13	7	160	19	89	6	31	452	26	0	11	6	411	0	0	29	13	39	
7750.000000	0	0	14	5	158	22	84	6	30	448	28	0	10	5	411	0	0	31	12	42	
7760.000000	0	0	13	5	152	19	92	6	31	437	27	0	11	4	397	0	0	33	12	41	
7770.000000	0	0	13	4	150	17	95	6	31	423	28	0	11	4	400	0	0	29	11	40	
7780.000000	0	0	12	4	147	15	92	6	29	425	26	0	10	3	394	0	0	26	10	42	
7790.000000	0	0	10	4	160	16	91	6	27	421	32	0	10	3	386	0	0	26	9	39	
7800.000000	0	0	9	4	153	18	94	6	26	422	29	0	9	3	400	0	0	27	7	37	
7810.000000	0	0	7	4	152	17	95	6	23	432	26	0	9	3	408	0	0	27	5	32	
7820.000000	0	0	5	3	145	13	93	6	23	447	24	0	8	3	396	0	0	26	5	27	
7830.000000	0	0	6	1	148	11	88	6	19	467	23	0	8	2	423	0	0	23	4	25	
7840.000000	0	0	5	1	147	11	81	5	17	479	23	0	7	1	454	0	0	21	4	23	
7850.000000	0	0	4	1	148	11	75	5	18	503	22	0	7	1	484	0	0	19	4	21	
7860.000000	0	0	3	1	144	11	67	4	16	513	20	0	6	1	511	0	0	19	4	21	
7870.000000	0	0	2	1	141	10	63	4	16	538	18	0	5	1	520	0	0	18	3	21	
7880.000000	0	0	2	1	138	9	61	4	16	569	17	0	5	1	536	0	0	17	3	19	
7890.000000	0	0	2	1	136	9	58	4	13	582	16	0	5	1	549	0	0	15	3	18	
7900.000000	0	0	2	1	138	8	53	4	12	570	14	0	5	1	553	0	0	12	2	16	
7910.000000	0	0	2	1	128	6	52	4	11	596	12	0	4	1	580	0	0	12	2	14	
7920.000000	0	0	2	1	120	5	50	2	10	617	12	0	4	1	624	0	0	11	2	14	
7930.000000	0	0	1	1	115	5	45	2	8	638	12	0	4	0	655	0	0	10	2	14	
7940.000000	0	0	1	1	108	5	43	4	6	656	12	0	4	0	678	0	0	8	1	11	
7950.000000	0	0	1	1	101	5	39	5	5	684	8	0	2	0	688	0	0	7	1	11	
7960.000000	0	0	1	1	97	5	36	6	5	699	8	0	2	0	704	0	0	6	1	11	
7970.000000	0	0	1	1	93	5	36	4	3	710	8	0	2	0	729	0	0	4	1	11	
7980.000000	0	0	1	1	90	5	35	4	3	743	7	0	2	0	748	0	0	4	1	11	
7990.000000	0	0	1	1	81	2	34	3	1	768	6	0	2	0	770	0	0	4	1	11	
8000.000000	0	0	1	1	75	2	31	5	2	787	6	0	2	0	770	0	0	4	1	9	
8010.000000	0	0	1	0	69	2	27	6	2	790	5	0	1	0	799	0	0	3	1	9	
8020.000000	0	2	16	5	63	10	26	8	21	774	29	1	10	0	790	23	21	26	0	38	
8030.000000	59	47	49	43	55	66	23	18	49	727	59	56	55	0	732	48	48	56	0	77	
8040.000000	149	109	69	107	52	134	21	22	67	657	67	114	144	0	666	73	64	75	0	99	
8050.000000	216	168	79	167	49	188	20	21	79	595	71	184	190	0	607	87	73	82	0	110	
8060.000000	288	224	93	206	42	253	18	20	91	546	76	233	242	0	562	95	82	90	0	111	
8070.000000	331	278	103	255	37	282	18	19	98	497	85	272	289	0	521	91	96	102	0	118	
8080.000000	397	355	95	284	36	346	17	18	96	449	81	313	331	0	473	87	97	104	0	127	
8090.000000	463	403	98	335	35	387	14	15	101	404	87	367	377	0	431	98	97	101	0	126	
8100.000000	505	432	104	371	31	434	12	15	111	369	92	420	400	0	398	97	104	99	0	122	
8110.000000	540	472	115	413	30	473	10	12	112	321	97	454	441	0	356	98	104	100	0	128	
8120.000000	586	484	115	467	27	510	8	10	117	306	97	474	466	0	334	97	111	110	0	127	
8130.000000	613	513	110	503	25	521	8	11	116	275	104	507	503	0	306	100	124	106	0	135	
8140.000000	643	553	121	571	25	553	8	11	112	246	105	551	542	0	286	110	127	103	0	136	
8150.000000	656	581	124	586	24	566	8	11	112	230	100	580	566	0	265	112	135	103	0	133	
8160.000000	707	597	123	597	22	587	8	10	111	212	103	615	587	0	235	114	131	107	0	130	
8170.000000	754	612	122	611	21	595	6	9	111	190	100	624	625	0	218	120	128	111	0	134	
8180.000000	795	619	124	628	22	615	6	7	108	176	106	668	648	0	200	122	131	117	0	131	
8190.000000	816	645	122	637	22	635	5	6	113	160	110	688	689	0	186	115	130	116	0	134	
8200.000000	825	669	124	667	20	644	5	5	109	136	115	703	716	0	172	113	123	116	0	135	
8210.000000	845	673	118	679	16	676	5	5	109	116	120	719	731	0	159	114	123	115	0	137	
8220.000000	840	702	110	698	15	685	5	5	101	107	120	742	758	0	144	112	124	115	0	139	
8230.000000	875	710	106	700	15	701	4	5	103	99	118	754	803	0	131	111	117	110	0	138	
8240.000000	895	727	108	709	13	723	3	6	104	86	114	771	826	0	117	113	118	110	0	129	
8250.000000	881	743	111	737	12	745	3	6	99	73	126	789	801	0	101	120	122	119	0	123	
8260.000000	876	746	118	772	12	746	2	6	102	68	127	785	790	0	89	120	118	118	0	120	
8270.000000	892	762	115	789	14	771	2	6	109	60	124	794	789	0	80	117	127	113	0	121	
8280.000000	918	757	115	779	15	770	2	3	120	52	132	779	802	0	70	120	128	110	0	119	
8290.000000	906	757	107	778	17	751	2	3	116	49	130	779	793	0	64	124	130	117	0	117	
8300.000000	913	768	115	769	18	768	2	3	115	48	133	785	790	0	62	120	129	120	0	123	
8310.000000	914	782	113	784	19	773	2	3	120	46	130	790	792	0	59	128	127	113	0	120	
8320.000000	921	777	118	806	20	795	1	3	119	42	124	790	802	0	55	137	130	111	0	121	
8330.000000	939	802	122	799	22	801	1	3	117	40	124	791	792	0	49	138	133	104	0	130	
8340.000000	956	811	129	803	26	806	1	3	118	38	126	809	781	0	45	132	131	110	0	126	
8350.000000	966	828	134	800	31	807	1	3	127	36	127	805	780	0	40	129	133	111	0	126	
8360.000000	962	806	138	830	29	826	1	4	123	31	131	799	799	0	39	136	140	103	0	131	
8370.000000	979	808	140	822	29	833	1	4	114	31	121	816	803	0	38	126	135	105	0	132	
8380.000000	968	807	133	826	27	836	1	3	117	28	128	823	802	0	32	128	139	108	0	129	
8390.000000	973	804	131	828	27	832	1	2	122	26	134	818	817	0	29	126	139	105	0	121	
8400.000000	987	798	121	820	27	848	1	2	116	26	136	813	825	0	24	130	145	107	0	124	
8410.000000	999	795	124	826	30	874	1	2	121	26	131	819	810	0	23	131	150	109	0	122	
8420.000000	986	799	121	823	39	877	1	2	125	20	136	810	800	0	21	140	152	107	0	111	
8430.000000	977	799	125	833	41	883	1	2	129	17	134	825	814	0	20	151	153	103	0	123	
8440.000000	993	806	131	843	46	870	1	2	133	13	134	801	806	0	17	152	157	103	0	124	
8450.000000	991	821	127	841	52	880	1	2	137	12	130	818	817	0	16	157	158	105	0	123	
8460.000000	979	850	129	842	55	868	1	2	140	10	133	834	826	0	16	150	155	105	0	123	
8470.000000	972	870	130	848	57	863	1	2	142	9	127	840	822	0	14	147	159	110	0	119	
8480.000000	965	884	134	840	63	874	1	2	145	9	132	839	835	0	11	155	158	113	0	117	
8490.000000	967	881	138	850	69	875	1	1	147	9	128	828	854	0	11	158	156	117	0	115	
8500.000000	977	884	145	851	68	891	0	1	149	9	131	824	851	0	12	148	156	115	0	115	
8510.000000	980	876	145	859	73	900	0	1	155	8	130	804	849	0	11	154	149	114	0	115	
8520.000000	998	902	156	843	66	888	0	1	162	6	128	808	854	0	11	162	160	123	0	117	
8530.000000	994	894	152	861	60	882	0	1	148	6	135	812	840	0	10	156	159	133	0	118	
8540.000000	1002	885	160	856	68	892	0	1	149	5	135	813	849	0	10	161	153	131	0	118	
8550.000000	1003	877	159	857	77	894	0	1	154	5	142	794	849	0	8	165	149	132	0	124	
8560.000000	997	868	158	855	79	888	0	1	146	4	138	804	842	0	8	161	143	131	0	130	
8570.000000	980	860	155	860	80	885	0	1	139	3	137	813	847	0	8	159	145	130	0	133	
8580.000000	995	873	142	843	78	882	0	1	135	3	135	814	865	0	6	150	148	135	0	139	
8590.000000	972	874	135	841	75	885	0	1	136	3	129	830	878	0	4	142	147	130	0	133	
8600.000000	976	878	130	830	75	875	0	1	134	3	129	817	872	0	4	133	144	133	0	131	
8610.000000	959	877	134	857	80	878	0	1	133	3	135	833	863	0	4	132	144	124	0	126	
8620.000000	976	867	140	875	81	883	0	1	131	3	123	847	879	0	4	126	146	121	0	133	
8630.000000	962	860	136	858	78	870	0	1	134	3	118	866	859	0	3	122	139	130	0	132	
8640.000000	966	877	134	874	82	890	0	1	126	3	121	878	879	0	3	124	144	126	0	135	
8650.000000	967	872	137	887	83	897	0	1	131	3	126	873	902	0	2	117	134	126	0	136	
8660.000000	976	846	133	889	79	888	0	1	134	3	128	881	900	0	2	110	126	129	0	134	
8670.000000	980	835	130	875	82	895	0	1	135	2	125	867	890	0	2	109	125	130	0	137	
8680.000000	995	864	134	869	81	913	0	1	134	2	126	858	902	0	2	107	113	124	0	137	
8690.000000	1010	874	127	879	83	900	0	1	123	1	114	850	906	0	2	111	109	125	0	140	
8700.000000	1012	881	125	884	81	902	0	1	122	1	111	814	916	0	2	113	110	118	0	142	
8710.000000	1001	904	123	885	79	897	0	1	114	1	116	831	916	0	2	109	114	111	0	139	
8720.000000	1024	902	125	885	75	928	0	1	119	0	125	843	913	0	2	109	113	116	0	130	
8730.000000	1005	905	119	880	77	930	0	1	126	0	126	848	897	0	2	111	122	113	0	133	
8740.000000	1038	891	117	901	77	936	0	0	129	0	127	855	887	0	3	110	124	110	0	126	
8750.000000	1024	882	112	895	77	949	0	0	133	0	128	852	869	0	4	121	128	109	0	123	
8760.000000	1026	897	111	881	73	948	0	0	126	0	127	865	845	0	4	127	120	116	0	129	
8770.000000	1025	906	122	883	73	937	0	0	131	0	129	881	815	0	3	128	116	116	0	136	
8780.000000	1011	892	126	868	69	921	0	0	130	0	125	905	818	0	3	125	114	108	0	134	
8790.000000	1014	881	138	874	66	903	0	0	126	0	119	892	818	0	3	119	113	106	0	134	
8800.000000	998	894	140	907	68	892	0	0	120	0	121	873	821	0	3	117	114	100	0	133	
8810.000000	1005	887	143	898	71	896	0	0	122	0	119	863	823	0	3	114	116	104	0	134	
8820.000000	1012	864	136	906	72	898	0	0	113	0	117	895	833	0	4	111	109	102	0	132	
8830.000000	1024	856	137	898	66	895	0	0	112	0	110	883	824	0	4	115	114	105	0	132	
8840.000000	1012	848	138	917	67	873	0	0	118	0	115	884	823	0	4	114	109	111	0	127	
8850.000000	1000	831	144	919	69	855	0	0	129	0	115	887	822	0	5	123	113	115	0	123	
8860.000000	1011	846	148	928	70	842	0	0	129	0	115	876	806	0	5	132	116	122	0	124	
8870.000000	998	867	152	938	78	856	0	0	133	0	113	878	809	0	5	132	113	125	0	122	
8880.000000	994	849	156	918	79	850	0	0	128	0	114	870	796	0	5	132	123	125	0	121	
8890.000000	984	852	143	894	81	853	0	0	137	0	120	863	813	0	5	134	128	129	0	121	
8900.000000	979	851	140	883	87	838	0	0	139	0	124	855	807	0	5	142	135	127	0	128	
8910.000000	980	840	141	885	91	863	0	0	133	0	132	845	819	0	6	137	131	122	0	142	
8920.000000	991	858	132	868	88	868	0	0	122	0	128	858	816	0	5	143	133	122	0	147	
8930.000000	991	861	136	882	87	845	0	0	115	0	128	869	823	0	5	147	128	125	0	139	
8940.000000	998	840	130	895	82	866	0	0	117	0	124	893	810	0	5	144	128	127	0	145	
8950.000000	997	851	130	898	81	865	0	0	120	0	124	881	811	0	5	134	123	120	0	135	
8960.000000	1005	855	124	907	79	861	0	0	119	0	124	880	821	0	5	141	126	123	0	139	
8970.000000	1005	865	121	898	79	881	0	0	118	0	130	861	835	0	5	136	121	120	0	144	
8980.000000	1020	861	123	887	78	890	0	0	121	0	122	864	840	0	5	132	125	115	0	141	
8990.000000	1033	855	123	864	73	902	0	0	122	0	117	864	832	0	5	129	121	114	0	145	
9000.000000	1026	850	112	865	70	923	0	0	124	0	117	840	837	0	4	137	119	112	0	142	
9010.000000	1028	871	109	857	73	920	0	0	133	0	116	855	852	0	4	134	130	111	0	137	
9020.000000	1025	879	113	866	76	928	0	0	132	0	125	863	846	0	3	132	131	115	0	134	
9030.000000	1034	886	115	862	71	935	0	0	127	0	128	850	871	0	2	124	131	120	0	130	
9040.000000	1038	893	121	854	66	943	0	0	131	0	131	856	870	0	3	112	138	114	0	132	
9050.000000	1056	899	118	853	66	941	0	0	131	0	133	880	880	0	3	116	132	117	0	132	
9060.000000	1033	903	123	845	69	928	0	0	127	0	130	891	880	0	3	115	132	110	0	125	
9070.000000	1016	903	126	847	72	912	0	0	128	0	131	901	873	0	2	118	128	124	0	130	
9080.000000	987	907	127	837	76	915	0	0	119	0	139	914	884	0	2	122	119	125	0	135	
9090.000000	964	903	126	873	87	915	0	0	120	0	126	896	898	0	2	121	121	123	0	130	
9100.000000	963	907	123	875	87	901	0	0	116	0	126	908	890	0	3	121	123	121	0	136	
9110.000000	959	911	128	875	90	891	0	0	120	0	127	906	888	0	4	121	123	117	0	133	
9120.000000	961	913	129	860	89	882	0	0	121	0	125	873	905	0	4	122	125	119	0	128	
9130.000000	958	901	132	835	94	881	0	0	129	0	127	861	917	0	4	124	121	115	0	121	
9140.000000	959	897	133	842	102	879	0	0	132	0	125	869	909	0	4	124	122	126	0	130	
9150.000000	970	909	134	850	110	895	0	0	133	0	127	857	907	0	4	128	124	124	0	129	
9160.000000	962	898	128	828	107	909	0	0	143	0	129	867	894	0	4	133	120	123	0	136	
9170.000000	940	898	133	846	107	923	0	0	138	0	132	875	908	0	4	125	127	129	0	130	
9180.000000	944	892	139	842	104	935	0	0	144	0	129	859	896	0	4	124	125	129	0	130	
9190.000000	951	865	133	838	104	934	0	0	146	0	131	868	891	0	3	121	121	127	0	136	
9200.000000	951	839	134	838	100	952	0	0	136	0	125	863	904	0	3	118	114	133	0	133	
9210.000000	977	832	133	822	101	946	0	0	128	0	126	837	900	0	3	117	114	142	0	123	
9220.000000	984	851	126	817	100	926	0	0	122	0	129	870	899	0	3	128	116	138	0	126	
9230.000000	992	868	123	844	104	912	0	0	113	0	131	873	914	0	3	120	126	141	0	132	
9240.000000	981	840	121	831	93	907	0	0	115	0	133	859	915	0	3	129	135	135	0	127	
9250.000000	996	865	121	833	89	900	0	0	118	0	134	878	904	0	3	130	140	131	0	123	
9260.000000	1000	851	120	841	94	889	0	0	118	0	134	863	882	0	3	130	142	127	0	123	
9270.000000	988	839	130	851	99	910	0	0	114	0	141	882	883	0	2	127	145	130	0	129	
9280.000000	980	846	135	853	102	908	0	0	113	0	136	892	877	0	2	133	136	134	0	130	
9290.000000	999	847	137	866	105	913	0	0	117	0	137	889	869	0	2	133	134	131	0	130	
9300.000000	992	844	131	863	103	907	0	0	116	0	132	868	874	0	2	136	138	132	0	132	
9310.000000	1023	859	136	869	99	898	0	0	114	0	129	855	866	0	2	129	145	126	0	130	
9320.000000	1000	858	133	897	101	891	0	0	105	0	126	852	867	0	2	124	142	121	0	133	
9330.000000	982	854	128	879	94	891	0	0	107	0	125	861	880	0	2	122	138	117	0	137	
9340.000000	963	861	121	870	95	899	0	0	112	0	132	865	888	0	2	115	134	121	0	130	
9350.000000	955	871	127	871	94	885	0	0	111	0	135	881	872	0	2	103	131	126	0	126	
9360.000000	930	870	130	881	92	881	0	0	118	0	136	892	871	0	1	104	138	123	0	130	
9370.000000	936	898	133	876	88	882	0	0	120	0	135	876	861	0	1	110	144	128	0	127	
9380.000000	934	891	132	873	91	885	0	0	125	0	132	862	862	0	1	104	140	122	0	135	
9390.000000	942	872	137	852	87	882	0	0	126	0	128	863	866	0	1	106	132	113	0	134	
9400.000000	962	873	137	877	86	892	0	0	128	0	128	884	874	0	1	116	133	117	0	131	
9410.000000	964	870	143	858	85	910	0	0	129	0	133	907	868	0	1	121	134	118	0	135	
9420.000000	978	864	138	855	83	914	0	0	128	0	141	910	881	0	1	126	133	124	0	133	
9430.000000	984	871	136	851	85	898	0	0	134	0	133	926	892	0	2	122	132	121	0	133	
9440.000000	996	861	141	863	91	890	0	0	134	0	138	911	884	0	3	125	132	122	0	125	
9450.000000	1015	876	139	861	88	891	0	0	130	0	140	906	872	0	2	123	131	119	0	130	
9460.000000	1024	883	146	844	86	914	0	0	125	0	137	911	875	0	2	124	133	119	0	126	
9470.000000	990	865	146	837	87	900	0	0	121	0	135	893	878	0	2	120	134	118	0	131	
9480.000000	984	867	153	841	89	907	0	0	116	0	132	882	853	0	3	118	137	120	0	132	
9490.000000	1002	867	155	845	87	900	0	0	116	0	134	868	860	0	4	119	132	127	0	133	
9500.000000	1010	874	145	853	84	899	0	0	115	0	131	860	861	0	4	119	133	126	0	138	
9510.000000	1004	875	149	845	82	890	0	0	116	0	136	857	879	0	6	120	134	117	0	140	
9520.000000	1018	868	150	878	85	892	0	0	109	0	133	869	890	0	6	124	128	116	0	140	
9530.000000	1022	880	145	869	84	878	0	0	113	0	137	859	872	0	6	125	131	117	0	131	
9540.000000	1025	858	146	852	87	878	0	0	112	0	139	873	864	0	5	116	130	121	0	127	
9550.000000	1005	872	144	846	78	872	0	0	106	0	134	869	863	0	5	122	141	125	0	132	
9560.000000	1003	863	141	849	78	879	0	0	107	0	133	878	877	0	4	125	141	125	0	128	
9570.000000	994	864	144	828	73	885	0	0	109	0	140	861	866	0	5	126	161	127	0	126	
9580.000000	999	858	140	829	73	893	0	0	115	0	132	863	854	0	5	124	152	136	0	123	
9590.000000	1005	848	140	827	70	896	0	0	114	0	139	867	839	0	5	121	151	135	0	117	
9600.000000	994	846	142	837	72	902	0	0	110	0	145	851	837	0	6	128	147	139	0	118	
9610.000000	1008	858	144	845	78	900	0	0	111	0	145	834	849	0	5	127	146	139	0	123	
9620.000000	1006	840	151	854	78	903	0	0	125	0	143	831	824	0	5	134	157	134	0	119	
9630.000000	1008	844	146	860	81	904	0	0	129	0	136	812	841	0	5	147	149	131	0	123	
9640.000000	1019	847	153	856	82	904	0	0	129	0	136	809	854	0	4	144	151	134	0	130	
9650.000000	1031	836	152	847	96	896	0	0	127	0	133	811	852	0	5	152	144	142	0	122	
9660.000000	1022	853	150	837	95	903	0	0	123	0	133	818	857	0	5	155	147	143	0	117	
9670.000000	1013	844	155	814	90	897	0	0	128	0	132	825	836	0	5	149	158	143	0	109	
9680.000000	1009	842	160	806	93	911	0	0	137	0	132	841	848	0	4	145	155	151	0	113	
9690.000000	1028	850	155	794	103	898	0	0	135	0	132	845	864	0	4	140	166	147	0	119	
9700.000000	989	871	158	802	107	899	0	0	141	0	130	832	868	0	3	139	170	145	0	109	
9710.000000	993	879	152	808	106	888	0	0	142	0	134	795	875	0	3	141	172	139	0	117	
9720.000000	1007	876	144	816	104	886	0	0	128	0	137	790	872	0	3	146	172	136	0	130	
9730.000000	1019	876	145	807	103	897	0	0	130	0	135	818	866	0	2	138	167	136	0	137	
9740.000000	1007	893	146	810	104	888	0	0	133	0	133	833	862	0	2	129	154	131	0	141	
9750.000000	1011	906	150	824	106	876	0	0	135	0	137	830	840	0	2	131	158	131	0	138	
9760.000000	1032	915	145	833	104	902	0	0	131	0	140	843	851	0	3	133	152	136	0	133	
9770.000000	1029	907	150	848	102	879	0	0	121	0	130	862	845	0	3	133	151	133	0	138	
9780.000000	1034	905	143	874	95	884	0	0	117	0	129	876	853	0	3	122	149	134	0	139	
9790.000000	1036	905	137	868	91	895	0	0	117	0	123	879	872	0	2	129	145	123	0	137	
9800.000000	1032	907	140	851	95	876	0	0	118	0	123	876	868	0	2	136	146	116	0	123	
9810.000000	1024	902	136	856	97	864	0	0	116	0	133	880	865	0	2	137	140	122	0	125	
9820.000000	1010	892	138	858	85	877	0	0	122	0	138	884	873	0	3	139	148	133	0	121	
9830.000000	1004	851	134	883	85	880	0	0	118	0	138	868	876	0	2	137	145	141	0	126	
9840.000000	1016	845	125	893	84	871	0	0	112	0	138	881	888	0	1	137	139	136	0	131	
9850.000000	1013	847	127	886	85	888	44	0	122	0	142	883	877	0	0	133	136	140	0	131	
9860.000000	933	800	113	811	86	827	79	0	114	0	130	813	814	0	0	122	123	131	1	121	
9870.000000	855	738	104	737	84	741	121	0	106	0	126	746	743	0	0	116	116	123	2	110	
9880.000000	787	694	101	677	94	686	138	0	98	0	118	686	689	0	0	112	109	115	2	96	
9890.000000	721	643	97	624	83	631	152	0	88	0	111	637	646	1	0	102	95	110	3	90	
9900.000000	650	595	91	572	76	586	167	1	79	1	98	590	587	2	0	98	89	99	7	84	
9910.000000	597	549	85	539	69	531	178	3	73	1	91	549	543	4	0	93	85	92	8	81	
9920.000000	528	501	77	502	63	496	172	5	67	4	82	514	507	3	0	88	75	80	9	73	
9930.000000	489	465	70	473	59	447	183	6	62	7	77	476	459	5	0	84	73	76	10	69	
9940.000000	456	437	67	441	54	424	187	8	57	6	72	443	412	5	0	74	70	68	8	63	
9950.000000	419	393	63	413	48	387	182	11	51	7	62	411	385	7	0	68	65	58	9	60	
9960.000000	384	369	58	380	46	357	178	17	46	12	56	374	353	10	0	57	61	52	13	59	
9970.000000	353	329	50	353	43	336	174	18	42	13	52	340	328	14	0	50	57	49	17	56	
9980.000000	326	307	47	317	42	315	170	23	39	16	48	316	301	16	0	46	54	46	19	52	
9990.000000	299	284	45	284	37	291	167	24	34	16	47	294	280	21	0	42	52	44	19	51	
10000.000000	278	272	42	272	36	263	159	19	32	18	44	268	261	27	0	40	48	38	19	46	
