0.000000	10	10	10	10	10	10	0	0	0	0	0	0	0	0	0	0	0	0	0	0	
0.000000	10	10	10	10	10	10	0	0	0	0	0	0	1	0	0	0	0	0	0	0	
10.000000	64	22	29	21	21	21	15	10	17	10	13	9	19	20	16	17	11	14	17	8	
20.000000	62	24	33	23	25	25	18	11	21	11	21	7	19	22	18	17	12	15	19	16	
30.000000	66	23	32	29	26	22	17	14	21	15	24	11	16	22	18	18	12	17	20	18	
40.000000	68	23	32	23	26	24	19	18	20	13	25	13	15	23	19	17	14	15	21	17	
50.000000	67	27	31	23	22	25	20	22	21	13	25	15	13	20	20	15	11	14	21	18	
60.000000	67	27	28	23	19	22	21	25	25	16	25	18	17	21	17	14	11	14	22	19	
70.000000	65	27	26	23	19	21	19	27	28	16	21	17	19	21	14	15	11	13	16	20	
80.000000	67	27	26	22	17	20	17	24	30	14	19	17	20	22	13	13	12	15	16	21	
90.000000	67	23	27	25	19	19	19	23	27	15	16	17	21	19	17	15	11	16	18	24	
100.000000	66	26	26	26	18	21	21	25	27	15	23	19	24	16	13	16	9	14	15	22	
110.000000	66	27	25	27	17	20	18	22	24	14	24	23	26	17	14	22	10	15	15	18	
120.000000	65	25	30	28	16	19	14	24	23	13	22	21	27	18	13	23	13	17	14	20	
130.000000	65	26	31	25	13	20	12	25	20	14	25	20	28	23	17	20	14	17	14	16	
140.000000	69	29	27	23	14	18	13	26	23	11	25	17	24	24	17	21	15	19	15	15	
150.000000	65	28	23	24	17	19	15	25	22	12	23	16	25	24	18	21	16	24	15	17	
160.000000	64	24	19	23	18	23	16	25	19	13	26	16	27	22	16	22	13	27	14	19	
170.000000	63	23	21	22	22	20	17	21	19	14	25	16	26	21	16	24	14	25	12	21	
180.000000	61	23	20	21	21	19	18	15	19	16	25	15	27	22	14	23	13	26	12	23	
190.000000	65	20	22	24	25	20	19	18	19	20	27	15	28	24	13	21	13	27	16	25	
200.000000	66	19	22	23	23	17	16	23	15	20	32	17	25	19	13	21	13	26	15	24	
210.000000	68	19	23	22	24	17	21	20	16	21	26	17	25	20	13	23	13	25	14	27	
220.000000	64	19	24	20	26	18	19	23	11	23	26	19	23	22	12	23	13	23	13	24	
230.000000	64	19	27	22	23	13	22	21	16	20	27	21	21	21	16	25	17	22	13	29	
240.000000	60	20	26	24	23	13	22	21	17	18	26	20	22	24	18	22	15	24	16	29	
250.000000	65	17	22	22	24	16	24	20	18	20	29	19	21	21	14	23	16	25	16	26	
260.000000	65	16	22	22	26	14	25	20	18	17	28	19	24	21	17	25	15	26	16	23	
270.000000	65	12	24	19	29	13	21	18	18	15	29	19	23	23	16	26	15	21	17	21	
280.000000	66	14	23	20	31	11	19	15	16	20	26	19	24	19	13	30	17	16	17	21	
290.000000	66	17	22	23	31	14	19	14	16	21	24	18	21	22	14	28	21	18	20	14	
300.000000	67	14	21	22	31	15	23	15	18	23	26	18	22	17	15	28	21	18	24	11	
310.000000	63	12	24	15	31	14	24	13	18	24	26	21	21	21	14	29	20	20	23	12	
320.000000	61	10	25	15	33	12	27	11	18	20	27	20	21	20	13	31	20	20	23	14	
330.000000	61	12	24	15	31	14	21	13	18	19	27	20	20	21	15	23	17	19	23	12	
340.000000	62	12	27	18	33	20	20	15	18	24	27	20	22	23	19	23	15	17	21	14	
350.000000	66	12	27	17	31	20	23	16	19	28	27	19	22	24	18	20	14	17	19	15	
360.000000	65	11	23	18	27	23	23	22	16	30	25	17	20	22	19	17	15	15	22	15	
370.000000	66	12	21	16	26	26	22	23	17	32	22	19	21	22	19	18	19	14	19	15	
380.000000	64	12	15	14	23	25	21	23	15	31	20	19	22	23	24	19	21	13	17	16	
390.000000	67	14	14	16	25	24	24	21	13	29	21	24	23	20	26	20	20	15	20	15	
400.000000	65	12	16	17	20	24	26	21	11	29	24	23	25	21	26	21	20	15	17	14	
410.000000	66	12	18	20	16	22	23	22	13	26	18	25	24	20	29	24	19	15	17	14	
420.000000	66	13	17	21	13	19	24	23	12	31	21	25	22	22	30	21	17	19	18	18	
430.000000	64	11	16	22	13	19	24	28	15	31	19	27	21	21	23	18	17	22	19	19	
440.000000	62	13	15	22	19	14	24	27	20	31	19	29	22	17	22	18	16	21	22	20	
450.000000	65	12	16	23	16	13	23	23	16	27	20	25	24	16	20	18	17	21	24	23	
460.000000	62	11	17	23	17	17	23	27	16	26	22	25	25	17	16	17	18	20	25	27	
470.000000	71	12	17	22	22	15	23	28	15	28	21	22	28	20	17	14	21	20	22	25	
480.000000	67	13	14	20	22	15	20	23	17	30	20	22	30	15	16	13	21	22	25	22	
490.000000	67	12	15	23	23	18	21	18	14	27	16	22	32	16	17	14	21	22	26	23	
500.000000	72	10	19	22	23	19	26	15	17	23	16	24	31	16	18	15	20	22	28	21	
510.000000	66	13	17	20	24	24	25	16	17	21	13	23	30	13	17	19	20	21	26	23	
520.000000	64	14	16	25	22	23	29	16	18	18	14	22	24	11	16	20	15	17	28	22	
530.000000	66	16	16	22	27	26	27	19	20	22	13	21	20	11	12	22	18	17	27	22	
540.000000	65	15	16	26	25	25	26	17	19	20	15	19	20	14	9	28	19	19	24	21	
550.000000	64	16	17	28	27	22	30	18	22	21	18	17	20	13	10	26	16	17	22	21	
560.000000	65	14	17	31	26	22	29	17	18	22	17	17	19	12	10	26	20	20	21	21	
570.000000	63	17	18	32	22	22	24	19	20	22	17	15	20	11	13	28	18	23	19	18	
580.000000	73	15	17	31	25	20	25	17	20	21	16	12	16	14	10	25	19	23	19	20	
590.000000	68	14	22	26	27	15	24	15	22	24	16	14	17	15	12	24	21	24	18	17	
600.000000	64	17	23	21	28	15	21	15	24	29	15	18	17	14	16	21	23	21	18	19	
610.000000	64	17	21	21	30	17	21	18	25	25	17	16	17	15	17	17	24	23	20	22	
620.000000	63	21	17	17	26	16	22	17	25	29	15	21	19	18	18	21	26	20	20	23	
630.000000	64	19	20	19	24	15	22	20	23	26	14	20	19	18	17	18	24	17	17	23	
640.000000	62	18	17	22	22	14	24	20	26	28	15	20	19	21	16	17	19	20	19	23	
650.000000	67	16	20	24	25	19	25	22	26	27	15	19	15	23	13	16	18	20	17	23	
660.000000	64	18	22	27	23	19	25	23	28	26	15	21	18	24	14	18	18	20	18	19	
670.000000	64	19	22	23	19	21	24	22	24	23	13	24	16	21	12	20	15	17	17	18	
680.000000	63	17	21	22	22	23	24	23	23	27	15	27	12	22	14	22	19	18	15	19	
690.000000	63	17	22	22	23	25	26	20	21	25	19	25	13	21	15	21	18	19	15	21	
700.000000	67	14	23	23	20	21	23	21	18	25	22	22	17	23	16	19	18	21	14	17	
710.000000	66	12	24	23	22	17	24	18	18	32	16	18	19	26	22	18	21	22	20	14	
720.000000	65	15	24	20	20	20	20	19	22	31	16	17	20	25	24	20	24	19	18	16	
730.000000	65	16	23	24	19	19	13	22	21	28	14	18	21	23	26	20	25	19	21	15	
740.000000	65	14	21	24	22	20	15	22	20	29	13	17	21	21	23	17	29	21	19	20	
750.000000	64	15	23	23	23	21	10	20	23	28	13	19	22	20	22	18	24	23	20	20	
760.000000	66	18	24	22	22	21	9	25	18	27	14	19	22	21	20	20	21	23	21	15	
770.000000	63	16	24	21	23	19	10	23	14	26	16	21	20	22	18	18	24	23	20	18	
780.000000	66	17	20	19	24	17	13	28	14	25	17	24	20	17	21	17	21	20	19	16	
790.000000	68	17	24	18	24	15	13	21	15	24	16	20	19	17	21	20	19	22	18	16	
800.000000	68	17	25	17	24	14	19	20	17	26	16	21	19	15	21	21	21	24	16	17	
810.000000	68	16	24	18	22	16	15	20	16	27	15	19	19	18	21	21	23	27	19	18	
820.000000	64	21	23	21	23	17	17	14	17	26	16	18	17	15	20	22	26	27	16	22	
830.000000	64	21	21	24	24	19	20	15	17	28	17	17	16	17	22	23	23	23	17	21	
840.000000	65	25	18	20	25	17	23	12	21	30	23	11	16	15	18	27	20	20	19	21	
850.000000	62	23	20	23	23	18	23	15	19	31	27	13	16	15	18	26	24	21	23	21	
860.000000	64	24	16	18	22	15	20	16	21	30	22	12	15	18	14	25	22	23	23	21	
870.000000	65	18	16	17	24	17	17	16	23	29	29	13	14	20	13	23	19	21	22	23	
880.000000	65	17	16	14	25	20	17	12	24	35	28	14	15	23	16	21	19	22	26	21	
890.000000	61	16	12	13	26	19	18	13	24	32	30	13	17	24	18	19	16	23	27	21	
900.000000	65	12	15	18	27	19	17	12	16	24	31	17	18	23	21	20	15	21	29	22	
910.000000	64	12	14	21	24	18	17	16	22	25	33	22	20	21	21	21	14	20	27	20	
920.000000	68	11	15	24	21	20	18	17	25	23	33	21	19	23	22	20	14	21	23	22	
930.000000	69	11	17	22	20	23	17	18	26	24	27	20	19	20	22	21	16	21	22	23	
940.000000	63	13	18	20	24	23	17	18	27	21	28	18	16	20	20	20	17	23	16	22	
950.000000	64	8	17	19	22	22	19	15	26	27	26	19	20	21	20	22	17	28	17	20	
960.000000	63	8	15	18	21	22	15	16	24	28	27	23	15	23	22	19	15	20	18	20	
970.000000	60	8	17	20	23	23	14	15	24	26	28	26	12	23	23	19	16	25	21	23	
980.000000	67	12	19	18	26	21	12	17	23	23	25	27	13	23	21	18	19	25	17	25	
990.000000	65	13	18	20	25	20	10	18	27	25	23	25	12	23	22	17	19	26	15	25	
1000.000000	68	14	19	16	22	22	11	17	28	25	21	24	8	21	22	16	19	27	15	25	
1010.000000	70	12	18	17	26	22	13	14	29	25	20	23	7	19	23	13	23	22	15	31	
1020.000000	66	17	20	22	26	18	12	16	31	25	20	22	9	20	21	16	22	21	13	34	
1030.000000	69	18	19	22	23	17	9	18	26	22	23	22	13	17	22	19	24	22	15	31	
1040.000000	68	21	21	21	24	16	8	20	28	21	19	22	11	16	19	16	25	24	10	30	
1050.000000	67	19	23	22	21	18	9	21	26	21	17	24	13	19	20	21	25	22	11	28	
1060.000000	66	18	23	21	19	22	10	25	27	22	18	22	14	18	19	19	22	25	13	25	
1070.000000	70	22	19	20	20	21	11	24	24	20	17	19	14	18	19	16	23	22	13	26	
1080.000000	68	20	20	20	19	20	14	23	24	20	14	21	19	17	20	15	22	19	15	24	
1090.000000	68	17	20	22	14	19	18	23	21	19	10	23	19	16	23	18	20	20	15	26	
1100.000000	68	18	19	25	18	21	20	21	23	17	11	28	22	16	21	20	21	19	13	29	
1110.000000	70	17	16	23	21	22	20	19	27	18	11	27	22	15	20	23	18	21	12	24	
1120.000000	62	18	19	21	20	18	25	17	26	21	9	26	21	14	20	25	17	16	14	26	
1130.000000	65	18	20	19	21	19	25	20	29	20	9	28	21	17	22	19	19	15	16	21	
1140.000000	68	19	20	16	23	21	28	20	29	22	14	25	20	20	21	20	18	16	16	18	
1150.000000	67	20	23	16	22	26	33	17	32	19	13	23	18	18	21	20	16	21	16	18	
1160.000000	63	18	22	15	22	21	31	13	29	17	14	21	17	19	19	20	18	20	18	17	
1170.000000	65	23	21	16	19	20	30	19	28	18	13	20	20	23	17	19	17	17	17	16	
1180.000000	65	23	20	16	21	24	26	21	30	21	13	21	21	23	17	22	18	16	19	15	
1190.000000	66	24	19	16	25	20	26	21	26	23	14	20	24	21	16	20	23	14	20	12	
1200.000000	67	23	18	16	23	18	24	21	25	23	16	20	23	22	16	20	26	16	21	14	
1210.000000	66	20	20	18	24	20	25	24	25	21	13	19	24	20	18	22	24	17	21	13	
1220.000000	69	20	21	19	23	19	22	23	22	20	17	16	24	18	19	19	22	16	21	12	
1230.000000	67	22	23	21	25	18	22	27	21	19	20	16	23	17	19	21	22	14	20	14	
1240.000000	71	19	20	20	25	20	22	23	22	23	16	18	23	17	21	25	18	15	20	14	
1250.000000	63	20	20	22	25	21	22	25	23	25	19	21	21	20	25	26	18	15	19	15	
1260.000000	63	24	18	19	24	18	20	24	23	26	17	20	18	14	22	27	19	17	20	15	
1270.000000	67	21	18	19	20	18	20	23	24	29	19	20	19	15	21	27	20	18	20	14	
1280.000000	65	19	18	20	19	21	21	23	26	29	13	17	19	21	20	28	22	17	17	14	
1290.000000	67	22	15	20	20	22	18	20	25	32	9	23	23	22	18	27	24	15	15	15	
1300.000000	66	18	17	20	20	24	17	21	27	28	14	23	23	22	18	31	24	16	13	14	
1310.000000	65	17	17	17	21	24	17	24	26	22	12	22	23	23	17	31	22	13	15	14	
1320.000000	63	19	16	16	17	21	19	26	25	22	14	24	24	20	15	33	21	12	17	17	
1330.000000	63	17	20	18	18	24	22	29	20	23	12	23	20	21	18	31	21	16	13	16	
1340.000000	64	19	17	21	20	24	19	29	21	20	15	20	19	22	19	32	19	15	18	16	
1350.000000	66	21	16	15	19	23	21	26	20	22	17	20	22	18	17	32	22	16	19	15	
1360.000000	65	21	15	17	20	16	20	24	20	22	19	18	24	18	19	29	19	16	21	18	
1370.000000	65	24	17	19	26	18	21	23	19	19	19	18	29	16	15	27	21	15	20	18	
1380.000000	66	22	18	22	26	20	21	22	18	19	18	14	27	14	15	24	21	13	20	19	
1390.000000	64	21	18	17	24	21	21	23	17	19	20	17	25	12	16	25	21	13	21	23	
1400.000000	64	21	18	17	25	22	19	22	15	17	20	16	27	13	16	24	23	14	21	24	
1410.000000	60	20	17	18	26	21	20	20	12	18	19	18	29	11	18	26	22	14	23	27	
1420.000000	65	20	16	18	28	22	21	17	17	13	17	18	28	12	18	30	19	15	22	27	
1430.000000	66	21	15	19	29	26	22	18	16	15	18	21	28	11	20	32	20	16	21	25	
1440.000000	66	21	16	20	30	26	24	21	16	16	19	22	27	11	23	28	19	15	20	24	
1450.000000	61	21	14	21	32	22	22	17	16	14	18	21	24	13	21	28	19	14	20	23	
1460.000000	66	21	14	21	29	25	25	19	11	15	18	23	27	11	21	27	18	15	21	25	
1470.000000	63	22	14	21	24	24	26	18	10	15	15	22	26	11	24	28	15	18	21	27	
1480.000000	64	21	14	21	25	24	27	16	10	17	14	17	26	9	22	27	15	21	22	27	
1490.000000	63	19	15	20	24	27	26	17	16	19	15	15	22	12	21	26	14	23	22	25	
1500.000000	66	16	13	23	23	26	26	15	16	20	15	18	24	18	23	26	17	22	25	25	
1510.000000	65	17	16	21	23	26	27	15	15	21	13	19	23	19	25	25	16	19	23	26	
1520.000000	60	15	19	21	23	24	24	13	16	18	13	17	24	21	26	26	17	19	23	27	
1530.000000	65	16	17	18	26	24	21	15	14	19	12	18	25	21	28	27	17	20	23	27	
1540.000000	64	19	14	15	25	23	17	18	12	19	13	18	22	17	28	22	16	19	20	26	
1550.000000	63	21	14	16	25	24	18	18	11	20	13	21	25	18	28	21	19	19	19	22	
1560.000000	69	20	15	14	24	24	16	18	11	25	18	20	28	15	27	23	17	18	16	24	
1570.000000	68	20	12	17	25	24	16	20	13	22	19	20	27	20	32	25	15	22	17	26	
1580.000000	70	19	14	16	26	22	20	16	11	20	17	21	26	16	30	21	14	24	17	29	
1590.000000	67	21	15	17	23	21	17	15	12	21	16	23	25	17	30	23	16	24	14	31	
1600.000000	69	20	18	16	23	22	16	15	14	22	13	23	27	22	31	23	16	23	13	34	
1610.000000	72	19	17	20	20	22	16	17	11	20	11	20	25	19	29	18	19	19	17	30	
1620.000000	65	20	18	21	19	25	15	15	10	18	10	21	24	20	31	15	17	21	16	31	
1630.000000	65	28	20	17	17	26	17	14	11	18	14	19	22	22	26	15	16	21	16	29	
1640.000000	65	26	17	20	14	22	20	14	12	16	15	22	22	24	28	14	17	22	18	30	
1650.000000	68	23	17	20	17	24	19	13	12	16	18	18	23	27	27	14	20	23	16	27	
1660.000000	70	20	18	21	18	21	16	11	16	14	19	22	23	23	26	15	18	23	14	28	
1670.000000	59	17	19	22	23	20	21	13	17	16	19	23	22	20	26	16	23	21	14	28	
1680.000000	63	14	22	25	22	21	17	15	18	16	19	23	24	16	23	21	24	21	13	33	
1690.000000	68	13	25	24	22	22	14	16	18	18	20	18	22	15	20	24	26	21	16	32	
1700.000000	62	11	26	22	24	24	13	15	17	22	19	20	22	17	21	21	27	17	17	34	
1710.000000	62	12	25	20	26	24	12	16	16	19	18	20	22	19	23	18	22	16	16	33	
1720.000000	63	11	23	22	24	26	15	16	18	19	14	20	19	15	23	18	25	15	18	32	
1730.000000	67	13	23	20	21	27	17	17	15	21	17	24	20	15	25	23	24	17	18	33	
1740.000000	64	12	21	21	24	29	19	17	16	21	22	22	21	16	24	23	23	17	15	28	
1750.000000	67	13	24	20	26	29	16	17	13	20	23	20	20	20	20	24	23	18	17	23	
1760.000000	67	14	27	22	23	28	17	17	13	22	26	19	17	23	22	22	20	19	18	25	
1770.000000	67	18	27	25	22	21	15	18	14	22	23	16	15	25	21	20	22	16	18	28	
1780.000000	65	19	26	25	18	22	17	17	9	21	25	15	14	22	18	21	23	17	20	26	
1790.000000	67	26	23	23	20	20	14	18	13	18	26	20	13	21	19	23	23	17	21	26	
1800.000000	65	29	21	25	18	15	18	19	16	18	25	19	13	18	19	19	21	17	21	26	
1810.000000	68	27	23	24	18	16	17	22	18	18	25	19	12	20	22	16	24	17	19	21	
1820.000000	66	22	21	22	21	18	21	25	15	19	21	20	13	20	26	15	22	20	17	20	
1830.000000	61	24	18	26	19	23	23	26	20	20	17	17	14	20	26	19	21	19	18	22	
1840.000000	63	23	21	25	16	24	23	26	22	19	19	21	19	21	25	19	18	19	19	19	
1850.000000	60	17	17	22	20	22	24	24	21	18	23	17	19	21	25	21	19	19	18	19	
1860.000000	66	15	19	24	18	24	23	22	22	14	24	16	17	22	25	22	19	20	21	18	
1870.000000	68	18	20	22	15	24	22	21	23	13	23	15	19	22	22	23	17	18	19	21	
1880.000000	65	15	20	22	18	23	21	19	22	17	22	15	20	22	23	23	16	17	20	19	
1890.000000	71	17	17	21	22	24	22	23	21	14	20	17	20	22	22	24	18	18	22	20	
1900.000000	66	18	19	23	23	22	19	23	23	18	20	16	20	21	19	20	16	18	21	22	
1910.000000	66	17	18	22	26	19	17	23	23	19	17	16	20	22	20	19	11	22	21	20	
1920.000000	65	17	23	20	25	19	15	21	24	21	20	17	19	19	19	21	18	22	22	17	
1930.000000	69	20	23	20	26	20	15	17	22	27	20	19	15	20	20	23	15	22	21	19	
1940.000000	71	20	23	22	29	19	17	20	21	25	19	17	13	23	20	22	15	24	20	19	
1950.000000	62	19	22	21	27	17	14	21	20	25	19	18	12	23	22	20	15	25	23	21	
1960.000000	62	18	21	23	26	15	13	18	23	24	20	21	14	21	23	19	17	27	25	27	
1970.000000	68	15	22	20	23	14	13	17	21	24	18	25	17	20	22	18	19	25	25	28	
1980.000000	71	19	21	23	23	15	13	18	24	23	20	27	16	18	23	17	19	21	27	30	
1990.000000	72	19	21	23	17	17	14	17	22	27	21	24	14	18	23	21	15	21	30	27	
2000.000000	67	18	23	19	22	16	17	16	21	24	21	23	15	18	23	20	15	19	31	23	
2010.000000	70	16	21	20	25	15	18	17	21	25	20	23	19	16	18	23	15	17	27	25	
2020.000000	66	17	21	19	25	16	20	21	20	20	20	23	17	19	20	27	14	22	25	22	
2030.000000	66	17	21	17	24	21	14	17	19	21	22	19	21	17	20	24	12	26	25	23	
2040.000000	57	16	21	14	20	22	14	20	17	23	24	18	22	18	19	25	12	27	24	24	
2050.000000	67	16	20	16	22	22	16	20	17	23	21	16	24	18	22	23	12	26	25	22	
2060.000000	67	20	15	13	24	21	15	17	17	23	20	17	23	17	19	20	14	28	26	24	
2070.000000	65	22	19	16	21	20	19	18	14	22	21	16	25	20	22	21	15	24	28	22	
2080.000000	61	20	22	18	22	18	20	19	14	21	19	19	25	22	25	23	14	24	26	23	
2090.000000	65	19	23	21	22	21	18	20	17	21	20	18	20	23	24	20	14	22	25	23	
2100.000000	70	24	20	18	19	17	18	17	20	23	24	15	18	22	22	21	15	20	22	25	
2110.000000	69	26	20	15	22	14	20	16	19	22	23	12	18	24	17	20	14	20	22	24	
2120.000000	67	25	25	18	23	15	17	21	18	21	22	11	16	22	19	23	16	23	21	20	
2130.000000	65	23	27	19	24	15	14	17	18	21	23	9	13	21	19	22	16	27	26	23	
2140.000000	65	22	26	17	27	17	13	17	20	22	27	12	12	17	19	27	15	27	25	24	
2150.000000	65	22	28	15	27	16	15	14	17	20	29	10	13	18	18	23	17	21	22	28	
2160.000000	64	20	25	15	26	16	18	19	17	24	26	10	16	17	20	21	19	23	24	27	
2170.000000	68	20	24	16	26	15	20	19	14	27	26	12	11	18	21	22	21	21	20	24	
2180.000000	68	19	25	20	24	12	19	19	14	26	29	13	11	15	23	25	23	20	19	25	
2190.000000	69	18	24	21	21	15	21	19	13	27	24	14	13	14	23	25	22	19	17	24	
2200.000000	67	22	23	17	25	15	21	17	12	26	24	16	15	14	24	26	20	19	17	24	
2210.000000	71	24	21	18	24	15	21	19	10	27	25	14	13	14	21	27	20	19	22	27	
2220.000000	72	21	19	16	27	17	19	18	11	25	29	15	7	15	23	28	20	16	22	26	
2230.000000	71	22	19	13	27	19	17	20	10	22	23	17	9	16	24	23	20	19	22	28	
2240.000000	70	21	15	13	29	21	21	17	9	19	21	15	12	15	28	25	22	16	24	27	
2250.000000	63	23	15	12	31	20	24	20	9	18	19	16	12	13	30	25	24	14	27	23	
2260.000000	68	23	13	18	25	22	22	20	10	21	19	18	15	13	28	29	20	12	24	22	
2270.000000	64	24	13	13	24	24	22	20	13	19	21	18	14	16	29	31	22	12	26	23	
2280.000000	63	22	11	15	24	25	23	18	14	20	22	18	15	14	26	26	20	10	25	25	
2290.000000	66	20	11	18	22	21	20	14	14	20	23	20	15	11	31	27	20	12	24	23	
2300.000000	68	19	13	20	18	22	22	16	13	23	20	15	15	10	29	27	23	14	21	20	
2310.000000	63	18	14	23	25	19	21	14	16	22	25	15	17	10	29	26	26	17	21	23	
2320.000000	60	15	15	22	28	15	21	16	17	23	22	17	17	10	27	26	22	16	23	25	
2330.000000	62	18	16	18	26	12	18	17	19	23	20	20	18	9	27	21	26	14	24	28	
2340.000000	67	18	17	18	24	10	18	17	20	21	25	21	25	10	28	17	27	16	26	25	
2350.000000	65	20	20	16	24	10	17	16	20	16	23	23	25	11	27	16	27	14	26	26	
2360.000000	61	18	23	14	27	12	17	17	21	16	24	22	23	12	24	18	26	16	22	24	
2370.000000	62	15	23	16	26	15	16	19	17	17	23	22	22	14	25	17	27	20	21	23	
2380.000000	63	15	21	17	25	17	13	19	22	18	20	23	22	16	27	17	24	17	15	22	
2390.000000	60	14	24	17	25	14	14	21	18	18	27	22	25	15	27	17	22	19	15	24	
2400.000000	64	21	27	16	22	13	11	21	15	18	27	20	23	19	26	19	21	17	13	22	
2410.000000	65	22	27	18	22	14	17	24	14	17	30	20	24	19	28	20	21	12	12	21	
2420.000000	68	20	26	18	18	15	19	23	13	19	28	15	22	24	30	20	24	15	13	22	
2430.000000	67	22	23	18	21	16	19	23	12	24	31	20	21	21	28	21	23	17	14	22	
2440.000000	68	24	26	15	22	14	16	20	10	24	30	17	20	19	25	19	22	15	14	19	
2450.000000	66	23	26	17	25	13	17	20	15	24	29	16	21	22	23	20	24	17	15	20	
2460.000000	67	24	25	23	25	14	14	20	16	25	28	16	20	23	24	19	21	17	16	18	
2470.000000	68	25	27	25	22	13	13	21	14	27	28	12	22	24	21	22	21	16	20	17	
2480.000000	64	23	29	29	22	14	16	21	14	29	28	12	22	24	21	20	19	15	16	18	
2490.000000	69	19	28	22	23	14	18	23	13	29	25	12	19	27	22	20	17	14	18	16	
2500.000000	68	17	20	22	24	13	16	22	12	27	27	12	21	28	23	21	14	11	18	20	
2510.000000	70	17	20	23	23	13	18	21	11	26	27	13	24	23	21	22	14	14	15	18	
2520.000000	64	20	19	25	21	14	18	24	12	29	21	14	23	22	22	26	19	17	14	18	
2530.000000	65	20	23	25	21	16	18	25	14	30	23	16	21	21	25	22	15	17	15	17	
2540.000000	66	18	25	24	21	17	16	22	15	33	24	14	20	21	24	28	17	14	14	19	
2550.000000	65	19	24	22	22	16	16	22	16	33	21	15	17	24	23	24	16	16	17	22	
2560.000000	65	19	21	21	24	15	18	23	17	30	20	15	16	25	20	19	16	15	16	22	
2570.000000	66	19	20	20	27	14	21	21	15	28	24	15	16	25	22	21	21	17	15	23	
2580.000000	66	22	17	22	28	16	20	24	15	24	19	15	17	20	22	25	22	14	20	21	
2590.000000	66	26	15	19	25	18	21	23	12	24	18	19	17	19	20	26	19	16	22	22	
2600.000000	66	25	19	16	22	19	26	23	12	27	19	22	16	23	22	23	20	17	23	21	
2610.000000	66	23	18	15	21	19	30	25	14	22	20	23	16	20	20	21	20	16	19	23	
2620.000000	69	21	18	18	20	18	29	22	15	20	20	22	18	22	21	23	24	15	20	22	
2630.000000	70	20	20	21	19	16	28	20	15	14	21	19	19	23	18	22	23	17	18	23	
2640.000000	69	19	21	22	17	16	29	18	20	16	20	21	20	23	18	20	25	16	19	26	
2650.000000	66	16	21	23	17	13	27	17	21	15	16	22	20	21	19	21	21	15	19	28	
2660.000000	61	16	23	24	20	13	30	24	20	17	14	25	24	17	16	23	20	16	18	26	
2670.000000	64	16	22	23	21	15	32	21	20	15	15	24	24	20	14	26	20	17	17	24	
2680.000000	67	16	21	25	20	12	31	23	19	14	17	23	22	18	14	25	18	16	20	19	
2690.000000	65	18	16	27	21	15	31	21	23	12	14	22	20	17	13	28	19	20	23	22	
2700.000000	69	16	17	25	24	17	30	21	27	12	13	22	18	19	13	30	22	21	26	18	
2710.000000	66	16	16	24	26	20	29	24	29	11	15	18	13	21	14	29	19	21	26	16	
2720.000000	62	17	18	26	25	24	28	22	25	13	19	20	12	21	13	26	20	19	24	14	
2730.000000	66	17	18	28	26	26	27	19	25	11	23	18	10	21	17	23	17	17	23	13	
2740.000000	65	16	19	25	26	22	23	18	28	14	22	15	9	20	19	24	16	20	19	13	
2750.000000	74	15	20	23	27	22	25	22	25	14	16	14	10	19	20	23	17	18	18	11	
2760.000000	73	16	20	27	24	22	22	25	23	15	15	14	10	18	24	21	19	19	17	11	
2770.000000	66	17	20	26	25	22	23	27	22	15	17	19	13	19	21	23	23	19	14	11	
2780.000000	66	17	16	18	24	23	29	26	22	13	21	20	14	18	25	28	25	18	14	13	
2790.000000	64	18	17	18	22	24	31	21	21	13	18	20	16	15	24	27	25	24	14	16	
2800.000000	63	18	15	20	25	25	31	23	19	14	19	19	16	18	26	25	26	22	15	17	
2810.000000	64	15	14	21	26	25	30	20	15	15	21	15	16	19	27	20	25	21	16	19	
2820.000000	69	17	19	19	25	24	29	19	13	16	22	10	17	18	28	19	20	20	21	18	
2830.000000	66	20	13	17	25	28	30	20	13	17	23	11	18	19	31	23	20	22	19	16	
2840.000000	63	21	14	16	23	29	29	21	14	22	23	13	20	17	26	23	17	18	18	16	
2850.000000	63	23	13	16	22	31	32	23	14	22	23	14	20	16	24	21	15	18	19	15	
2860.000000	69	23	11	16	20	33	30	22	17	24	23	14	18	14	21	20	19	17	18	14	
2870.000000	67	25	11	14	17	31	31	22	18	24	20	14	20	17	22	19	23	15	20	16	
2880.000000	64	21	9	15	18	29	29	20	18	27	20	15	17	15	20	21	18	15	19	19	
2890.000000	66	24	9	14	17	31	24	23	15	27	19	16	18	19	17	23	18	16	19	20	
2900.000000	66	25	8	16	20	32	23	22	17	29	21	19	19	20	19	23	18	16	23	20	
2910.000000	65	26	11	18	20	30	21	19	17	27	24	22	17	20	16	24	12	15	20	20	
2920.000000	70	26	12	23	20	27	20	18	18	25	25	21	18	17	17	23	11	18	17	22	
2930.000000	67	25	10	24	22	27	23	17	20	25	25	24	18	16	19	20	15	15	17	26	
2940.000000	68	25	10	19	24	26	24	15	18	21	21	26	20	19	17	19	15	14	18	28	
2950.000000	65	26	10	19	22	32	25	15	19	20	21	25	23	16	16	17	18	17	21	28	
2960.000000	69	26	12	19	19	31	22	14	24	21	20	29	21	17	17	16	19	17	19	27	
2970.000000	68	29	14	21	20	28	20	10	21	21	17	28	20	17	19	22	20	14	19	24	
2980.000000	65	28	11	19	16	24	21	12	22	18	13	29	19	17	22	20	21	13	20	25	
2990.000000	63	28	9	18	21	23	18	13	23	16	15	22	21	21	22	20	18	13	21	26	
3000.000000	65	29	10	20	20	23	18	18	22	16	12	20	19	20	23	23	17	12	22	25	
3010.000000	66	29	12	19	16	22	18	18	22	16	17	23	20	21	24	25	17	14	19	23	
3020.000000	66	28	13	22	18	26	19	21	21	16	22	19	20	20	26	21	19	14	19	24	
3030.000000	64	28	15	19	19	25	18	18	19	13	23	19	21	23	28	22	19	11	19	25	
3040.000000	69	28	14	16	20	27	20	25	17	11	23	18	20	21	26	22	21	9	18	28	
3050.000000	69	28	11	16	19	27	20	24	15	12	22	19	16	17	30	22	20	11	16	26	
3060.000000	72	27	13	14	24	27	18	21	19	13	23	20	14	18	33	21	21	11	17	25	
3070.000000	69	25	13	15	26	26	15	19	19	16	22	17	13	19	34	20	22	11	17	26	
3080.000000	69	24	16	15	30	27	16	18	22	14	18	15	11	18	29	19	22	11	19	29	
3090.000000	72	25	19	18	31	25	16	19	24	20	17	11	16	21	27	20	21	15	20	28	
3100.000000	66	27	21	19	29	23	15	18	25	20	20	8	19	20	26	17	19	16	19	27	
3110.000000	65	24	23	15	24	23	14	18	26	19	25	10	24	15	26	13	19	18	23	29	
3120.000000	63	21	24	13	23	23	14	21	26	19	25	11	22	18	26	16	19	19	19	25	
3130.000000	66	21	24	15	22	25	16	19	28	17	26	13	18	16	28	14	19	18	20	26	
3140.000000	66	21	25	13	23	22	18	19	25	17	19	14	15	15	26	15	17	21	20	28	
3150.000000	67	21	24	16	23	26	17	21	27	20	22	14	15	14	26	15	19	21	16	26	
3160.000000	72	22	26	18	25	22	15	20	24	17	20	15	15	14	26	14	16	20	19	26	
3170.000000	67	25	26	23	21	23	14	19	21	16	21	11	15	15	26	11	18	21	16	24	
3180.000000	66	26	29	22	18	24	12	18	23	19	21	13	14	20	24	12	22	23	21	24	
3190.000000	63	29	31	23	19	22	12	18	26	19	15	15	14	22	19	14	24	22	23	17	
3200.000000	66	27	33	24	20	26	14	20	20	23	13	14	16	19	19	10	24	22	22	15	
3210.000000	64	24	32	25	20	26	16	19	22	22	15	13	17	21	18	13	24	19	19	16	
3220.000000	67	23	28	26	20	24	14	17	23	24	18	14	20	19	14	13	21	18	18	16	
3230.000000	62	21	28	25	20	23	16	17	21	24	21	13	23	19	16	15	19	16	18	19	
3240.000000	65	20	25	23	21	21	18	19	18	24	24	15	22	17	15	15	20	20	17	19	
3250.000000	63	20	26	21	23	24	17	19	17	27	21	16	22	16	21	17	20	19	20	22	
3260.000000	61	22	26	20	27	22	17	19	15	24	22	16	25	18	19	16	18	15	20	22	
3270.000000	65	20	24	18	26	21	16	21	15	25	23	18	23	23	20	17	16	16	22	18	
3280.000000	63	22	24	17	21	19	18	22	17	26	25	21	22	24	22	16	17	17	18	22	
3290.000000	64	23	25	15	17	18	17	22	20	27	26	14	23	26	22	19	23	15	17	23	
3300.000000	69	26	23	15	16	16	18	23	19	29	25	15	21	24	19	20	18	18	15	22	
3310.000000	63	25	23	14	16	10	16	23	22	28	27	12	22	24	19	20	18	28	13	22	
3320.000000	71	25	23	14	16	10	20	26	22	26	25	19	19	22	16	19	20	25	16	22	
3330.000000	66	25	23	16	15	9	23	27	24	26	25	24	23	20	17	19	17	21	13	21	
3340.000000	65	23	25	16	16	14	22	27	22	24	25	22	19	17	15	20	19	23	15	17	
3350.000000	66	26	24	21	13	15	21	28	19	25	27	18	18	15	16	21	20	21	16	17	
3360.000000	65	27	23	22	13	18	21	24	19	23	25	17	18	18	19	23	21	24	13	15	
3370.000000	68	25	22	25	12	17	19	24	17	21	26	22	16	19	15	20	20	23	14	16	
3380.000000	68	21	24	28	9	18	24	22	17	24	27	24	18	23	16	20	17	22	17	14	
3390.000000	65	22	21	28	11	22	23	22	20	26	26	23	19	19	17	23	19	21	18	10	
3400.000000	63	24	21	27	13	20	25	22	22	24	23	21	17	18	20	22	17	19	16	8	
3410.000000	64	21	22	25	14	18	24	25	20	22	21	26	19	19	18	19	16	16	18	8	
3420.000000	69	22	23	25	14	20	23	27	20	21	20	29	19	18	22	22	13	14	22	11	
3430.000000	67	18	19	27	14	18	21	29	21	20	24	32	20	17	20	17	14	14	22	13	
3440.000000	65	16	16	25	17	17	21	28	22	17	16	28	22	18	20	17	20	18	17	18	
3450.000000	67	18	16	26	14	15	22	27	23	19	17	24	19	18	19	19	18	18	20	14	
3460.000000	61	19	17	27	12	12	25	28	27	19	19	23	18	18	26	16	20	17	22	16	
3470.000000	61	19	18	29	11	15	25	28	27	18	17	21	18	16	25	15	19	17	20	19	
3480.000000	66	21	20	27	12	18	24	27	25	19	17	22	20	15	24	15	22	20	21	18	
3490.000000	64	17	22	27	11	20	24	26	24	18	15	22	22	12	22	17	21	21	24	18	
3500.000000	65	15	22	28	13	16	26	27	24	20	15	25	24	10	19	20	22	20	25	21	
3510.000000	63	10	20	25	15	14	27	22	23	19	18	24	24	10	23	21	20	20	28	18	
3520.000000	62	12	18	25	15	12	28	22	25	21	20	25	26	11	23	21	20	22	26	16	
3530.000000	66	12	16	21	13	15	28	20	24	17	24	26	26	13	24	21	19	23	25	18	
3540.000000	61	14	14	23	15	17	25	21	29	17	21	26	21	16	20	15	21	22	26	17	
3550.000000	64	12	14	24	17	20	18	20	24	19	18	26	22	18	21	15	18	23	24	16	
3560.000000	65	12	15	22	16	22	19	19	25	18	19	27	23	20	17	14	22	24	22	18	
3570.000000	67	12	15	22	16	17	14	18	25	17	18	28	22	20	21	13	23	24	26	19	
3580.000000	67	13	17	25	17	16	12	18	26	14	22	26	18	14	19	13	25	25	24	21	
3590.000000	63	10	18	24	20	17	13	18	26	15	22	29	17	14	21	11	24	28	20	21	
3600.000000	65	12	17	20	20	17	15	18	28	16	21	28	20	17	22	13	25	31	20	22	
3610.000000	65	11	19	21	19	15	13	18	32	15	20	25	21	16	22	13	25	30	21	23	
3620.000000	66	11	21	21	20	13	15	16	33	18	20	22	22	16	23	11	27	26	18	20	
3630.000000	64	11	18	22	22	15	18	14	32	22	20	26	20	15	26	13	22	26	19	19	
3640.000000	65	12	21	23	19	15	15	12	31	22	17	25	18	13	26	10	23	24	22	21	
3650.000000	67	13	19	22	18	18	18	14	32	20	19	26	17	16	20	10	22	25	22	21	
3660.000000	65	15	19	22	20	19	19	16	32	20	17	20	18	16	16	14	25	24	22	22	
3670.000000	68	15	19	21	17	21	16	16	29	19	17	18	23	19	18	16	22	22	21	20	
3680.000000	65	17	22	24	17	22	16	16	28	18	18	22	24	18	21	14	20	24	23	24	
3690.000000	65	16	19	27	17	23	16	18	26	17	21	20	26	19	19	13	20	23	16	21	
3700.000000	68	20	14	22	15	20	18	19	25	20	24	17	25	17	17	13	17	21	20	20	
3710.000000	69	18	13	21	14	20	19	18	27	24	23	16	26	20	19	14	18	23	20	21	
3720.000000	69	17	13	24	15	23	17	21	24	21	24	16	28	15	20	13	17	23	17	19	
3730.000000	67	14	15	23	14	23	19	17	23	19	22	18	32	14	19	13	16	22	15	21	
3740.000000	66	16	15	27	18	21	22	17	22	22	22	18	30	17	20	18	16	23	17	16	
3750.000000	68	17	12	27	20	27	20	16	23	20	21	19	32	16	24	17	14	23	17	17	
3760.000000	71	17	10	30	20	26	18	18	21	24	19	20	31	15	22	17	14	22	21	16	
3770.000000	67	16	12	29	19	25	17	22	19	27	20	16	31	13	24	14	14	22	22	17	
3780.000000	66	16	13	25	20	22	18	21	24	29	16	17	30	15	24	13	13	19	19	17	
3790.000000	67	16	14	24	18	25	18	26	24	22	18	18	26	12	23	13	13	19	20	18	
3800.000000	64	20	15	26	16	24	20	21	25	21	18	20	25	16	23	14	12	18	21	19	
3810.000000	67	21	17	26	10	22	18	19	26	21	18	20	28	19	24	15	16	19	23	15	
3820.000000	64	21	15	26	18	21	19	21	25	20	16	21	27	18	23	15	18	19	23	15	
3830.000000	66	19	14	25	16	22	19	18	22	17	16	20	28	22	22	16	20	18	25	14	
3840.000000	71	19	10	22	16	25	17	21	24	16	19	22	27	24	23	14	21	17	22	11	
3850.000000	68	20	12	20	15	26	15	20	23	16	20	24	27	20	23	15	23	19	22	9	
3860.000000	67	21	14	20	15	27	16	21	26	14	19	23	25	20	24	18	26	18	21	9	
3870.000000	68	21	20	20	15	26	18	21	23	16	20	23	28	21	21	18	23	19	20	11	
3880.000000	67	21	21	20	19	24	16	25	21	18	17	20	31	18	23	21	23	18	20	14	
3890.000000	65	23	23	19	19	19	15	27	21	16	15	20	28	17	25	21	22	20	25	16	
3900.000000	61	27	24	18	19	18	14	25	20	12	11	18	27	17	22	19	23	18	25	13	
3910.000000	66	26	25	16	19	15	16	23	19	12	10	17	30	17	28	18	22	18	25	16	
3920.000000	69	24	23	15	22	14	19	21	16	19	13	18	29	17	27	19	22	15	26	12	
3930.000000	63	26	27	20	18	14	20	18	18	17	17	19	29	20	24	18	20	16	28	15	
3940.000000	61	26	25	18	18	17	15	20	20	17	17	18	24	22	24	17	24	18	24	14	
3950.000000	64	26	21	21	18	19	14	20	21	19	19	18	25	22	23	19	21	20	21	17	
3960.000000	66	28	22	23	19	18	17	22	18	18	18	15	25	17	24	19	22	19	21	18	
3970.000000	65	25	22	25	18	21	18	26	13	18	19	18	23	16	23	18	22	22	22	18	
3980.000000	63	23	26	28	19	21	21	26	16	17	19	18	26	18	17	19	19	23	21	20	
3990.000000	65	23	28	25	18	21	20	20	16	18	16	17	24	18	19	21	18	21	21	19	
4000.000000	65	22	25	25	20	23	21	17	14	18	20	18	29	19	19	20	17	23	18	20	
4010.000000	64	19	26	20	24	24	20	20	15	17	23	19	28	18	18	24	16	23	18	17	
4020.000000	66	21	23	22	21	22	18	19	12	19	25	19	29	19	16	23	16	23	15	15	
4030.000000	67	20	22	19	24	22	19	18	11	19	29	22	32	20	16	24	19	20	15	16	
4040.000000	72	18	23	18	23	21	21	15	15	18	28	23	31	18	17	23	21	16	14	15	
4050.000000	65	19	25	16	22	23	20	15	12	23	27	23	27	19	19	26	21	15	15	12	
4060.000000	63	21	26	17	25	24	19	15	13	26	27	21	24	20	18	32	18	17	14	11	
4070.000000	64	22	23	17	23	22	24	16	14	19	24	22	21	21	17	31	12	18	11	12	
4080.000000	69	23	21	20	21	20	24	17	13	18	21	21	27	25	17	30	15	20	13	11	
4090.000000	68	18	17	22	20	17	25	14	14	21	22	18	26	22	21	29	17	18	15	13	
4100.000000	64	19	19	20	19	18	23	15	18	24	23	22	27	24	23	32	16	17	13	12	
4110.000000	60	18	18	22	20	15	22	13	19	24	24	18	27	23	24	31	19	19	13	11	
4120.000000	65	18	19	22	23	14	20	11	20	22	19	17	24	23	25	34	19	17	14	13	
4130.000000	66	16	17	23	22	16	20	14	23	22	19	20	25	25	26	29	24	19	15	12	
4140.000000	67	15	16	20	23	14	21	15	22	19	22	18	25	20	23	28	21	19	19	15	
4150.000000	66	12	17	21	22	13	24	17	23	20	26	19	21	20	23	33	22	20	21	17	
4160.000000	66	12	18	16	21	15	25	15	21	19	29	20	20	17	23	30	22	19	20	14	
4170.000000	66	13	18	15	22	17	24	12	23	18	27	20	20	16	25	30	20	22	22	16	
4180.000000	64	16	19	14	24	18	23	12	27	17	24	23	22	15	23	26	23	22	23	17	
4190.000000	64	17	20	12	20	17	23	15	30	17	22	23	22	17	20	26	20	26	23	17	
4200.000000	64	16	24	12	19	20	24	16	32	16	23	23	22	18	17	24	21	27	22	17	
4210.000000	64	17	27	13	20	19	23	21	30	18	20	26	19	20	21	19	20	23	22	17	
4220.000000	62	18	21	13	20	20	26	25	32	16	20	21	19	17	22	17	16	22	23	19	
4230.000000	64	15	19	14	17	18	24	25	32	19	20	22	18	16	20	15	16	20	21	21	
4240.000000	59	17	19	15	13	17	26	26	28	21	23	26	17	15	23	18	15	22	21	20	
4250.000000	63	17	19	15	14	16	24	25	24	22	25	26	19	16	27	18	18	16	19	20	
4260.000000	65	19	19	18	17	12	26	28	24	23	19	23	22	15	25	20	18	15	20	20	
4270.000000	70	22	17	16	17	10	27	31	25	23	17	21	27	16	25	19	19	13	17	18	
4280.000000	63	25	17	21	17	12	26	31	23	22	19	21	27	21	23	19	22	11	16	18	
4290.000000	67	23	14	20	16	13	24	29	26	22	17	21	23	20	28	21	18	11	20	20	
4300.000000	65	22	16	18	15	12	20	27	27	17	20	22	24	21	28	23	20	13	18	17	
4310.000000	65	20	18	22	18	12	19	25	27	16	19	21	20	21	26	28	22	14	16	17	
4320.000000	66	21	20	24	17	14	18	24	27	16	17	21	16	16	26	26	23	19	18	19	
4330.000000	69	21	19	22	13	11	22	24	28	15	15	21	22	17	26	24	23	17	19	19	
4340.000000	67	20	20	22	13	12	22	26	30	17	16	21	21	19	27	21	23	17	21	18	
4350.000000	70	22	20	22	15	16	25	25	31	17	18	21	18	22	23	21	21	21	22	19	
4360.000000	70	21	20	25	12	18	25	25	29	19	17	20	15	21	23	17	20	21	20	17	
4370.000000	64	21	23	26	11	17	23	24	27	18	19	21	18	19	23	17	22	18	23	19	
4380.000000	70	18	20	26	13	18	23	25	22	17	19	21	16	19	22	15	22	19	22	16	
4390.000000	65	19	20	28	16	21	20	24	24	17	21	20	17	16	24	13	20	21	22	17	
4400.000000	65	23	19	27	11	18	15	22	22	19	18	21	18	18	24	14	16	25	26	16	
4410.000000	67	22	22	25	12	18	16	21	19	19	21	18	19	19	26	14	17	26	29	17	
4420.000000	68	23	21	26	12	17	21	22	22	19	23	18	19	22	24	16	18	27	25	19	
4430.000000	64	19	18	22	12	15	21	21	20	20	21	19	20	25	23	16	18	25	24	19	
4440.000000	63	21	18	20	14	14	19	22	19	23	22	20	17	24	22	18	15	23	22	23	
4450.000000	70	18	20	23	13	14	18	24	20	25	19	18	18	24	22	18	17	22	21	21	
4460.000000	68	17	19	20	15	16	18	25	18	29	20	19	20	23	25	18	15	20	22	21	
4470.000000	67	18	21	18	17	17	19	27	18	25	21	16	20	24	26	17	18	21	24	21	
4480.000000	67	21	26	17	16	18	18	24	18	25	20	15	21	27	25	15	18	20	23	22	
4490.000000	64	23	25	19	16	23	18	24	21	23	17	13	23	28	26	14	16	21	20	22	
4500.000000	61	21	25	20	17	23	16	20	21	23	17	15	21	24	26	16	19	21	21	22	
4510.000000	66	21	26	21	19	19	15	18	25	20	20	14	22	23	22	17	21	25	22	22	
4520.000000	64	20	22	19	20	21	15	19	22	20	18	16	21	22	20	18	21	23	22	24	
4530.000000	67	24	22	20	23	21	15	18	20	19	16	18	23	19	13	18	22	20	26	24	
4540.000000	64	27	23	21	21	22	16	19	20	19	19	16	22	24	13	16	23	22	24	19	
4550.000000	64	26	24	20	18	20	21	19	21	17	18	18	26	21	11	16	24	21	23	20	
4560.000000	65	23	24	22	21	20	19	20	19	19	18	19	25	20	10	16	25	24	23	18	
4570.000000	66	23	25	23	22	20	17	18	16	18	18	19	27	24	9	16	27	22	25	18	
4580.000000	64	24	23	26	24	19	19	20	19	16	16	17	30	21	9	18	21	20	24	16	
4590.000000	68	23	28	27	20	16	16	22	19	15	17	12	28	22	9	20	19	20	22	18	
4600.000000	66	25	27	29	22	17	19	21	17	14	21	12	24	21	13	18	20	19	21	22	
4610.000000	69	23	26	32	19	19	17	20	21	12	21	13	24	23	12	19	18	20	23	22	
4620.000000	67	22	23	26	22	19	19	23	21	13	23	17	23	21	12	19	17	21	24	19	
4630.000000	68	19	21	24	19	19	21	21	19	13	20	18	22	23	13	19	18	23	26	16	
4640.000000	66	19	22	24	21	22	21	21	17	14	21	17	24	22	16	21	15	25	25	17	
4650.000000	68	19	19	24	20	20	23	19	14	19	22	13	22	23	14	20	17	23	28	22	
4660.000000	65	19	20	24	21	22	22	19	13	16	21	15	18	18	16	19	15	27	31	23	
4670.000000	64	18	22	22	19	21	21	22	15	20	19	16	19	20	21	20	15	26	32	20	
4680.000000	63	17	21	22	20	23	23	23	13	20	21	14	22	20	18	21	14	30	27	18	
4690.000000	66	17	22	23	20	22	23	20	15	18	21	15	20	22	20	19	16	32	26	15	
4700.000000	65	18	27	22	21	19	22	22	15	17	19	14	17	21	20	21	16	28	29	13	
4710.000000	63	18	28	21	20	17	20	19	14	21	21	13	17	23	21	18	14	30	26	12	
4720.000000	62	23	22	18	20	20	20	19	10	18	21	16	17	23	22	19	13	26	27	14	
4730.000000	61	26	18	18	22	26	20	22	10	18	23	16	19	24	23	17	14	24	31	15	
4740.000000	65	27	19	17	18	22	19	22	13	19	23	14	17	20	22	18	17	25	29	14	
4750.000000	66	27	20	18	16	16	20	23	16	18	23	17	19	23	17	19	18	23	34	14	
4760.000000	71	25	18	20	14	17	24	23	16	16	23	18	22	21	14	18	17	21	28	17	
4770.000000	70	28	17	21	13	17	22	21	16	13	21	14	22	19	17	20	16	21	25	18	
4780.000000	68	27	16	21	12	17	25	21	15	16	23	14	26	20	19	17	17	21	22	18	
4790.000000	67	24	15	20	14	15	25	23	16	13	19	15	27	21	17	18	17	22	22	16	
4800.000000	69	22	16	19	17	16	25	21	14	13	20	16	30	22	20	18	19	23	25	17	
4810.000000	65	21	18	19	14	14	27	20	9	14	26	19	26	25	18	16	14	22	23	20	
4820.000000	65	24	23	22	12	13	28	18	11	17	23	18	23	23	17	18	13	22	20	20	
4830.000000	65	22	26	20	13	13	28	15	10	20	24	21	23	22	20	17	13	26	18	21	
4840.000000	66	25	30	21	11	18	24	16	14	19	20	21	21	20	20	17	15	27	18	21	
4850.000000	65	17	35	19	13	19	23	18	14	17	19	19	19	18	20	20	16	27	18	24	
4860.000000	66	16	36	18	16	19	24	18	15	20	20	18	22	17	20	21	17	24	19	22	
4870.000000	70	15	34	20	15	17	20	18	16	20	23	17	21	18	17	20	16	20	19	23	
4880.000000	65	13	33	17	15	17	21	17	17	17	26	24	18	20	12	17	19	17	18	26	
4890.000000	66	14	27	22	14	18	21	18	15	18	27	27	15	22	17	17	20	18	21	26	
4900.000000	65	14	25	21	17	21	22	17	15	21	26	24	14	26	19	16	21	17	20	25	
4910.000000	65	15	24	19	16	20	20	15	15	19	24	23	15	28	16	15	20	16	21	27	
4920.000000	65	15	26	20	17	23	17	14	19	21	23	21	16	30	18	18	20	16	21	23	
4930.000000	63	14	26	21	20	24	18	14	18	18	21	24	16	33	17	20	18	18	20	20	
4940.000000	64	17	25	22	19	26	18	15	18	22	23	25	20	30	15	23	19	20	19	20	
4950.000000	61	17	25	17	18	23	18	16	19	22	22	22	17	32	21	22	19	21	17	22	
4960.000000	66	15	24	18	17	21	22	14	21	25	23	21	17	32	19	18	17	23	14	25	
4970.000000	70	11	26	16	17	21	20	15	19	22	22	24	18	33	19	20	20	21	13	25	
4980.000000	65	11	25	16	14	21	22	19	17	22	14	25	17	28	17	22	22	18	16	26	
4990.000000	67	11	23	17	15	20	22	19	21	23	15	18	17	30	16	21	22	14	17	23	
5000.000000	66	13	25	21	16	23	23	21	21	24	13	17	16	27	16	22	21	18	15	20	
5010.000000	71	14	27	20	20	31	22	25	19	21	14	14	19	27	17	17	21	15	14	20	
5020.000000	68	13	26	20	16	30	20	22	15	20	13	14	19	28	20	18	21	18	16	21	
5030.000000	64	14	26	18	21	25	17	26	14	21	11	12	19	24	25	17	25	21	16	23	
5040.000000	66	15	22	19	24	24	17	27	17	22	11	16	20	22	20	19	25	20	15	20	
5050.000000	65	16	21	17	21	25	17	25	19	18	11	18	22	23	20	20	24	19	12	21	
5060.000000	71	19	18	17	21	23	18	22	23	17	16	24	26	25	22	20	22	16	13	19	
5070.000000	67	17	18	15	20	22	20	22	24	18	14	21	31	24	19	17	23	16	12	21	
5080.000000	66	21	20	15	20	19	22	21	22	22	14	21	32	22	20	21	23	15	11	22	
5090.000000	62	20	23	12	21	22	24	24	21	21	15	23	25	19	19	23	21	17	10	23	
5100.000000	62	17	25	11	19	24	28	24	17	18	13	24	25	18	23	24	20	16	10	21	
5110.000000	65	17	27	12	20	27	28	25	17	18	15	21	25	16	19	20	22	17	13	18	
5120.000000	65	21	28	12	18	25	26	28	19	15	18	21	23	14	15	18	22	20	15	15	
5130.000000	65	16	30	14	17	22	25	20	19	18	17	19	20	15	15	19	20	25	15	12	
5140.000000	68	22	26	17	22	22	24	23	21	19	14	18	18	17	17	22	22	27	17	16	
5150.000000	64	21	27	18	20	26	21	21	20	19	15	22	17	16	17	22	23	27	17	12	
5160.000000	66	25	29	15	17	24	17	23	18	17	16	21	16	17	19	21	17	26	16	14	
5170.000000	63	26	31	18	17	25	18	20	21	19	16	23	15	14	19	22	18	25	16	15	
5180.000000	63	30	29	18	16	25	19	22	19	18	17	22	17	16	22	22	20	23	21	17	
5190.000000	63	28	26	15	14	24	21	24	19	18	16	23	20	18	24	22	20	21	21	15	
5200.000000	63	25	21	17	16	30	22	21	20	17	20	24	22	15	22	21	20	18	20	18	
5210.000000	64	23	28	16	18	31	19	20	21	16	19	19	22	13	24	18	19	18	23	16	
5220.000000	63	25	27	19	17	31	18	21	23	17	22	18	18	14	26	19	17	16	20	12	
5230.000000	66	25	27	17	17	30	20	19	25	14	23	18	18	12	26	23	17	15	22	12	
5240.000000	64	23	24	13	16	30	16	19	24	13	27	17	19	14	23	24	17	19	24	15	
5250.000000	66	19	25	14	14	32	17	20	25	14	29	19	19	13	25	20	19	22	20	13	
5260.000000	66	19	25	18	18	32	18	19	27	13	31	17	17	14	24	17	19	22	20	10	
5270.000000	69	19	24	17	19	34	20	21	26	12	30	16	18	16	22	21	25	20	19	9	
5280.000000	66	15	25	17	17	30	21	18	24	17	26	12	17	19	19	17	28	18	19	9	
5290.000000	67	18	24	15	18	31	22	18	27	18	24	14	18	23	19	16	28	13	21	10	
5300.000000	70	19	23	14	19	30	25	18	27	20	28	13	15	24	17	14	19	16	22	9	
5310.000000	67	21	26	18	17	28	20	17	26	19	26	16	20	23	22	14	22	16	23	12	
5320.000000	66	22	27	17	19	29	17	15	28	16	22	19	17	21	19	18	20	15	26	13	
5330.000000	68	19	24	15	16	33	18	18	28	18	25	20	19	22	18	18	18	12	28	15	
5340.000000	65	19	27	15	16	28	18	17	24	17	22	20	19	20	16	19	14	17	28	17	
5350.000000	68	18	30	17	14	28	19	16	24	16	22	22	20	23	17	21	17	16	26	19	
5360.000000	67	21	30	18	14	26	19	17	20	14	20	21	21	28	16	19	18	16	25	20	
5370.000000	65	23	29	17	14	29	17	15	18	13	21	19	20	28	20	19	15	12	25	20	
5380.000000	64	22	32	19	24	28	20	16	18	12	21	21	21	25	21	20	16	14	22	20	
5390.000000	64	21	30	15	22	26	18	18	21	13	23	20	19	24	21	20	15	12	22	18	
5400.000000	67	19	35	15	23	23	16	17	20	14	29	22	19	23	23	18	13	15	23	21	
5410.000000	70	19	28	18	20	27	13	15	23	15	23	19	23	26	21	16	13	18	24	21	
5420.000000	69	18	26	21	21	25	16	17	24	16	24	21	22	27	18	18	16	19	20	21	
5430.000000	63	19	23	19	18	25	14	21	25	14	25	17	20	28	19	18	15	21	24	20	
5440.000000	61	20	18	20	20	24	19	19	26	15	28	19	18	27	21	19	16	21	25	19	
5450.000000	65	19	21	19	20	22	18	19	25	18	24	22	15	28	23	20	15	20	24	20	
5460.000000	64	18	19	19	19	21	20	15	22	19	24	22	15	29	21	19	17	19	25	18	
5470.000000	66	14	18	22	20	22	19	20	21	18	21	20	20	25	20	21	19	20	24	21	
5480.000000	66	17	17	17	22	24	20	23	19	18	21	21	21	20	22	17	17	22	25	21	
5490.000000	66	20	14	17	20	27	16	20	22	17	24	20	16	18	20	17	19	23	27	20	
5500.000000	65	20	13	19	18	23	18	21	22	16	25	20	17	16	22	19	16	20	26	24	
5510.000000	64	21	14	18	22	22	20	21	27	18	24	19	18	17	17	18	17	18	24	24	
5520.000000	67	22	16	21	23	25	20	21	25	17	26	19	20	16	18	15	16	19	20	25	
5530.000000	68	22	15	21	27	24	21	18	22	26	25	20	18	19	19	19	15	19	18	23	
5540.000000	64	23	16	25	25	24	24	17	21	23	24	25	17	17	19	18	16	17	16	24	
5550.000000	65	24	16	24	23	22	20	16	18	19	26	22	18	18	19	18	17	21	15	24	
5560.000000	65	24	16	18	24	20	16	16	20	22	27	21	24	17	18	20	20	21	14	22	
5570.000000	63	24	16	18	22	19	19	15	18	24	27	24	27	22	21	19	23	20	15	22	
5580.000000	65	24	17	19	22	20	20	18	17	23	25	21	30	20	23	19	21	22	17	21	
5590.000000	68	22	20	21	18	16	20	20	16	25	20	22	30	19	17	18	19	21	18	25	
5600.000000	64	20	17	22	16	17	23	22	21	25	20	18	25	19	13	23	18	23	18	25	
5610.000000	66	20	21	23	16	16	23	18	21	23	18	19	22	19	17	19	22	22	16	22	
5620.000000	69	21	21	22	17	16	24	19	22	26	18	20	23	18	19	17	22	20	20	20	
5630.000000	65	21	20	22	15	18	30	20	20	27	17	18	23	20	16	16	22	17	21	21	
5640.000000	65	21	25	22	16	22	27	20	20	28	17	22	21	20	15	17	18	19	16	20	
5650.000000	68	22	24	23	14	19	27	21	18	28	14	21	18	20	19	19	17	17	17	19	
5660.000000	67	23	25	24	18	17	23	23	17	27	13	22	19	21	19	14	17	14	17	16	
5670.000000	66	21	25	24	17	19	20	28	19	24	18	23	17	21	22	15	16	16	15	14	
5680.000000	68	24	25	22	19	20	23	25	18	26	21	19	21	25	21	15	15	18	16	15	
5690.000000	71	28	23	18	21	17	22	21	17	25	21	20	24	27	20	16	15	17	19	12	
5700.000000	68	24	21	19	23	16	22	25	17	21	20	21	20	27	15	16	17	22	21	14	
5710.000000	62	22	22	16	22	16	24	23	21	21	22	21	21	26	15	20	15	23	22	14	
5720.000000	61	23	25	19	23	16	24	21	23	20	23	20	21	26	14	20	17	27	24	12	
5730.000000	66	22	23	18	24	16	22	21	23	24	20	18	22	25	17	19	14	27	28	12	
5740.000000	64	20	23	14	23	13	20	19	20	24	20	18	23	27	13	22	14	29	26	11	
5750.000000	61	21	23	18	21	13	18	19	22	26	24	17	20	25	12	22	14	29	26	14	
5760.000000	68	21	27	21	23	14	18	20	19	26	21	15	18	23	11	20	15	22	26	14	
5770.000000	68	21	23	21	22	20	18	21	21	26	20	12	18	20	13	20	16	21	25	14	
5780.000000	69	21	22	22	19	22	17	26	20	23	24	15	22	18	12	25	16	24	21	15	
5790.000000	69	23	20	20	20	24	18	24	23	22	23	16	21	17	15	27	15	20	20	14	
5800.000000	70	24	20	18	21	26	22	21	22	23	21	13	19	12	16	26	17	20	18	16	
5810.000000	65	23	20	18	18	28	23	22	22	21	18	14	18	13	18	23	20	19	18	16	
5820.000000	64	22	20	17	20	25	23	23	24	17	17	14	20	15	18	24	22	20	21	18	
5830.000000	68	24	19	19	18	25	24	25	24	20	19	15	23	14	20	21	25	21	20	14	
5840.000000	64	20	20	21	21	23	20	28	24	18	21	16	22	11	19	23	25	19	18	15	
5850.000000	67	22	21	21	23	19	21	21	27	20	17	12	24	13	21	23	25	18	20	13	
5860.000000	65	23	25	19	25	18	21	19	28	19	16	15	28	16	21	24	23	18	16	12	
5870.000000	62	21	24	19	24	17	22	18	22	24	18	18	29	16	23	21	23	19	17	15	
5880.000000	65	25	23	22	24	18	22	19	21	22	21	16	26	13	25	22	23	21	18	15	
5890.000000	67	25	20	20	22	18	24	19	24	23	22	12	26	13	25	24	20	25	23	16	
5900.000000	64	22	17	18	20	21	18	20	29	26	22	8	23	14	25	25	16	25	28	18	
5910.000000	62	27	17	17	23	19	18	23	28	26	21	10	17	15	21	25	15	22	28	18	
5920.000000	64	28	17	17	25	19	18	27	30	19	22	12	17	15	24	25	13	20	22	16	
5930.000000	64	27	18	18	24	16	22	26	27	19	18	12	17	15	31	21	14	23	24	16	
5940.000000	65	22	20	21	21	18	22	27	23	19	16	12	16	14	29	21	20	28	24	14	
5950.000000	67	22	22	20	18	18	21	26	18	22	13	13	16	14	26	22	19	24	24	15	
5960.000000	60	20	19	19	19	20	22	30	16	18	17	10	15	13	21	24	20	23	22	14	
5970.000000	64	20	19	18	16	21	24	32	14	17	17	13	16	11	23	22	17	22	21	17	
5980.000000	66	23	21	19	20	22	25	30	15	15	22	13	19	11	25	20	17	22	19	15	
5990.000000	58	26	20	19	21	25	23	30	14	17	24	13	20	12	27	22	18	21	17	18	
6000.000000	65	27	20	15	18	27	21	28	13	17	25	15	18	12	28	20	14	22	19	18	
6010.000000	64	26	22	15	18	29	20	24	13	18	26	20	18	11	30	22	14	18	18	14	
6020.000000	60	26	20	12	18	32	20	29	12	22	24	18	22	13	27	23	14	20	18	14	
6030.000000	65	29	20	14	19	27	18	25	16	24	23	17	26	16	26	23	13	20	19	17	
6040.000000	68	31	23	13	16	26	21	27	18	22	23	17	24	18	25	23	13	22	19	21	
6050.000000	68	31	20	17	17	27	20	26	18	22	20	20	21	15	24	22	15	21	20	20	
6060.000000	65	27	19	18	17	21	21	27	20	22	22	24	24	11	26	27	13	22	19	16	
6070.000000	67	25	19	19	15	17	18	26	17	21	19	23	22	13	27	27	9	21	23	14	
6080.000000	70	20	18	15	16	14	17	26	17	22	24	21	24	15	25	24	13	21	20	14	
6090.000000	65	19	18	19	14	17	17	27	14	21	23	20	24	16	24	24	15	21	18	15	
6100.000000	68	18	18	20	15	20	15	25	16	23	21	19	21	15	25	24	16	24	19	15	
6110.000000	70	17	19	20	17	19	16	30	17	23	23	17	23	15	23	27	18	25	21	16	
6120.000000	66	17	20	22	13	20	12	32	18	22	23	18	23	16	23	25	18	23	22	17	
6130.000000	67	17	18	23	19	22	12	32	15	22	28	21	25	18	21	26	20	22	14	19	
6140.000000	66	17	18	20	19	22	15	29	15	21	25	22	24	17	21	26	17	22	12	22	
6150.000000	64	16	17	20	20	19	17	29	14	19	23	19	23	17	22	26	18	23	15	19	
6160.000000	69	15	18	22	24	19	19	28	17	19	24	14	25	15	21	27	19	22	17	24	
6170.000000	68	17	16	18	26	19	22	26	19	18	25	14	21	16	21	29	18	22	17	22	
6180.000000	69	20	19	17	27	17	18	26	17	16	25	17	18	17	24	26	20	19	17	25	
6190.000000	64	19	19	16	24	18	20	24	18	16	21	19	18	19	24	31	21	17	18	19	
6200.000000	62	20	21	19	21	22	17	23	15	14	20	23	24	19	26	29	19	18	19	18	
6210.000000	63	21	23	19	22	20	17	22	17	15	19	24	22	23	23	27	18	19	16	21	
6220.000000	64	20	21	20	20	17	18	23	19	13	19	26	23	22	21	25	17	22	15	21	
6230.000000	66	22	20	19	17	16	18	21	19	15	16	26	21	26	22	25	15	20	18	23	
6240.000000	67	21	23	20	16	13	19	21	19	20	14	24	19	31	20	24	16	18	19	24	
6250.000000	62	23	24	18	15	14	17	23	19	18	13	24	18	25	20	22	15	18	15	27	
6260.000000	66	22	21	17	17	13	14	23	19	21	15	23	17	25	19	23	18	20	17	26	
6270.000000	64	20	21	18	17	15	17	21	24	18	15	21	16	27	16	21	21	19	20	26	
6280.000000	70	22	26	19	21	14	19	21	27	15	15	19	18	28	16	18	21	15	20	26	
6290.000000	65	21	25	19	17	14	17	23	32	17	18	22	16	25	13	17	17	16	24	23	
6300.000000	65	26	28	19	16	15	18	26	26	17	17	22	17	29	13	19	15	14	26	23	
6310.000000	65	22	25	19	19	15	16	26	28	17	16	23	21	28	13	22	16	17	25	24	
6320.000000	64	23	22	20	17	21	16	23	24	19	14	22	19	22	12	22	17	15	21	25	
6330.000000	64	20	22	21	17	21	18	26	22	16	13	28	19	23	10	22	17	16	25	24	
6340.000000	68	19	24	19	20	22	18	20	22	20	12	30	26	24	11	26	14	16	25	19	
6350.000000	66	20	20	20	21	23	17	22	21	20	12	28	25	24	11	24	17	17	25	19	
6360.000000	68	20	20	21	27	20	21	20	22	17	11	27	26	20	13	23	20	14	24	19	
6370.000000	68	22	22	19	30	18	23	17	21	16	14	23	24	19	12	20	14	17	25	18	
6380.000000	65	22	22	19	31	19	21	17	20	12	17	23	24	20	14	20	14	19	26	20	
6390.000000	65	22	23	17	32	17	17	18	22	11	18	25	23	21	15	20	16	19	28	17	
6400.000000	67	25	21	17	33	18	19	15	20	10	17	26	23	22	15	22	19	19	32	15	
6410.000000	68	24	17	17	32	18	18	19	17	12	15	23	19	23	17	18	16	19	31	15	
6420.000000	65	28	17	16	31	19	21	15	17	16	18	24	16	18	18	19	11	16	32	16	
6430.000000	65	25	19	13	29	20	22	15	19	18	17	24	17	18	19	18	15	16	31	19	
6440.000000	64	24	18	16	31	19	24	15	17	21	19	23	17	21	23	16	14	17	31	12	
6450.000000	67	26	16	15	27	21	27	18	17	23	21	21	16	20	23	17	19	17	27	14	
6460.000000	64	26	22	14	25	19	25	19	14	21	23	20	18	21	22	22	16	17	25	15	
6470.000000	63	31	20	15	28	20	22	18	16	22	22	16	21	20	20	24	14	21	23	16	
6480.000000	67	27	20	16	28	22	24	17	17	22	19	18	19	19	19	25	17	21	26	18	
6490.000000	69	24	17	17	22	19	22	17	17	18	19	19	22	20	18	25	16	21	28	15	
6500.000000	60	22	18	19	22	18	22	18	18	18	19	20	23	18	17	26	19	23	28	17	
6510.000000	62	21	17	19	22	16	20	22	16	21	19	21	20	18	15	25	19	24	28	19	
6520.000000	68	22	17	20	24	16	20	19	18	16	16	24	19	17	13	25	18	23	25	17	
6530.000000	66	25	16	15	23	13	22	20	19	17	16	20	20	21	15	22	20	28	26	14	
6540.000000	64	25	14	17	25	14	23	22	18	20	18	20	20	17	16	18	26	26	30	14	
6550.000000	66	24	16	16	27	16	23	22	17	19	20	19	19	18	16	19	27	24	31	16	
6560.000000	64	24	14	15	28	16	24	24	18	16	18	20	20	20	18	19	28	20	22	16	
6570.000000	69	23	13	16	25	17	26	23	22	18	20	18	23	21	21	16	29	18	21	16	
6580.000000	67	21	13	17	27	18	24	24	24	22	18	18	19	18	21	16	25	15	19	20	
6590.000000	70	23	12	19	29	15	24	25	26	24	16	21	18	18	23	17	23	18	23	14	
6600.000000	69	20	14	17	29	17	22	19	24	25	14	20	21	19	22	17	25	22	24	14	
6610.000000	66	22	16	16	25	18	20	20	27	23	12	22	18	17	22	19	23	22	21	17	
6620.000000	61	21	16	14	25	17	24	21	27	21	13	20	21	16	22	20	24	22	19	14	
6630.000000	61	22	15	16	23	20	25	21	24	22	14	19	20	18	21	24	25	23	18	15	
6640.000000	63	21	15	20	22	21	27	18	23	22	14	18	18	17	22	24	24	22	17	14	
6650.000000	66	24	13	19	20	23	27	17	20	22	17	20	20	17	21	23	22	20	19	16	
6660.000000	64	22	8	19	17	23	27	16	19	20	22	15	23	19	21	21	21	20	20	20	
6670.000000	64	21	11	14	17	24	24	17	17	22	23	12	18	19	24	24	18	21	18	29	
6680.000000	60	25	15	14	18	25	24	18	15	20	22	14	17	18	25	23	21	20	19	27	
6690.000000	67	25	14	11	15	22	22	19	17	19	22	16	17	20	25	28	22	18	23	30	
6700.000000	64	23	14	14	15	15	19	17	19	20	18	20	20	19	24	30	27	15	21	29	
6710.000000	68	23	14	14	19	13	17	17	18	23	17	20	19	19	23	25	29	18	21	28	
6720.000000	68	22	15	14	19	14	16	17	19	20	19	22	19	26	23	25	29	17	22	27	
6730.000000	63	20	17	12	17	14	17	19	22	19	20	18	20	25	22	25	33	18	25	25	
6740.000000	60	19	18	11	17	13	16	20	23	14	17	16	20	26	23	27	31	19	22	24	
6750.000000	62	22	22	13	18	15	16	21	23	14	18	18	19	26	22	26	30	16	19	25	
6760.000000	60	23	20	17	20	19	17	21	23	16	22	19	19	27	20	26	27	17	20	26	
6770.000000	64	23	18	16	18	22	18	24	25	17	18	22	19	22	21	28	26	18	19	25	
6780.000000	62	26	19	18	19	23	17	22	24	17	20	19	17	22	22	26	25	18	20	25	
6790.000000	65	23	18	16	22	19	19	20	26	19	22	20	19	20	21	29	28	15	15	26	
6800.000000	64	24	15	15	20	16	22	20	25	21	22	20	21	22	13	26	23	19	16	27	
6810.000000	67	24	15	14	20	17	25	18	26	21	21	17	20	22	17	23	22	18	18	27	
6820.000000	63	27	16	12	20	17	25	20	24	24	19	17	20	22	15	20	20	15	19	30	
6830.000000	64	25	17	14	24	17	27	17	23	23	21	15	18	24	15	16	20	16	15	26	
6840.000000	64	21	17	13	21	20	28	19	24	21	22	12	19	30	20	18	20	16	16	25	
6850.000000	68	23	18	11	21	20	33	20	24	22	19	10	19	24	18	19	20	16	19	24	
6860.000000	69	25	20	9	17	20	35	20	25	22	19	9	16	24	19	15	19	13	20	21	
6870.000000	64	24	19	9	16	18	34	23	24	23	19	12	14	25	17	14	24	14	19	20	
6880.000000	62	22	24	8	14	15	33	21	27	21	22	15	15	29	21	15	20	14	22	17	
6890.000000	64	22	28	11	11	17	29	27	29	19	23	13	15	25	20	14	23	16	27	17	
6900.000000	64	21	25	14	10	19	29	27	29	19	24	15	15	22	19	14	21	17	25	15	
6910.000000	67	20	24	13	11	17	28	26	27	20	24	14	20	20	15	14	23	19	25	18	
6920.000000	69	22	26	15	15	16	27	21	23	18	21	17	18	21	18	12	22	20	26	19	
6930.000000	66	22	20	15	15	18	33	17	24	20	22	17	21	18	20	11	24	19	24	18	
6940.000000	64	21	19	17	12	21	34	17	24	16	21	20	17	18	19	17	27	21	24	17	
6950.000000	67	21	18	13	8	18	30	19	23	16	18	22	18	24	16	20	27	22	24	18	
6960.000000	72	23	18	12	8	21	26	20	24	15	19	22	21	25	17	22	25	15	23	19	
6970.000000	69	22	17	13	11	20	25	18	23	19	21	26	19	27	17	22	26	14	19	19	
6980.000000	70	25	15	14	12	19	22	21	23	19	22	29	18	25	19	21	18	16	17	22	
6990.000000	73	23	18	14	13	20	19	20	22	15	23	27	18	28	22	17	17	18	18	22	
7000.000000	68	25	18	20	12	20	21	17	23	21	22	22	23	28	21	18	22	22	17	21	
7010.000000	64	22	18	17	11	23	19	20	20	18	21	20	22	30	23	18	17	23	18	20	
7020.000000	66	25	22	15	9	23	18	17	16	17	23	19	24	30	22	17	20	26	19	23	
7030.000000	64	25	21	13	12	26	20	17	16	17	21	17	28	32	23	19	22	24	15	22	
7040.000000	65	26	21	12	14	24	17	16	16	17	20	15	27	29	22	21	23	24	16	22	
7050.000000	65	26	23	16	15	23	19	19	14	17	19	12	25	27	21	21	22	27	16	19	
7060.000000	66	24	20	16	13	22	16	20	18	15	21	12	23	25	22	21	20	27	17	20	
7070.000000	67	24	23	16	15	22	17	20	17	14	20	12	24	23	25	21	17	25	22	21	
7080.000000	64	23	22	15	16	23	12	23	20	12	20	12	22	21	30	21	14	26	21	20	
7090.000000	61	23	20	14	17	26	12	24	19	12	22	14	19	23	26	21	16	27	22	22	
7100.000000	61	27	18	11	20	26	12	23	20	15	23	14	21	20	24	19	19	24	23	22	
7110.000000	64	26	19	11	18	27	15	20	19	14	20	19	21	22	24	18	17	24	24	26	
7120.000000	65	30	20	11	15	24	16	22	20	14	19	20	20	19	22	16	20	26	29	28	
7130.000000	60	28	18	10	13	22	14	17	21	16	20	22	21	23	24	18	25	25	26	26	
7140.000000	63	23	17	9	18	24	13	20	20	19	15	23	21	25	21	22	26	23	21	22	
7150.000000	63	22	19	9	16	24	13	19	21	22	16	24	17	25	20	25	29	22	20	22	
7160.000000	66	25	23	11	18	22	8	17	20	20	12	21	20	23	19	23	28	22	17	26	
7170.000000	66	25	28	13	16	24	12	19	19	22	15	22	18	23	20	22	29	19	21	24	
7180.000000	66	24	26	14	15	24	12	17	20	23	17	24	15	24	21	18	29	20	22	23	
7190.000000	64	20	23	16	18	21	14	19	19	19	17	21	15	24	23	19	26	19	27	26	
7200.000000	66	19	17	15	18	18	15	22	18	22	18	21	15	23	25	19	25	19	23	26	
7210.000000	65	16	13	17	20	20	14	23	16	25	19	24	16	22	26	23	24	19	23	26	
7220.000000	61	10	15	18	17	20	15	21	16	27	19	24	16	21	26	20	22	17	21	22	
7230.000000	66	9	16	21	19	19	13	24	17	28	20	21	14	23	27	21	22	21	24	23	
7240.000000	62	13	18	19	20	18	14	23	16	25	17	22	16	20	26	21	20	21	25	24	
7250.000000	66	18	18	18	19	18	14	22	19	21	17	23	18	23	28	19	20	20	25	24	
7260.000000	64	18	19	20	15	19	13	20	22	21	20	23	17	21	31	20	17	18	26	23	
7270.000000	65	18	19	23	17	21	10	19	17	22	19	23	19	19	26	23	19	20	27	23	
7280.000000	66	16	15	18	17	20	12	19	17	22	17	26	18	18	23	24	18	16	27	26	
7290.000000	68	15	13	20	16	18	16	19	15	23	18	26	17	20	23	24	20	17	31	27	
7300.000000	69	18	14	17	20	21	17	22	12	24	21	26	21	20	19	22	20	15	27	26	
7310.000000	65	19	14	19	21	23	15	24	14	24	22	28	21	22	18	17	20	15	23	26	
7320.000000	67	18	13	20	21	25	16	23	18	22	14	25	20	23	17	14	26	11	22	25	
7330.000000	64	18	12	18	16	18	17	22	18	24	19	27	19	23	21	14	25	9	25	30	
7340.000000	64	17	12	16	18	19	17	23	20	25	19	27	20	22	24	15	23	10	28	29	
7350.000000	62	17	14	14	16	19	19	26	20	26	21	27	19	22	24	20	20	9	24	29	
7360.000000	65	18	14	14	16	17	20	26	24	24	19	31	16	23	25	19	20	7	26	30	
7370.000000	66	20	14	17	14	12	20	22	24	26	22	29	15	22	23	18	19	8	25	30	
7380.000000	67	21	16	17	16	15	14	22	22	30	22	28	13	23	21	19	21	6	24	29	
7390.000000	64	18	16	18	20	16	13	20	21	25	23	30	14	23	22	16	21	7	25	32	
7400.000000	67	20	17	16	20	16	16	22	21	25	21	28	17	21	24	16	23	8	25	29	
7410.000000	68	16	15	17	18	20	17	21	15	26	21	27	19	24	21	17	23	9	22	30	
7420.000000	66	17	17	15	20	18	18	21	15	26	21	25	21	28	20	19	22	11	23	33	
7430.000000	66	20	21	17	17	14	18	25	15	24	20	23	21	27	21	17	16	13	23	34	
7440.000000	68	21	21	15	17	13	17	24	15	22	18	29	22	27	20	16	19	15	20	31	
7450.000000	63	22	21	13	14	13	16	26	16	22	18	27	24	25	22	14	23	18	24	27	
7460.000000	64	17	16	13	14	15	18	27	14	20	21	27	23	26	22	16	20	19	28	25	
7470.000000	66	16	16	15	16	11	19	27	15	19	21	25	27	23	20	16	22	17	31	27	
7480.000000	60	15	17	18	15	10	20	27	16	18	21	23	29	26	20	18	23	16	31	23	
7490.000000	64	17	19	15	15	11	20	31	20	22	17	25	29	27	22	16	22	16	30	23	
7500.000000	69	17	18	17	14	11	18	27	17	19	21	22	29	25	22	20	20	15	22	19	
7510.000000	70	19	18	19	16	17	18	26	15	19	23	21	27	23	21	16	18	14	24	19	
7520.000000	60	17	23	19	17	17	22	25	12	22	21	22	25	24	22	14	21	13	23	18	
7530.000000	64	20	18	21	18	17	27	19	11	21	23	22	25	25	23	14	25	13	23	18	
7540.000000	66	19	18	21	18	21	25	17	10	22	26	24	22	27	25	17	24	12	22	18	
7550.000000	66	19	18	22	16	21	24	21	11	20	26	25	24	25	22	18	21	13	22	20	
7560.000000	66	15	19	19	14	20	24	21	13	19	25	22	23	23	24	17	21	17	22	19	
7570.000000	63	15	20	19	14	20	23	18	11	19	22	23	24	26	19	23	23	19	22	17	
7580.000000	67	14	20	17	13	22	23	18	13	15	23	23	25	26	21	23	23	19	19	20	
7590.000000	67	12	18	19	15	25	26	22	16	12	22	23	25	25	23	18	21	21	19	23	
7600.000000	65	13	15	18	15	21	27	23	18	16	23	26	23	26	24	18	24	20	20	22	
7610.000000	67	14	13	22	17	19	26	25	19	16	22	26	23	26	23	19	28	21	20	21	
7620.000000	67	19	15	26	17	18	26	22	19	16	19	23	23	25	22	18	25	21	20	19	
7630.000000	67	22	17	27	19	17	24	21	18	16	17	22	20	24	19	12	28	21	17	17	
7640.000000	63	26	19	26	19	15	28	20	15	16	12	20	18	24	18	15	28	19	19	16	
7650.000000	63	25	16	27	17	16	29	21	18	16	11	22	20	23	22	15	27	18	16	16	
7660.000000	65	27	16	30	18	17	28	24	16	17	13	19	20	20	25	17	31	22	16	16	
7670.000000	59	26	17	29	19	18	26	26	15	14	17	16	16	22	26	18	31	19	14	13	
7680.000000	62	26	15	30	19	21	27	26	15	15	19	16	15	22	26	19	26	21	14	14	
7690.000000	64	23	17	29	19	22	26	24	13	15	23	15	19	22	28	18	24	19	14	15	
7700.000000	66	23	18	26	17	19	27	26	17	15	25	15	26	19	28	16	23	17	14	15	
7710.000000	67	20	18	28	18	17	29	23	16	16	25	14	21	17	29	19	23	18	20	10	
7720.000000	67	19	15	24	21	22	32	24	17	18	24	16	21	16	25	18	20	18	19	11	
7730.000000	68	21	16	24	26	18	31	25	15	20	25	18	20	16	26	21	17	21	19	9	
7740.000000	69	23	19	23	22	19	26	23	13	21	23	23	21	15	24	20	19	20	22	6	
7750.000000	65	21	24	21	19	18	20	23	14	21	24	20	20	14	27	18	23	23	23	9	
7760.000000	66	18	24	17	19	17	22	25	16	21	21	21	18	13	25	18	21	23	20	10	
7770.000000	69	16	25	15	22	15	22	26	15	23	22	22	18	15	24	21	19	20	24	10	
7780.000000	70	20	22	15	21	18	25	27	15	20	23	21	15	16	25	22	16	21	29	9	
7790.000000	65	20	21	16	24	18	21	26	17	20	22	18	14	17	25	22	15	22	30	10	
7800.000000	68	19	21	16	21	23	25	26	19	19	24	18	18	20	21	22	20	19	30	12	
7810.000000	66	19	24	12	19	19	25	32	21	21	27	18	17	21	20	23	20	16	25	9	
7820.000000	68	20	24	13	19	19	26	32	20	23	22	19	17	22	21	21	17	17	26	10	
7830.000000	60	18	25	17	18	19	28	27	23	22	23	15	18	23	19	19	17	15	28	12	
7840.000000	62	18	27	17	20	19	29	28	23	21	20	18	20	20	21	17	18	13	21	13	
7850.000000	63	18	31	16	19	18	26	30	23	22	22	16	17	20	23	18	14	18	18	17	
7860.000000	63	18	32	16	21	18	29	27	25	26	19	15	18	18	23	19	14	19	21	17	
7870.000000	64	20	28	15	22	23	28	23	26	24	21	20	18	18	19	16	15	14	20	21	
7880.000000	62	17	30	17	22	22	30	25	28	23	18	18	20	17	21	18	16	16	19	16	
7890.000000	64	14	28	17	20	20	26	29	28	23	19	19	21	21	18	18	16	16	21	17	
7900.000000	67	15	28	16	19	24	24	25	26	20	20	19	21	23	19	21	17	14	23	16	
7910.000000	62	22	25	16	20	27	25	27	21	21	20	19	21	24	19	19	16	15	25	16	
7920.000000	62	22	24	16	20	25	24	25	21	21	19	23	23	21	21	19	16	17	24	16	
7930.000000	59	20	24	16	23	21	26	23	19	20	17	26	24	19	23	18	18	13	24	14	
7940.000000	62	21	23	20	23	22	26	21	19	21	15	25	25	17	28	15	22	13	24	12	
7950.000000	63	21	23	18	21	18	26	20	18	22	19	22	25	17	29	18	25	13	23	14	
7960.000000	66	21	24	17	18	19	26	22	18	24	21	22	25	17	25	17	23	16	20	15	
7970.000000	67	17	23	19	17	23	24	21	20	26	20	21	27	18	23	14	18	18	23	17	
7980.000000	63	15	22	18	21	25	23	21	17	26	19	20	25	22	20	18	18	19	23	14	
7990.000000	70	16	20	16	16	22	23	19	17	22	21	19	24	24	16	21	19	19	22	16	
8000.000000	69	21	21	17	16	20	21	21	16	22	24	18	24	24	18	20	19	17	25	18	
8010.000000	67	20	18	14	16	21	25	22	17	20	23	19	21	22	18	20	21	18	27	16	
8020.000000	67	22	20	15	17	24	21	23	19	17	24	20	21	21	17	16	21	22	27	17	
8030.000000	65	19	23	17	17	23	20	22	22	16	23	22	21	18	21	17	22	23	28	16	
8040.000000	64	16	23	19	17	24	18	25	22	16	26	16	24	21	20	18	22	21	27	18	
8050.000000	66	15	22	22	16	20	16	27	20	15	23	18	24	23	20	24	22	22	26	17	
8060.000000	66	13	25	23	15	23	20	27	22	15	24	19	22	20	17	20	25	22	23	16	
8070.000000	67	11	25	22	15	23	23	28	22	13	25	20	19	21	17	21	19	18	23	19	
8080.000000	67	12	26	19	15	27	23	26	19	12	29	19	17	24	16	20	16	16	22	18	
8090.000000	65	8	23	19	16	22	24	23	20	12	24	17	17	25	19	22	18	15	20	18	
8100.000000	67	11	26	20	16	22	23	22	20	13	22	22	18	28	22	22	20	15	26	18	
8110.000000	64	11	25	18	18	23	27	20	20	10	23	25	18	28	22	18	23	19	24	18	
8120.000000	69	10	26	13	20	25	28	22	19	13	22	24	22	27	17	15	24	19	26	16	
8130.000000	68	11	25	13	17	27	28	24	14	14	21	25	19	22	22	15	19	18	26	16	
8140.000000	69	9	24	12	18	24	26	27	14	18	18	25	25	22	22	16	18	20	21	15	
8150.000000	67	10	24	15	19	23	21	28	14	16	14	24	24	23	23	19	21	20	20	18	
8160.000000	66	17	23	13	18	24	20	28	12	17	14	24	21	26	20	20	19	22	18	16	
8170.000000	67	15	21	13	18	24	17	29	12	19	17	22	19	27	21	22	19	22	22	21	
8180.000000	64	16	23	11	18	24	18	27	13	21	20	17	18	24	21	21	16	20	21	21	
8190.000000	62	17	25	16	18	24	19	26	12	21	19	17	19	26	17	21	15	22	21	23	
8200.000000	66	20	22	18	17	29	20	22	13	22	15	17	19	24	17	21	17	26	24	21	
8210.000000	66	19	24	19	20	26	18	25	14	21	16	18	21	19	22	19	18	26	25	20	
8220.000000	64	16	26	19	19	26	19	22	14	19	19	17	17	20	21	19	19	23	23	19	
8230.000000	67	17	23	21	19	24	17	23	15	18	18	16	15	24	20	20	17	28	23	20	
8240.000000	68	16	23	19	20	28	17	27	15	17	15	16	20	23	21	21	17	26	21	17	
8250.000000	67	13	20	18	19	28	16	28	17	16	16	15	21	23	21	20	18	27	23	17	
8260.000000	67	15	24	16	16	28	17	27	20	16	20	13	23	24	21	19	14	27	24	17	
8270.000000	66	15	28	20	17	30	17	30	20	17	23	13	19	26	18	19	10	24	19	17	
8280.000000	68	15	25	20	17	21	18	26	22	16	23	9	22	21	19	21	12	23	23	15	
8290.000000	63	20	24	21	18	20	20	24	20	14	19	11	18	23	23	22	13	25	19	17	
8300.000000	65	19	25	23	20	20	18	24	20	14	20	14	16	23	22	20	15	27	20	14	
8310.000000	67	24	25	25	22	19	18	26	21	14	20	13	16	20	21	19	17	25	21	15	
8320.000000	62	24	25	24	24	23	19	27	19	13	18	12	16	20	24	18	21	19	19	15	
8330.000000	64	21	26	23	24	24	18	28	25	14	22	14	15	19	22	19	19	19	18	16	
8340.000000	59	24	24	22	22	24	15	27	22	16	20	14	14	17	18	20	19	19	18	16	
8350.000000	61	25	24	24	21	21	15	30	19	16	23	19	14	20	16	21	19	20	21	16	
8360.000000	67	25	23	24	19	20	17	28	18	15	26	18	14	23	18	19	20	21	20	15	
8370.000000	62	23	22	20	19	22	16	27	21	17	25	20	15	22	15	17	20	22	20	15	
8380.000000	69	22	21	21	19	21	17	26	19	24	24	24	17	21	13	17	19	24	21	16	
8390.000000	68	19	19	23	20	24	15	28	15	19	23	21	14	23	14	19	18	22	22	19	
8400.000000	66	18	17	23	20	25	16	26	15	17	22	22	16	21	16	21	20	21	23	22	
8410.000000	67	15	17	22	19	22	22	23	14	18	21	22	15	24	20	22	20	19	22	18	
8420.000000	65	19	19	22	20	21	22	18	12	20	21	21	20	24	16	21	22	16	19	21	
8430.000000	65	16	20	23	22	25	22	19	13	24	21	17	22	23	13	21	19	20	21	18	
8440.000000	63	14	20	21	22	22	22	21	15	23	25	17	20	23	14	24	15	23	21	19	
8450.000000	61	14	26	19	20	22	20	25	15	23	24	17	20	21	16	26	18	21	19	15	
8460.000000	65	10	27	15	21	20	17	25	16	22	22	17	18	17	18	26	19	19	21	22	
8470.000000	62	10	29	15	23	23	17	27	15	24	26	14	19	19	16	23	19	21	20	19	
8480.000000	65	14	32	17	21	24	17	25	17	23	23	14	19	22	20	23	21	21	22	19	
8490.000000	67	17	29	18	22	22	18	24	18	22	22	16	20	20	23	20	20	19	19	21	
8500.000000	65	19	28	17	23	20	15	21	19	19	22	16	20	21	22	19	20	16	21	21	
8510.000000	65	17	27	14	24	20	15	20	21	15	24	13	19	20	23	17	18	16	20	22	
8520.000000	65	22	27	16	27	17	17	21	19	16	27	15	19	21	21	24	13	17	24	23	
8530.000000	63	22	27	14	30	20	19	20	20	19	27	15	20	20	20	22	14	15	24	21	
8540.000000	67	19	26	14	26	20	21	21	20	25	29	13	18	22	18	24	14	16	24	20	
8550.000000	65	19	23	15	22	20	23	20	19	21	28	15	20	21	19	27	17	15	26	20	
8560.000000	65	18	23	13	26	18	24	20	20	25	25	14	20	20	22	26	18	19	27	22	
8570.000000	67	14	21	11	23	16	24	20	19	23	24	12	22	17	23	25	18	21	27	23	
8580.000000	65	14	18	12	22	17	19	23	20	21	18	12	21	19	24	29	18	22	28	19	
8590.000000	61	14	19	12	22	19	15	23	18	26	17	17	21	17	21	25	20	23	27	21	
8600.000000	65	14	17	14	21	24	12	22	22	24	18	18	17	21	22	26	18	22	23	19	
8610.000000	66	15	17	16	23	23	10	23	17	24	17	20	20	18	22	26	15	20	23	18	
8620.000000	61	15	13	17	26	26	15	24	17	28	18	20	23	19	22	25	15	18	21	20	
8630.000000	64	17	12	15	26	26	18	27	19	32	15	20	22	17	20	26	12	17	22	21	
8640.000000	68	15	11	14	22	25	15	24	16	32	19	18	20	16	22	27	12	19	26	21	
8650.000000	66	17	13	12	22	31	18	23	16	32	16	20	21	18	24	28	13	15	21	19	
8660.000000	67	19	14	14	27	31	18	19	16	28	18	23	25	14	22	26	13	20	27	18	
8670.000000	65	18	15	21	26	27	16	20	17	30	14	20	22	19	25	24	13	16	25	18	
8680.000000	63	15	15	18	24	28	17	18	17	29	15	17	19	19	21	19	14	17	23	21	
8690.000000	63	15	15	17	25	28	19	20	22	28	22	17	22	21	20	19	16	17	23	22	
8700.000000	64	17	14	18	24	28	17	20	25	28	23	15	25	22	21	19	17	18	22	19	
8710.000000	63	21	19	20	19	30	17	21	27	26	22	18	24	23	21	19	16	18	22	17	
8720.000000	68	20	20	18	15	28	20	19	23	31	25	20	26	23	23	19	17	18	25	17	
8730.000000	70	17	16	13	15	27	24	20	20	26	25	13	21	24	23	19	17	15	25	17	
8740.000000	67	18	16	14	13	29	23	23	20	24	26	12	20	27	24	19	18	17	21	19	
8750.000000	68	19	21	17	17	26	23	21	22	21	21	10	19	26	25	19	14	15	22	21	
8760.000000	67	21	19	16	18	27	21	19	23	24	22	11	19	24	22	19	15	16	20	21	
8770.000000	67	21	18	17	19	24	21	20	24	24	26	10	19	23	21	19	15	16	22	23	
8780.000000	69	21	20	15	20	23	19	20	19	23	30	12	21	20	20	19	13	15	26	25	
8790.000000	64	21	22	18	19	21	15	21	20	23	29	11	19	20	21	18	13	16	27	23	
8800.000000	64	18	18	18	24	20	19	19	16	21	26	13	19	19	21	22	12	17	26	24	
8810.000000	64	19	20	15	26	20	16	22	17	22	25	14	24	21	21	19	15	17	24	22	
8820.000000	64	16	19	17	24	17	18	20	19	23	23	12	23	21	20	19	17	19	22	24	
8830.000000	63	14	23	16	24	21	22	16	18	23	24	15	24	21	21	15	19	16	22	24	
8840.000000	64	14	19	17	23	23	24	17	18	21	25	14	25	22	23	13	20	15	23	22	
8850.000000	63	15	18	17	28	22	20	24	18	21	26	20	24	21	23	17	19	18	23	24	
8860.000000	63	15	18	19	25	22	17	22	17	23	27	21	23	21	21	21	21	16	21	22	
8870.000000	66	16	19	20	26	24	17	23	14	21	31	21	21	20	23	18	21	17	22	22	
8880.000000	66	15	23	22	25	23	15	19	15	22	32	21	18	17	21	18	21	17	24	20	
8890.000000	59	20	23	20	27	23	17	16	16	19	32	23	22	17	22	16	17	18	25	22	
8900.000000	65	19	21	18	28	24	14	16	16	21	29	20	24	19	19	13	18	15	24	26	
8910.000000	65	19	22	20	31	24	12	17	17	21	29	25	25	20	18	9	16	15	17	27	
8920.000000	64	18	22	20	33	23	14	16	17	23	27	22	25	20	18	7	16	15	16	28	
8930.000000	61	16	23	20	33	21	12	14	20	30	31	21	23	17	21	8	15	13	18	27	
8940.000000	66	15	22	17	32	17	15	16	19	31	30	19	20	21	22	6	14	11	22	23	
8950.000000	70	17	22	19	27	19	17	17	19	35	26	15	20	21	20	8	16	14	21	21	
8960.000000	68	17	23	18	24	19	17	20	19	32	26	15	18	25	24	7	13	16	20	23	
8970.000000	72	17	21	22	23	23	17	21	19	31	27	17	18	24	22	6	11	16	19	20	
8980.000000	68	17	19	24	23	18	17	18	23	29	28	19	17	27	19	6	13	16	18	20	
8990.000000	67	17	20	24	22	18	16	22	20	26	24	17	20	27	21	9	15	15	18	19	
9000.000000	66	18	21	24	22	19	16	20	18	27	23	16	23	26	23	10	17	17	21	14	
9010.000000	68	15	19	24	22	19	16	21	22	25	23	18	18	26	27	12	18	19	20	15	
9020.000000	66	15	20	28	26	19	15	20	22	25	22	18	18	27	24	15	20	19	17	16	
9030.000000	67	16	21	25	25	19	15	20	18	25	23	17	17	24	22	17	21	17	17	17	
9040.000000	65	16	24	24	28	19	17	20	18	27	21	18	19	23	21	15	17	17	17	12	
9050.000000	67	17	25	24	30	21	16	22	18	25	20	18	17	24	20	17	17	18	17	12	
9060.000000	65	18	25	21	26	21	11	23	20	25	19	18	17	24	18	19	20	19	19	13	
9070.000000	64	20	22	21	25	18	16	21	16	25	19	17	20	18	18	19	18	19	20	13	
9080.000000	69	20	22	20	27	18	15	24	21	26	23	16	21	17	21	19	19	18	20	15	
9090.000000	63	22	22	19	28	18	12	25	20	27	23	18	20	16	19	17	25	21	20	15	
9100.000000	66	22	25	17	28	18	13	21	18	27	20	15	20	17	21	13	26	21	18	15	
9110.000000	67	19	19	15	29	17	15	22	20	27	18	16	22	15	23	16	26	19	16	20	
9120.000000	66	16	19	13	25	19	16	23	22	28	20	14	23	17	21	18	24	18	17	19	
9130.000000	64	19	20	12	28	18	17	21	21	28	19	17	23	15	22	18	28	25	17	17	
9140.000000	64	21	23	11	29	21	11	22	21	28	17	21	23	14	22	18	28	24	18	14	
9150.000000	61	19	20	10	28	22	12	16	24	28	21	27	22	13	21	15	27	25	17	15	
9160.000000	67	16	18	10	28	23	12	19	23	29	20	21	19	17	21	16	29	25	17	18	
9170.000000	69	12	17	7	26	20	14	22	25	28	19	21	18	17	20	15	27	24	20	19	
9180.000000	65	11	17	8	26	21	15	21	25	23	21	18	19	18	19	15	27	25	19	19	
9190.000000	66	14	13	15	26	19	15	19	24	20	18	17	21	14	20	17	27	23	22	17	
9200.000000	64	15	13	16	25	17	14	20	24	22	17	17	19	15	15	18	30	29	21	16	
9210.000000	62	17	16	17	24	22	12	21	22	21	18	18	20	15	16	18	30	30	20	19	
9220.000000	66	19	18	18	21	22	13	21	21	20	18	17	20	14	15	15	29	30	20	20	
9230.000000	64	20	17	19	28	23	16	19	19	21	19	17	20	17	16	18	29	29	23	22	
9240.000000	67	19	13	16	27	24	15	21	15	18	20	18	22	18	15	21	28	29	21	22	
9250.000000	67	16	12	19	27	22	15	18	16	19	22	19	21	20	16	18	23	23	24	21	
9260.000000	62	19	15	19	27	19	16	20	17	18	22	21	22	16	19	19	26	17	26	19	
9270.000000	62	17	17	19	28	19	16	22	16	22	17	23	21	17	17	18	24	15	24	21	
9280.000000	60	15	14	21	28	23	13	19	18	20	16	22	21	18	17	18	24	14	27	22	
9290.000000	64	13	14	20	26	20	13	20	22	23	20	26	20	19	17	19	24	15	26	21	
9300.000000	62	12	17	20	25	21	11	20	23	23	18	25	22	23	16	16	25	16	27	22	
9310.000000	65	15	18	21	27	19	13	18	26	23	18	22	20	20	16	18	21	15	26	20	
9320.000000	68	15	18	22	24	19	13	17	29	24	18	21	18	22	18	17	20	13	26	16	
9330.000000	67	16	17	28	23	22	15	17	33	23	18	23	19	20	17	19	19	15	24	15	
9340.000000	64	18	16	26	27	19	14	18	33	23	15	22	13	19	18	18	15	12	24	13	
9350.000000	61	16	16	25	25	18	18	18	33	24	16	20	16	18	17	19	16	17	25	13	
9360.000000	64	15	19	24	27	20	17	15	32	22	18	22	17	19	14	21	15	21	27	17	
9370.000000	67	18	19	22	23	20	20	12	31	22	18	27	19	23	14	19	17	19	25	16	
9380.000000	67	15	20	21	22	20	22	13	31	22	17	26	18	22	17	19	21	21	24	19	
9390.000000	70	15	22	24	21	22	25	10	27	24	15	23	17	22	17	15	26	24	23	17	
9400.000000	63	16	21	26	18	21	24	13	25	21	16	20	22	22	18	13	28	20	22	16	
9410.000000	69	16	18	30	17	19	25	14	22	20	15	21	23	20	22	13	24	22	18	18	
9420.000000	70	16	19	29	21	19	21	14	20	20	17	20	26	25	22	14	26	23	20	17	
9430.000000	64	14	17	29	21	21	21	14	19	20	21	20	25	23	22	15	26	22	18	19	
9440.000000	68	14	14	29	22	21	23	19	18	20	23	18	26	22	20	18	24	19	18	17	
9450.000000	68	14	13	23	22	18	22	23	17	15	27	20	26	26	18	19	25	20	21	20	
9460.000000	67	18	15	22	20	17	23	24	15	13	26	16	22	28	18	17	25	20	18	22	
9470.000000	64	18	15	20	24	21	24	26	20	12	22	16	22	22	16	13	24	21	17	18	
9480.000000	66	18	15	22	21	24	27	26	24	12	21	17	22	19	17	15	21	18	18	16	
9490.000000	65	18	15	23	18	24	29	31	22	13	18	14	21	17	17	16	19	20	19	19	
9500.000000	68	16	18	25	17	24	25	31	23	15	17	16	22	17	16	15	19	21	15	16	
9510.000000	63	19	18	28	21	24	24	27	20	18	18	19	23	18	17	16	19	20	15	16	
9520.000000	63	20	15	24	19	28	24	26	22	17	19	22	23	16	17	11	19	21	13	17	
9530.000000	68	19	16	26	18	27	25	28	22	15	18	25	24	15	17	11	20	19	13	20	
9540.000000	66	19	22	28	16	27	26	25	20	17	16	26	24	15	16	13	21	13	12	20	
9550.000000	60	22	23	28	17	21	26	23	22	20	15	25	21	19	19	14	21	13	16	21	
9560.000000	63	26	24	24	16	20	25	25	26	18	12	27	16	21	23	14	23	17	18	23	
9570.000000	65	24	22	19	16	22	22	23	23	18	9	29	19	22	24	12	26	16	16	22	
9580.000000	60	24	22	15	16	19	23	19	22	14	10	28	18	21	25	12	28	18	20	22	
9590.000000	65	25	20	14	17	20	28	18	20	14	11	29	20	19	22	11	27	21	18	24	
9600.000000	65	24	23	16	19	22	27	18	20	15	10	27	18	20	24	11	26	24	20	22	
9610.000000	69	24	19	16	21	20	26	18	22	18	10	24	19	17	22	12	24	21	19	22	
9620.000000	69	24	22	14	23	19	24	18	23	18	16	19	23	20	26	11	26	22	17	19	
9630.000000	68	29	22	15	21	21	23	17	27	19	15	22	18	21	24	8	23	22	20	20	
9640.000000	69	26	20	18	22	21	20	17	29	20	16	19	18	21	22	10	19	20	20	23	
9650.000000	67	27	22	17	19	19	19	20	26	25	18	17	22	20	17	11	18	20	19	23	
9660.000000	65	29	20	18	18	20	18	22	27	26	17	16	20	18	17	13	13	18	18	24	
9670.000000	62	28	24	14	19	16	22	25	25	29	16	18	24	20	13	17	13	19	17	26	
9680.000000	64	28	21	14	18	18	19	24	24	32	20	22	25	21	12	15	11	20	18	26	
9690.000000	67	25	22	16	17	19	18	23	24	29	21	21	23	18	10	15	13	20	18	25	
9700.000000	69	23	22	16	19	20	19	21	24	26	19	22	21	20	11	15	14	20	17	25	
9710.000000	67	21	21	17	24	20	22	18	25	24	21	24	21	18	12	15	15	19	17	25	
9720.000000	63	24	20	19	25	17	28	22	25	21	17	27	23	12	17	15	14	19	20	23	
9730.000000	61	21	23	24	28	16	23	20	25	18	17	21	23	14	21	15	16	21	20	21	
9740.000000	65	17	24	22	26	15	20	20	24	16	22	20	20	12	21	14	21	18	21	21	
9750.000000	65	19	20	19	25	16	20	22	27	16	21	22	22	10	22	17	23	16	22	24	
9760.000000	64	22	18	17	26	17	19	20	28	16	20	26	21	8	22	16	22	17	21	27	
9770.000000	64	18	17	18	24	20	19	21	29	19	17	22	23	8	22	17	22	17	22	26	
9780.000000	64	15	20	21	22	21	21	20	28	20	16	23	24	10	20	17	19	16	16	26	
9790.000000	61	15	20	21	23	24	24	21	28	23	17	24	23	12	18	17	18	17	19	26	
9800.000000	64	15	18	19	22	24	27	23	25	23	19	21	24	14	19	17	15	19	18	27	
9810.000000	67	18	19	19	22	20	26	26	21	26	18	19	22	21	19	19	14	17	21	27	
9820.000000	65	17	21	23	23	18	22	25	19	24	19	20	20	17	17	21	12	16	21	26	
9830.000000	66	15	23	23	25	21	19	26	18	26	19	20	20	21	19	22	12	18	24	23	
9840.000000	66	14	19	21	23	20	19	24	16	25	19	14	19	22	21	23	15	18	22	21	
9850.000000	69	13	19	23	20	21	20	30	21	28	23	14	19	21	22	23	16	19	20	25	
9860.000000	66	13	19	21	18	21	19	26	19	29	24	14	22	21	20	25	17	21	19	25	
9870.000000	63	19	18	23	16	19	20	27	16	29	22	13	26	19	24	25	15	21	21	25	
9880.000000	63	18	18	21	12	21	23	26	19	26	21	14	23	21	23	26	13	22	21	25	
9890.000000	62	19	16	21	10	19	22	28	20	30	18	17	20	22	22	25	15	20	22	26	
9900.000000	62	16	16	19	12	19	21	24	25	26	18	18	17	21	23	24	15	22	22	24	
9910.000000	66	15	16	18	15	21	22	25	21	26	21	16	17	22	21	19	19	21	25	25	
9920.000000	65	17	16	16	18	18	25	24	22	19	18	19	14	18	19	21	17	22	23	27	
9930.000000	61	18	18	16	19	16	28	25	19	22	20	18	14	19	22	22	17	24	22	23	
9940.000000	63	19	17	16	20	16	28	21	18	24	19	17	11	18	25	22	20	23	21	26	
9950.000000	65	20	17	13	17	16	28	21	18	29	22	17	15	18	23	22	20	24	21	22	
9960.000000	61	21	12	14	16	14	30	22	17	31	22	16	13	20	22	24	19	23	23	24	
9970.000000	65	19	12	12	16	15	27	23	15	28	24	18	15	19	18	22	20	21	23	22	
9980.000000	65	16	14	11	15	15	25	23	19	22	26	19	16	20	15	22	21	26	22	17	
9990.000000	65	17	11	13	17	15	23	24	19	21	26	21	17	21	14	24	21	24	25	17	
10000.000000	63	18	12	13	14	16	25	24	17	15	28	16	17	22	16	20	25	26	25	17	
