0.000000	10	10	10	10	10	10	0	0	0	0	0	0	0	0	0	0	0	0	0	0	
0.000000	10	10	10	10	10	10	0	0	0	0	0	0	0	0	0	0	0	1	0	0	
10.000000	59	49	62	15	9	107	24	1	84	26	0	0	0	0	8	83	0	45	0	0	
20.000000	54	112	96	24	11	187	22	6	142	74	0	0	0	0	31	162	0	60	0	0	
30.000000	50	166	143	46	9	210	24	36	201	130	0	0	0	0	56	217	0	62	0	0	
40.000000	102	238	161	88	11	227	26	99	261	155	0	0	0	0	90	282	0	59	0	0	
50.000000	172	295	180	143	10	228	25	155	277	192	0	0	0	0	124	362	0	59	0	0	
60.000000	245	359	204	210	10	216	21	209	322	215	0	0	0	0	146	409	0	55	0	0	
70.000000	310	418	223	294	12	203	18	254	376	240	0	0	0	0	160	471	0	54	0	0	
80.000000	352	472	239	357	9	195	19	307	423	257	0	0	0	0	180	506	0	48	0	0	
90.000000	422	520	266	391	8	178	14	357	479	275	0	0	0	0	213	572	0	45	0	0	
100.000000	461	574	304	422	8	167	13	414	520	279	0	0	0	0	234	636	0	44	0	0	
110.000000	526	598	324	480	8	164	13	458	559	296	0	0	0	0	268	684	0	43	0	0	
120.000000	548	632	357	506	8	155	14	482	583	320	0	0	0	0	286	703	0	42	0	0	
130.000000	590	662	374	552	6	145	13	543	633	328	0	0	0	0	296	743	0	41	0	0	
140.000000	610	702	401	589	6	134	13	573	667	328	0	0	0	0	321	756	0	34	0	0	
150.000000	657	711	426	623	4	127	11	602	681	321	0	0	0	0	367	761	0	31	0	0	
160.000000	721	737	464	651	3	113	9	621	721	318	0	0	0	0	406	782	0	31	0	0	
170.000000	742	730	482	667	3	104	8	652	760	312	0	0	0	0	429	805	0	24	0	0	
180.000000	762	753	526	708	3	87	8	643	788	294	0	0	0	0	475	806	0	22	0	0	
190.000000	785	767	538	724	3	81	7	681	807	287	0	0	0	0	508	826	0	20	0	0	
200.000000	820	795	569	735	3	75	6	719	819	267	0	0	0	0	522	824	0	20	0	0	
210.000000	855	808	598	744	3	68	6	707	833	254	0	0	0	0	553	839	0	18	0	0	
220.000000	852	802	616	749	3	59	6	741	859	234	0	0	0	0	583	858	0	15	0	0	
230.000000	874	813	639	756	3	53	6	757	882	219	0	0	0	0	618	867	0	15	0	0	
240.000000	899	820	659	805	3	47	6	779	907	206	0	0	0	0	641	895	0	14	0	0	
250.000000	884	834	683	804	3	43	6	798	900	192	0	0	0	0	685	903	0	13	0	0	
260.000000	907	865	708	820	3	42	5	796	904	177	0	0	0	0	711	896	0	13	0	0	
270.000000	916	857	728	828	3	40	6	799	933	163	0	0	0	0	745	899	0	11	0	0	
280.000000	916	869	745	837	2	36	6	818	948	154	0	0	0	0	769	911	0	11	0	0	
290.000000	911	857	766	872	1	34	6	833	943	146	0	0	0	0	778	917	0	8	0	0	
300.000000	947	846	803	899	1	31	6	843	943	139	0	0	0	0	800	914	0	8	0	0	
310.000000	956	850	822	925	0	29	6	855	950	124	0	0	0	0	833	924	0	7	0	0	
320.000000	979	880	834	947	0	27	5	871	970	116	0	0	0	0	823	923	0	8	0	0	
330.000000	995	895	829	942	0	21	5	880	973	113	0	0	0	0	824	934	0	7	0	0	
340.000000	997	899	835	937	0	19	5	885	965	102	0	0	0	0	850	949	0	7	0	0	
350.000000	994	903	833	935	0	16	5	882	969	96	0	0	0	0	875	949	0	7	0	0	
360.000000	986	905	851	933	0	14	5	914	992	86	0	0	0	0	893	948	0	7	0	0	
370.000000	990	921	838	921	0	14	4	911	971	80	0	0	0	0	888	947	0	6	0	0	
380.000000	977	900	850	922	0	13	4	899	972	76	0	0	0	0	879	932	0	6	0	0	
390.000000	967	906	875	904	0	13	3	881	962	74	0	0	0	0	884	939	0	7	0	0	
400.000000	968	918	896	913	0	11	2	886	957	65	0	0	0	0	904	929	0	7	0	0	
410.000000	966	940	901	930	0	10	2	883	952	61	0	0	0	0	917	923	0	7	0	0	
420.000000	973	955	909	928	0	9	2	908	966	57	0	0	0	0	929	927	0	7	0	0	
430.000000	962	952	904	943	0	8	2	927	964	54	0	0	0	0	918	913	0	7	0	0	
440.000000	944	931	923	947	0	8	2	932	969	52	0	0	0	0	915	917	0	9	0	0	
450.000000	965	937	941	943	70	7	0	938	969	52	0	0	0	0	930	931	0	6	0	0	
460.000000	962	927	941	953	159	6	0	934	972	46	0	0	0	0	952	938	0	6	0	0	
470.000000	985	925	975	935	252	6	0	909	969	41	0	0	0	0	957	949	0	6	0	0	
480.000000	1012	932	997	960	308	6	0	932	988	41	0	0	0	0	947	965	0	6	0	0	
490.000000	1025	952	1001	990	353	5	0	939	964	36	0	0	0	0	969	988	0	5	0	0	
500.000000	1022	957	975	992	401	4	0	948	956	30	0	0	0	0	984	988	0	5	0	0	
510.000000	1001	934	974	1001	470	4	0	951	983	31	0	0	0	0	988	974	0	5	0	0	
520.000000	1014	940	968	1029	509	4	0	945	975	29	0	0	0	0	994	993	0	3	0	0	
530.000000	1012	937	982	1036	571	5	0	964	968	29	0	0	0	0	989	979	0	3	0	0	
540.000000	1017	934	1003	1050	599	5	0	972	951	28	0	0	0	0	1014	973	0	2	0	0	
550.000000	1017	956	1006	1042	634	4	0	975	953	25	0	0	0	0	1009	1007	0	2	0	0	
560.000000	1013	957	1018	1032	671	4	0	985	961	21	0	0	0	0	1025	1019	0	2	0	0	
570.000000	1013	976	1005	1023	702	5	0	969	965	20	0	0	0	0	1026	1007	0	1	0	0	
580.000000	995	975	1005	1021	726	4	0	950	962	15	0	0	0	0	1029	1004	0	1	0	0	
590.000000	1000	988	1006	1029	757	4	0	957	976	15	0	0	0	0	1036	1011	0	2	0	0	
600.000000	1008	986	1020	1041	764	4	0	954	980	13	0	0	0	0	1019	996	0	2	0	0	
610.000000	995	978	1007	1025	805	3	0	945	981	13	0	0	0	0	1010	1007	0	3	0	0	
620.000000	1002	979	999	994	814	3	0	958	982	9	0	0	0	0	1006	1007	0	3	0	0	
630.000000	1011	976	995	1004	830	3	0	980	983	8	0	0	0	0	1006	997	0	2	0	0	
640.000000	1017	980	995	985	855	4	0	987	983	6	0	0	0	0	1004	981	0	2	0	0	
650.000000	1007	980	1001	985	871	4	0	989	988	6	0	0	0	0	1003	961	0	1	0	0	
660.000000	988	989	1015	981	870	2	0	985	982	6	0	0	0	0	995	959	0	1	0	0	
670.000000	992	993	1026	978	914	2	0	995	975	7	0	0	0	0	979	958	0	1	0	0	
680.000000	975	995	1023	977	926	2	0	1000	994	5	0	0	0	0	981	972	0	1	0	0	
690.000000	1002	1003	1018	992	909	1	0	996	1000	4	0	0	0	0	992	971	0	2	0	0	
700.000000	989	1021	998	988	930	1	0	996	1014	4	0	0	0	0	980	954	0	2	0	0	
710.000000	987	1009	978	994	935	2	0	999	1020	4	0	0	0	0	994	946	0	2	0	0	
720.000000	962	985	979	992	938	2	0	996	1003	4	0	0	0	0	1004	950	0	2	0	0	
730.000000	963	982	984	987	953	3	0	982	1008	4	0	0	0	0	1005	965	0	2	0	0	
740.000000	965	986	981	973	970	3	0	982	1021	4	0	0	0	0	993	958	0	1	0	0	
750.000000	971	974	980	986	976	3	0	987	1032	3	0	0	0	0	1027	974	0	1	0	0	
760.000000	974	962	970	995	1001	2	0	977	1036	3	0	0	0	0	1033	964	0	1	0	0	
770.000000	980	970	962	975	998	2	0	941	1043	3	0	0	0	0	1046	970	0	2	0	0	
780.000000	994	973	953	992	1002	2	0	936	1040	3	0	0	0	0	1032	989	0	3	0	0	
790.000000	982	980	949	994	1004	2	0	948	1029	3	0	0	0	0	1040	983	0	4	0	0	
800.000000	974	996	938	979	1023	1	0	973	1041	2	0	0	0	0	1046	983	0	4	0	0	
810.000000	963	1001	948	982	1017	1	0	966	1072	2	0	0	0	0	1075	982	0	4	0	0	
820.000000	965	980	945	993	1010	1	0	985	1073	2	0	0	0	0	1065	966	0	4	0	0	
830.000000	957	984	973	1016	1004	1	0	998	1072	1	0	0	0	0	1052	978	0	4	0	0	
840.000000	948	984	954	1022	1022	0	0	995	1067	2	0	0	0	0	1034	956	0	4	0	0	
850.000000	962	1007	955	1003	1027	1	0	979	1065	2	0	0	0	0	1038	974	0	4	0	0	
860.000000	977	1013	960	1001	1044	1	0	965	1070	3	0	0	0	0	1019	968	0	3	0	0	
870.000000	988	1009	972	983	1056	1	0	982	1049	2	0	0	0	0	998	967	0	3	0	0	
880.000000	980	1017	977	990	1013	1	0	979	1067	2	0	0	0	0	981	995	0	3	0	0	
890.000000	977	1030	967	994	1034	2	0	969	1046	3	0	0	0	0	971	986	0	3	0	0	
900.000000	966	1044	980	992	1026	1	0	946	1048	3	0	0	0	0	974	973	0	2	0	0	
910.000000	961	1037	970	975	1000	1	0	962	1048	4	0	0	0	0	978	987	0	2	0	0	
920.000000	961	1038	977	985	1002	1	0	986	1033	3	0	0	0	0	956	991	0	2	0	0	
930.000000	955	1035	980	991	981	1	0	972	1020	3	0	0	0	0	948	989	0	1	0	0	
940.000000	976	1027	967	981	991	1	0	988	997	1	0	0	0	0	950	956	0	1	0	0	
950.000000	1001	1029	984	1011	982	1	0	979	982	1	0	0	0	0	944	939	0	0	0	0	
960.000000	997	1043	973	1009	984	1	0	1003	987	1	0	0	0	0	955	956	0	0	0	0	
970.000000	994	1024	971	1012	1004	1	0	1012	981	1	0	0	0	0	975	958	0	0	0	0	
980.000000	1003	1009	983	1026	995	1	0	1001	1019	1	0	0	0	0	957	976	0	0	0	0	
990.000000	1002	1013	978	1034	1019	1	0	1022	1016	1	0	0	0	0	937	968	0	0	0	0	
1000.000000	995	1012	989	1016	1051	1	0	1022	1016	1	0	0	0	0	955	964	0	0	0	0	
1010.000000	991	1017	977	1023	1045	0	0	1014	1002	1	0	0	0	0	964	984	0	0	0	0	
1020.000000	989	1019	980	1036	1043	0	0	998	1004	1	0	0	0	0	954	966	0	0	0	0	
1030.000000	977	1014	983	1034	1027	0	0	1009	1002	1	0	0	0	0	989	956	0	0	0	0	
1040.000000	976	1030	970	1036	1025	0	0	1015	993	1	0	0	0	0	987	949	0	0	0	0	
1050.000000	972	1015	958	1045	1025	0	0	1011	991	1	0	0	0	0	992	963	0	1	0	0	
1060.000000	968	1015	966	1026	941	0	1	1023	985	1	0	0	0	0	999	973	0	1	0	0	
1070.000000	978	1008	966	1036	850	0	1	1020	997	1	0	0	0	0	1000	979	0	2	0	0	
1080.000000	985	1022	970	1048	769	0	2	1027	995	1	0	0	0	0	995	980	0	3	0	0	
1090.000000	1011	1009	989	1024	708	2	2	1030	998	2	0	0	0	0	980	957	0	3	0	0	
1100.000000	1011	987	975	1019	654	2	2	1015	986	1	0	0	0	0	977	955	0	4	0	0	
1110.000000	999	1002	998	1021	603	3	2	1020	977	2	0	0	0	0	964	980	0	4	0	0	
1120.000000	1001	985	1005	1034	548	3	2	1029	973	4	0	0	0	0	964	977	0	4	0	0	
1130.000000	1011	962	1014	1025	499	3	2	1023	963	4	0	0	0	0	953	980	0	4	0	0	
1140.000000	1000	982	1012	1039	450	3	2	1007	982	5	0	0	0	0	966	986	0	5	0	0	
1150.000000	985	971	1019	1021	392	2	2	1014	986	7	0	0	0	0	950	999	0	5	0	0	
1160.000000	995	953	1027	1001	359	3	2	1003	996	7	0	0	0	0	928	1018	0	5	0	0	
1170.000000	995	952	1011	1010	330	5	2	988	1000	8	0	0	0	0	938	1013	0	4	0	0	
1180.000000	1008	943	980	1001	301	6	2	987	997	9	0	0	0	0	935	1005	0	4	0	0	
1190.000000	985	972	984	1011	272	6	2	987	1001	10	0	0	0	0	945	997	0	4	0	0	
1200.000000	984	978	1011	1018	246	7	2	974	1017	10	0	0	0	0	948	980	0	3	0	0	
1210.000000	977	983	1021	1022	220	7	2	976	988	8	0	0	0	0	950	968	0	2	0	0	
1220.000000	981	982	1004	1018	200	7	1	993	985	8	0	0	0	0	943	1003	0	2	0	0	
1230.000000	976	992	988	1019	187	7	1	980	974	7	0	0	0	0	937	997	0	2	0	0	
1240.000000	982	997	993	1007	175	7	1	976	977	6	0	0	0	0	923	1004	0	1	0	0	
1250.000000	985	994	995	988	160	6	1	964	969	6	0	0	0	0	937	996	0	1	0	0	
1260.000000	995	1023	996	1002	132	6	1	963	969	6	0	0	0	0	959	1001	0	0	0	0	
1270.000000	1002	1045	1001	992	119	6	1	961	971	6	0	0	0	0	968	1014	0	1	0	0	
1280.000000	989	1016	1012	994	107	6	1	965	978	5	0	0	0	0	963	1023	0	1	0	0	
1290.000000	1013	1012	1022	998	99	5	1	956	987	5	0	0	0	0	967	1039	0	1	0	0	
1300.000000	1008	1020	1012	1008	104	5	0	950	987	5	0	0	0	0	960	1044	0	0	0	0	
1310.000000	991	1041	1025	1013	182	4	0	981	1000	5	0	0	0	0	960	1049	0	0	0	0	
1320.000000	987	1051	1033	1003	255	5	0	996	1027	5	0	0	0	0	970	1048	0	0	0	0	
1330.000000	985	1043	1026	1008	324	6	0	999	1017	5	0	0	0	0	964	1059	0	0	0	0	
1340.000000	976	1050	1031	1004	395	6	0	1012	1015	5	0	0	0	0	958	1060	0	1	0	0	
1350.000000	986	1032	1036	995	483	6	0	1012	988	4	0	0	0	0	959	1038	0	2	0	0	
1360.000000	979	1040	1009	1000	513	6	0	1016	985	4	0	0	0	0	937	1032	0	2	0	0	
1370.000000	983	1058	1025	979	580	5	0	1010	993	3	0	0	0	0	969	1038	0	2	0	0	
1380.000000	973	1039	1009	974	593	5	0	1002	979	3	0	0	0	0	947	1022	0	1	0	0	
1390.000000	978	1032	1013	964	634	5	0	994	993	1	0	0	0	0	942	1011	0	1	0	0	
1400.000000	989	1017	1022	971	653	6	0	987	972	2	0	0	0	0	937	1031	0	1	0	0	
1410.000000	1003	1013	1051	965	692	5	0	993	964	2	0	0	0	0	948	1017	0	0	0	0	
1420.000000	1027	1010	1041	962	736	5	0	1010	967	2	0	0	0	0	962	1030	0	0	0	0	
1430.000000	1038	1006	1045	950	765	5	0	1014	965	2	0	0	0	0	981	1050	0	1	0	0	
1440.000000	1027	1014	1040	952	809	4	0	1012	973	2	0	0	0	0	987	1072	0	2	0	0	
1450.000000	1031	1015	1040	941	822	4	0	1016	979	2	0	0	0	0	980	1063	0	2	0	0	
1460.000000	1012	1027	1031	961	848	4	0	1020	1003	2	0	0	0	0	980	1070	0	2	0	0	
1470.000000	1017	1029	1034	964	883	4	0	1035	1015	2	0	0	0	0	983	1072	0	2	0	0	
1480.000000	1016	1017	1032	943	905	4	0	1029	1022	2	0	0	0	0	1002	1072	0	2	0	0	
1490.000000	1017	1020	1039	965	897	5	0	1013	1026	2	0	0	0	0	1004	1070	0	2	0	0	
1500.000000	1008	1005	1040	974	925	5	0	1003	1034	1	0	0	0	0	999	1045	0	2	0	0	
1510.000000	1008	1018	1026	974	954	5	0	1025	1044	1	0	0	0	0	1012	1030	0	2	0	0	
1520.000000	992	1023	1021	973	914	5	0	1033	1052	1	0	0	0	0	972	1023	0	1	0	0	
1530.000000	1004	1010	1024	958	917	4	0	1034	1066	1	0	0	0	0	947	1048	0	1	0	0	
1540.000000	1018	1007	1041	944	892	3	0	1053	1061	1	0	0	0	0	966	1038	0	1	0	0	
1550.000000	1024	1008	1039	946	898	2	0	1054	1074	2	0	0	0	0	958	1039	0	1	0	0	
1560.000000	1024	1003	1046	958	890	2	0	1077	1044	2	0	0	0	0	972	1034	0	1	0	0	
1570.000000	1025	988	1078	964	880	2	0	1042	1046	2	0	0	0	0	996	1026	0	1	0	0	
1580.000000	1020	984	1061	973	894	4	0	1064	1042	2	0	0	0	0	1002	1021	0	1	0	0	
1590.000000	1034	973	1064	978	931	4	0	1095	1035	1	0	0	0	0	992	1028	0	2	0	0	
1600.000000	1004	985	1084	980	953	3	0	1088	1038	0	0	0	0	0	986	1037	0	2	0	0	
1610.000000	991	960	1087	964	954	3	0	1082	1041	0	0	0	0	0	1003	1032	0	1	0	0	
1620.000000	990	988	1075	989	969	3	0	1073	1038	0	0	0	0	0	990	1031	0	1	0	0	
1630.000000	998	1004	1067	981	983	3	0	1067	1024	0	0	0	0	0	987	1047	0	1	0	0	
1640.000000	990	1026	1045	969	988	3	0	1009	1016	0	0	0	0	0	970	1019	0	1	0	0	
1650.000000	989	1036	1055	964	958	4	0	997	1022	0	0	0	0	0	941	1033	0	1	0	0	
1660.000000	1007	1037	1043	969	943	4	0	996	984	0	0	0	0	0	929	1029	0	1	0	0	
1670.000000	1017	1028	1028	961	948	1	0	983	966	0	0	0	0	0	925	1056	0	1	0	0	
1680.000000	994	1011	1027	942	958	1	0	979	964	0	0	0	0	0	930	1044	0	0	0	0	
1690.000000	996	1003	1036	949	958	1	0	980	968	0	0	0	0	0	944	1038	0	0	0	0	
1700.000000	988	975	1032	946	951	1	0	972	996	0	0	0	0	0	953	1049	0	1	0	0	
1710.000000	972	995	1022	939	945	1	0	986	1010	0	0	0	0	0	956	1041	0	1	0	0	
1720.000000	963	997	1011	941	954	1	0	991	1009	0	0	0	0	0	959	1034	0	1	0	0	
1730.000000	952	1000	1013	954	969	1	0	998	1008	0	0	0	0	0	968	1057	0	0	0	0	
1740.000000	961	992	1008	953	974	1	0	976	994	0	0	0	0	0	972	1033	0	0	0	0	
1750.000000	979	989	1033	951	982	1	0	983	998	0	0	0	0	0	970	1047	0	0	0	0	
1760.000000	977	967	1035	952	962	1	0	993	999	0	0	0	0	0	992	1043	0	0	0	0	
1770.000000	995	970	1044	953	983	1	0	1009	978	0	0	0	0	0	1002	1054	0	0	0	0	
1780.000000	998	997	1039	980	976	1	0	1020	987	0	0	0	0	0	1005	1050	0	0	0	0	
1790.000000	996	981	1017	1010	989	1	0	1028	1004	0	0	0	0	0	981	1049	0	0	0	0	
1800.000000	1009	960	1026	1009	969	1	0	1032	999	0	0	0	0	0	981	1046	0	0	0	0	
1810.000000	1014	956	1017	1018	994	1	0	1024	990	0	0	0	0	0	982	1056	0	0	0	0	
1820.000000	1005	962	1028	1017	994	2	0	1014	971	0	0	0	0	0	985	1065	0	0	0	0	
1830.000000	1000	945	1018	1030	981	3	0	1023	987	0	0	0	0	0	1003	1060	0	0	0	0	
1840.000000	999	949	1013	1018	1012	4	0	1031	1001	0	0	0	0	0	983	1060	0	0	0	0	
1850.000000	1002	961	1014	1058	999	5	0	1026	995	0	0	0	0	0	992	1034	0	0	0	0	
1860.000000	979	969	1024	1039	998	5	0	1033	984	0	0	0	0	0	988	1015	0	0	0	0	
1870.000000	981	976	1038	1023	983	6	0	1046	981	0	0	0	0	0	990	1033	0	0	0	0	
1880.000000	1000	955	1063	1012	961	4	0	1046	966	0	0	0	0	0	966	1020	0	0	0	0	
1890.000000	998	962	1062	1021	949	4	0	1040	938	0	0	0	0	0	976	1012	0	0	0	0	
1900.000000	1010	975	1059	1015	975	3	0	1012	936	0	0	0	0	0	990	998	0	0	0	0	
1910.000000	1028	972	1027	999	972	2	0	1025	925	0	0	0	0	0	971	983	0	0	0	0	
1920.000000	1033	981	1029	983	966	2	0	1042	953	0	0	0	0	0	956	990	0	0	0	0	
1930.000000	1015	989	1026	994	965	2	0	1027	952	0	0	0	0	0	976	976	0	0	0	0	
1940.000000	1036	984	1058	989	951	2	0	1045	970	0	0	0	0	0	986	963	0	0	0	0	
1950.000000	1022	980	1068	999	945	2	0	1030	968	0	0	0	0	0	979	993	0	0	0	0	
1960.000000	1009	978	1067	1015	955	3	0	1042	967	0	0	0	0	0	991	999	0	1	0	0	
1970.000000	990	966	1069	1041	938	3	0	1025	973	0	0	0	0	0	1001	1003	0	1	0	0	
1980.000000	1010	995	1060	1021	934	3	0	1053	985	0	0	0	0	0	1000	1002	0	1	0	0	
1990.000000	1024	1000	1052	1019	902	3	0	1065	967	0	0	0	0	0	974	986	0	2	0	0	
2000.000000	1039	988	1052	1015	904	3	0	1061	984	2	0	0	0	0	948	978	0	2	0	0	
2010.000000	1039	964	1042	1009	901	3	0	1057	973	2	0	0	0	0	964	981	0	2	0	0	
2020.000000	1022	949	1062	1010	910	3	0	1071	965	2	0	0	0	0	966	974	0	2	0	0	
2030.000000	1021	951	1049	1004	905	3	0	1086	972	2	0	0	0	0	959	974	0	2	0	0	
2040.000000	1007	946	1045	980	919	4	0	1092	985	2	0	0	0	0	953	977	0	2	0	0	
2050.000000	1027	934	1029	962	932	3	0	1083	972	2	0	0	0	0	967	989	0	1	0	0	
2060.000000	1041	941	1041	956	948	3	0	1083	965	1	0	0	0	0	962	986	0	1	0	0	
2070.000000	1036	949	1045	951	965	3	0	1076	979	1	0	0	0	0	968	1004	0	1	0	0	
2080.000000	1022	943	1031	972	945	3	0	1070	973	1	0	0	0	0	951	981	0	2	0	0	
2090.000000	1037	941	1022	995	947	3	0	1075	964	1	0	0	0	0	967	1018	0	2	0	0	
2100.000000	1036	966	1024	984	954	3	0	1073	962	1	0	0	0	0	973	1037	0	2	0	0	
2110.000000	1033	980	1022	978	919	5	0	1067	965	1	0	0	0	0	996	1049	0	2	0	0	
2120.000000	1043	976	991	971	932	7	0	1054	996	1	0	0	0	0	987	1043	0	2	0	0	
2130.000000	1054	973	985	981	939	7	0	1052	1017	1	0	0	0	0	1003	1049	0	3	0	0	
2140.000000	1039	955	1005	966	944	7	0	1056	987	1	0	0	0	0	1009	1034	0	3	0	0	
2150.000000	1031	929	998	975	952	7	0	1036	1002	1	0	0	0	0	996	1049	0	5	0	0	
2160.000000	1031	928	997	987	961	7	0	1023	1013	1	0	0	0	0	1004	1044	0	4	0	0	
2170.000000	1005	942	991	997	958	6	0	1015	1018	2	0	0	0	0	983	1044	0	3	0	0	
2180.000000	990	932	979	1004	961	5	0	1029	1008	2	0	0	0	0	967	1030	0	3	0	0	
2190.000000	1010	927	971	998	952	5	0	1036	996	1	0	0	0	0	960	1043	0	2	0	0	
2200.000000	1027	952	992	980	938	5	0	1034	987	1	0	0	0	0	982	1027	0	2	0	0	
2210.000000	1035	958	977	1005	925	4	0	1046	974	0	0	0	0	0	982	1047	0	2	0	0	
2220.000000	1023	986	987	1007	931	4	0	1040	991	1	0	0	0	0	1012	1053	0	2	0	0	
2230.000000	1038	999	990	994	938	4	0	1020	985	1	0	0	0	0	1012	1050	0	2	0	0	
2240.000000	1049	988	988	977	925	3	0	1034	966	1	0	0	0	0	987	1036	0	1	0	0	
2250.000000	1043	991	985	986	920	4	0	1031	969	0	0	0	0	0	975	1044	0	0	0	0	
2260.000000	1042	974	951	1006	940	3	0	1015	992	0	0	0	0	0	973	1057	0	0	0	0	
2270.000000	1035	967	950	999	944	1	0	1009	998	0	0	0	0	0	968	1047	0	0	0	0	
2280.000000	1023	939	936	987	956	2	0	1003	1004	0	0	0	0	0	955	1037	0	0	0	0	
2290.000000	1010	954	923	974	953	2	0	995	1007	0	0	0	0	0	954	1034	0	0	0	0	
2300.000000	1003	965	941	978	963	2	0	998	992	0	0	0	0	0	948	1017	0	0	0	0	
2310.000000	989	949	942	990	962	0	0	977	997	0	0	0	0	0	954	1006	0	1	0	0	
2320.000000	1000	937	946	990	991	1	0	992	981	0	0	0	0	0	963	1012	0	1	0	0	
2330.000000	1013	945	960	966	1008	1	0	1005	993	0	0	0	0	0	945	1001	0	1	0	0	
2340.000000	1013	939	951	956	989	3	0	1003	995	0	0	0	0	0	935	999	0	0	0	0	
2350.000000	1021	977	968	963	986	3	0	989	978	0	0	0	0	0	933	992	0	0	0	0	
2360.000000	1009	962	987	991	970	4	0	997	981	0	0	0	0	0	941	1007	0	2	0	0	
2370.000000	1024	975	995	997	981	3	0	985	947	0	0	0	0	0	943	995	0	2	0	0	
2380.000000	1022	984	1016	1015	1002	4	0	1003	959	0	0	0	0	0	944	1005	0	1	0	0	
2390.000000	1002	984	1021	1032	1011	3	0	984	952	0	0	0	0	0	932	1018	0	1	0	0	
2400.000000	1016	993	1035	1044	998	3	0	978	953	0	0	0	0	0	961	1034	0	1	0	0	
2410.000000	1012	998	1024	1038	1002	3	0	954	944	0	0	0	0	0	979	1052	0	1	0	0	
2420.000000	1018	1022	997	1021	999	2	0	947	931	0	0	0	0	0	960	1044	0	2	0	0	
2430.000000	1034	1036	989	1028	991	2	0	948	954	0	0	0	0	0	962	1035	0	2	0	0	
2440.000000	1022	1021	980	1005	993	2	0	933	950	0	0	0	0	0	968	1028	0	2	0	0	
2450.000000	1028	1023	973	995	988	3	0	946	948	1	0	0	0	0	965	1024	0	2	0	0	
2460.000000	1042	1018	950	996	983	3	0	959	959	1	0	0	0	0	985	1020	0	3	0	0	
2470.000000	1018	1004	959	1009	971	3	0	958	965	1	0	0	0	0	993	994	0	3	0	0	
2480.000000	1017	995	939	974	974	3	0	954	976	2	0	0	0	0	1015	988	0	3	0	0	
2490.000000	1021	985	927	968	975	3	0	984	991	3	0	0	0	0	992	1004	0	3	0	0	
2500.000000	1048	978	931	973	983	3	0	997	1003	3	0	0	0	0	1003	997	0	3	0	0	
2510.000000	1033	993	937	976	983	3	0	998	999	3	0	0	0	0	998	992	0	3	0	0	
2520.000000	1027	1003	947	968	977	3	0	988	1004	2	0	0	0	0	1015	982	0	3	0	0	
2530.000000	1039	1019	958	954	982	3	0	989	1027	2	0	0	0	0	1010	996	0	3	0	0	
2540.000000	1028	1014	952	960	980	3	0	1005	1021	2	0	0	0	0	1014	984	0	3	0	0	
2550.000000	1052	1012	948	969	974	3	0	1004	1028	2	0	0	0	0	1013	1010	0	3	0	0	
2560.000000	1049	1037	950	978	961	3	0	996	1018	2	0	0	0	0	1015	1032	0	3	0	0	
2570.000000	1057	1002	978	994	972	3	0	972	1047	2	0	0	0	0	1014	1038	0	3	0	0	
2580.000000	1055	1018	989	989	971	2	0	976	1034	1	0	0	0	0	1035	1039	0	3	0	0	
2590.000000	1053	987	990	1005	965	2	0	963	1005	3	0	0	0	0	1016	1032	0	3	0	0	
2600.000000	1065	1008	983	1006	967	3	0	954	1007	3	0	0	0	0	1018	1035	0	3	0	0	
2610.000000	1070	1003	957	998	961	3	0	958	988	3	0	0	0	0	1038	1012	0	3	0	0	
2620.000000	1045	1029	962	999	948	3	0	976	994	3	0	0	0	0	1038	1015	0	3	0	0	
2630.000000	1047	1038	970	1008	963	3	0	998	977	4	0	0	0	0	1047	1009	0	3	0	0	
2640.000000	1058	1023	959	988	942	2	0	1017	974	4	0	0	0	0	1030	1016	0	3	0	0	
2650.000000	1052	1015	965	973	940	1	0	996	955	4	0	0	0	0	1011	1011	0	3	0	0	
2660.000000	1058	1019	948	970	948	1	0	1004	948	4	0	0	0	0	1001	983	0	3	0	0	
2670.000000	1041	1002	940	952	943	1	0	1000	928	4	0	0	0	0	1008	983	0	3	0	0	
2680.000000	1035	1014	964	934	962	1	0	1018	941	4	0	0	0	0	1015	962	0	3	0	0	
2690.000000	1033	994	964	956	952	1	0	1001	935	3	0	0	0	0	1014	957	0	2	0	0	
2700.000000	1034	1007	950	980	954	1	0	992	916	3	0	0	0	0	1013	977	0	3	0	0	
2710.000000	1039	992	944	1008	973	0	0	995	913	5	0	0	0	0	1000	1000	0	3	0	0	
2720.000000	1042	1001	948	1030	977	0	0	1017	927	6	0	0	0	0	1009	984	0	3	0	0	
2730.000000	1035	999	947	1049	985	0	0	1021	935	6	0	0	0	0	1018	999	0	3	0	0	
2740.000000	1039	1001	983	1051	981	0	0	1041	940	6	0	0	0	0	1001	1020	0	3	0	0	
2750.000000	1043	1017	984	1076	972	0	0	1039	974	4	0	0	0	0	1007	1032	0	4	0	0	
2760.000000	1032	997	982	1058	996	0	0	1021	974	4	0	0	0	0	1017	1023	0	3	0	0	
2770.000000	1029	1011	991	1024	997	0	0	1010	983	4	0	0	0	0	989	1018	0	3	0	0	
2780.000000	1033	991	987	1025	996	0	0	1007	990	5	0	0	0	0	969	1024	0	4	0	0	
2790.000000	1034	994	991	1026	979	0	2	1013	1011	5	0	0	0	0	990	1025	0	4	0	0	
2800.000000	1066	992	981	1034	881	0	2	1009	1014	5	0	0	0	0	992	1018	0	4	0	0	
2810.000000	1052	984	978	1053	806	0	2	1002	1023	6	0	0	0	0	990	1018	0	4	0	0	
2820.000000	1016	988	996	1056	727	0	2	1014	1023	8	0	0	0	0	975	1001	0	6	0	0	
2830.000000	1011	996	985	1051	666	0	2	1018	1038	9	0	0	0	0	972	1017	0	7	0	0	
2840.000000	1027	1005	958	1058	617	1	2	1002	1019	9	0	0	0	0	949	1012	0	7	0	0	
2850.000000	1033	973	958	1046	554	1	2	1014	1040	9	0	0	0	0	928	986	0	6	0	0	
2860.000000	1025	980	965	1044	499	1	2	1004	1028	10	0	0	0	0	940	987	0	4	0	0	
2870.000000	1027	990	995	1040	462	2	1	994	1015	10	0	0	0	0	940	992	0	5	0	0	
2880.000000	1034	985	966	1020	424	1	1	1012	1015	10	0	0	0	0	933	1012	0	5	0	0	
2890.000000	1062	994	954	1014	378	2	1	1020	1041	9	0	0	0	0	947	1001	0	5	0	0	
2900.000000	1057	1004	969	1008	338	3	1	1013	1033	10	0	0	0	0	958	1019	0	5	0	0	
2910.000000	1067	1010	968	1001	307	3	1	1022	1038	9	0	0	0	0	977	1017	0	4	0	0	
2920.000000	1062	1028	954	995	278	2	1	1035	1032	7	0	0	0	0	988	1017	0	4	0	0	
2930.000000	1038	1023	970	1029	332	2	0	1037	1044	6	0	0	0	0	1001	1004	0	4	0	0	
2940.000000	1071	1013	965	1035	404	1	0	1038	1038	6	0	0	0	0	1011	1030	0	4	0	0	
2950.000000	1045	1000	969	1026	455	1	0	1035	1032	6	0	0	0	0	1024	1023	0	2	0	0	
2960.000000	1053	991	968	1029	496	1	0	1019	1028	5	0	0	0	0	1026	1046	0	2	0	0	
2970.000000	1035	991	979	1019	536	1	0	991	1022	4	0	0	0	0	1042	1030	0	2	0	0	
2980.000000	1034	1002	994	1013	590	2	0	993	1033	4	0	0	0	0	1048	1020	0	2	0	0	
2990.000000	1056	984	1018	994	636	2	0	987	1044	7	0	0	0	0	1059	1029	0	3	0	0	
3000.000000	1062	994	995	991	663	2	0	985	1034	6	0	0	0	0	1077	1008	0	2	0	0	
3010.000000	1066	997	1014	987	678	2	0	982	1041	6	0	0	0	0	1063	1017	0	2	0	0	
3020.000000	1041	1002	1013	998	692	1	0	990	1049	6	0	0	0	0	1075	1034	0	1	0	0	
3030.000000	1061	985	1019	1005	726	1	0	993	1016	6	0	0	0	0	1075	1051	0	1	0	0	
3040.000000	1045	1002	1028	1001	755	1	0	996	1023	6	0	0	0	0	1071	1047	0	1	0	0	
3050.000000	1043	1000	1038	1005	773	2	0	1004	1028	6	0	0	0	0	1062	1040	0	1	0	0	
3060.000000	1034	991	1025	1006	785	1	0	1026	1027	6	0	0	0	0	1058	1031	0	2	0	0	
3070.000000	1028	1007	1031	1003	810	1	0	1043	1017	5	0	0	0	0	1043	1058	0	1	0	0	
3080.000000	999	1002	1045	1027	821	1	0	1014	1028	5	0	0	0	0	1052	1052	0	3	0	0	
3090.000000	1012	1020	1071	1014	873	1	0	992	1020	3	0	0	0	0	1053	1062	0	6	0	0	
3100.000000	1008	1040	1056	1047	916	1	0	987	1026	5	0	0	0	0	1066	1062	0	4	0	0	
3110.000000	1035	1046	1084	1047	889	1	0	979	998	4	0	0	0	0	1069	1043	0	3	0	0	
3120.000000	1037	1040	1044	1037	890	1	0	977	988	3	0	0	0	0	1086	1017	0	3	0	0	
3130.000000	1057	1039	1022	1029	910	1	0	981	994	3	0	0	0	0	1069	1012	0	3	0	0	
3140.000000	1024	1011	993	1040	887	0	0	1018	1014	4	0	0	0	0	1069	1012	0	3	0	0	
3150.000000	1018	1016	1002	1067	911	2	0	1026	1033	3	0	0	0	0	1057	1014	0	3	0	0	
3160.000000	996	1023	999	1036	936	2	0	1028	1046	3	0	0	0	0	1050	1013	0	4	0	0	
3170.000000	979	1021	1011	1017	939	2	0	1016	1029	4	0	0	0	0	1046	995	0	4	0	0	
3180.000000	981	1020	1022	1038	929	2	0	1016	1025	5	0	0	0	0	1085	963	0	3	0	0	
3190.000000	994	1030	1017	1040	929	2	0	1012	1019	4	0	0	0	0	1088	973	0	2	0	0	
3200.000000	1001	1013	1020	1030	917	2	0	1016	1012	4	0	0	0	0	1080	985	0	2	0	0	
3210.000000	1013	1028	1037	1021	949	2	0	1018	992	4	0	0	0	0	1083	984	0	1	0	0	
3220.000000	1025	1012	1042	1046	943	2	0	1015	964	4	0	0	0	0	1074	967	0	1	0	0	
3230.000000	1005	1001	1048	1040	957	3	0	1019	968	4	0	0	0	0	1065	945	0	2	0	0	
3240.000000	1014	971	1064	1037	960	3	0	1025	979	4	0	0	0	0	1071	952	0	2	0	0	
3250.000000	1037	973	1084	1042	960	3	0	1027	973	4	0	0	0	0	1043	979	0	2	0	0	
3260.000000	1045	966	1093	1052	982	2	0	1013	992	4	0	0	0	0	1046	974	0	2	0	0	
3270.000000	1034	987	1094	1064	959	3	0	1012	1003	4	0	0	0	0	1036	964	0	2	0	0	
3280.000000	1024	974	1088	1058	962	3	0	1020	1010	3	0	0	0	0	1036	955	0	2	0	0	
3290.000000	1017	977	1093	1039	975	3	0	1019	997	2	0	0	0	0	1002	961	0	2	0	0	
3300.000000	1035	971	1093	1025	968	3	0	1019	1014	1	0	0	0	0	1009	944	0	2	0	0	
3310.000000	1042	946	1090	1026	955	3	0	1006	1020	1	0	0	0	0	993	960	0	2	0	0	
3320.000000	1039	959	1069	1008	963	2	0	1014	1022	2	0	0	0	0	990	979	0	3	0	0	
3330.000000	1043	942	1035	982	987	2	0	1023	1041	2	0	0	0	0	988	981	0	3	0	0	
3340.000000	1061	964	1006	976	992	1	0	1022	1029	2	0	0	0	0	986	987	0	3	0	0	
3350.000000	1058	970	994	1002	987	1	0	998	1009	2	0	0	0	0	994	989	0	3	0	0	
3360.000000	1079	960	973	979	1001	2	0	994	996	3	0	0	0	0	989	1002	0	3	0	0	
3370.000000	1088	956	973	987	989	2	0	981	1005	3	0	0	0	0	1012	1017	0	4	0	0	
3380.000000	1060	947	979	988	983	2	0	981	1009	5	0	0	0	0	1017	1001	0	4	0	0	
3390.000000	1046	953	989	993	993	2	0	1004	1026	6	0	0	0	0	1027	999	0	3	0	0	
3400.000000	1028	964	978	981	1001	2	0	1023	1016	5	0	0	0	0	1030	978	0	3	0	0	
3410.000000	1018	978	980	996	1002	2	0	1043	994	4	0	0	0	0	1007	971	0	3	0	0	
3420.000000	1011	974	972	1005	1005	2	0	1035	997	4	0	0	0	0	1028	980	0	3	0	0	
3430.000000	998	981	935	1003	1004	2	0	1057	998	2	0	0	0	0	1045	1001	0	3	0	0	
3440.000000	998	979	932	1006	990	2	0	1048	999	2	0	0	0	0	1054	992	0	3	0	0	
3450.000000	998	999	957	1003	995	2	0	1019	993	3	0	0	0	0	1021	986	0	3	0	0	
3460.000000	988	996	972	1002	973	2	0	996	984	3	0	0	0	0	1038	986	0	3	0	0	
3470.000000	972	997	966	969	977	3	0	996	970	1	0	0	0	0	1041	987	0	3	0	0	
3480.000000	984	982	982	975	965	3	0	993	983	0	0	0	0	0	1030	985	0	3	0	0	
3490.000000	944	984	969	960	958	3	0	1003	1011	0	0	0	0	0	992	978	0	3	0	0	
3500.000000	947	981	966	954	963	3	0	1002	993	0	0	0	0	0	990	962	0	3	0	0	
3510.000000	960	1003	953	967	962	3	0	1015	986	1	0	0	0	0	1011	974	0	3	0	0	
3520.000000	957	1020	939	958	968	3	0	1008	984	1	0	0	0	0	1028	962	0	3	0	0	
3530.000000	956	1015	952	952	966	3	0	1002	987	1	0	0	0	0	1016	972	0	4	0	0	
3540.000000	983	1006	955	972	997	3	0	984	988	3	0	0	0	0	1018	972	0	4	0	0	
3550.000000	994	1015	969	976	996	3	0	1000	991	3	0	0	0	0	1036	963	0	5	0	0	
3560.000000	994	1008	961	973	987	3	0	990	992	3	0	0	0	0	1011	944	0	5	0	0	
3570.000000	994	1011	965	993	987	3	0	1000	1001	4	0	0	0	0	990	976	0	5	0	0	
3580.000000	1003	1001	980	999	1001	2	0	1001	1008	5	0	0	0	0	960	975	0	5	0	0	
3590.000000	1006	1005	995	1003	995	3	0	985	1012	4	0	0	0	0	979	970	0	5	0	0	
3600.000000	1013	1017	999	1023	983	4	0	974	1014	5	0	0	0	0	980	984	0	5	0	0	
3610.000000	1006	1017	1003	1015	985	4	0	961	1006	6	0	0	0	0	972	979	0	5	0	0	
3620.000000	987	1026	1001	991	1002	4	0	971	1033	6	0	0	0	0	959	971	0	5	0	0	
3630.000000	983	1011	1020	1007	996	4	0	974	1028	6	0	0	0	0	955	973	0	5	0	0	
3640.000000	984	981	1006	1003	1014	5	0	977	1023	5	0	0	0	0	941	982	0	5	0	0	
3650.000000	1010	1014	982	1010	1006	5	0	1004	1027	5	0	0	0	0	938	977	0	5	0	0	
3660.000000	1004	1020	1011	1000	1022	5	0	1013	1013	6	0	0	0	0	951	979	0	5	0	0	
3670.000000	1020	1033	1012	996	1021	5	0	1017	999	5	0	0	0	0	963	977	0	4	0	0	
3680.000000	1032	1036	1027	1000	1017	5	0	1011	1009	6	0	0	0	0	993	949	0	4	0	0	
3690.000000	1020	1018	1016	1000	1019	4	0	1000	996	5	0	0	0	0	989	966	0	4	0	0	
3700.000000	1028	993	1002	1004	1036	4	0	1000	1015	5	0	0	0	0	980	961	0	2	0	0	
3710.000000	1033	1002	999	996	1035	4	0	1039	1010	5	0	0	0	0	995	975	0	3	0	0	
3720.000000	1009	1002	1006	1002	1023	4	0	1052	1027	4	0	0	0	0	1001	971	0	3	0	0	
3730.000000	1019	1015	1015	1026	1044	6	0	1043	1010	4	0	0	0	0	1012	989	0	3	0	0	
3740.000000	1023	1004	1019	1019	1052	6	0	1027	1016	5	0	0	0	0	1004	978	0	2	0	0	
3750.000000	1039	992	1022	1036	1065	6	0	1024	1015	6	0	0	0	0	990	994	0	2	0	0	
3760.000000	1026	1024	1014	1003	1069	6	0	1028	1041	6	0	0	0	0	1003	983	0	2	0	0	
3770.000000	1047	1015	1029	1023	1068	6	0	1021	1032	6	0	0	0	0	1023	1014	0	2	0	0	
3780.000000	1049	1016	1035	1038	1055	4	0	1013	1029	5	0	0	0	0	1010	1033	0	1	0	0	
3790.000000	1049	1001	1021	1015	1058	4	0	1011	1026	5	0	0	0	0	1040	1029	0	2	0	0	
3800.000000	1036	1008	1029	993	1054	4	0	1005	1041	5	0	0	0	0	1053	994	0	2	0	0	
3810.000000	1057	1004	1045	993	1048	4	0	996	1058	5	0	0	0	0	1054	1012	0	2	0	0	
3820.000000	1072	1023	1020	998	1034	5	0	987	1051	4	0	0	0	0	1036	1010	0	2	0	0	
3830.000000	1070	1045	1022	992	1028	4	0	989	1050	4	0	0	0	0	1032	984	0	2	0	0	
3840.000000	1065	1025	1001	1012	1018	5	0	1010	1040	5	0	0	0	0	1006	973	0	3	0	0	
3850.000000	1076	1032	1017	1041	995	3	0	1050	1040	5	0	0	0	0	1004	979	0	3	0	0	
3860.000000	1066	1023	1015	1034	988	3	0	1013	1037	4	0	0	0	0	1011	961	0	4	0	0	
3870.000000	1056	1039	1005	1023	980	2	0	1043	1036	4	0	0	0	0	1009	998	0	4	0	0	
3880.000000	1063	1049	1026	1046	997	4	0	1030	1051	5	0	0	0	0	1053	986	0	4	0	0	
3890.000000	1088	1018	995	1047	1007	4	0	1045	1041	5	0	0	0	0	1055	978	0	4	0	0	
3900.000000	1083	1018	999	1061	998	4	0	1036	1036	6	0	0	0	0	1058	985	0	4	0	0	
3910.000000	1067	1016	997	1049	999	4	0	1035	1031	6	0	0	0	0	1033	1006	0	4	0	0	
3920.000000	1061	1030	987	1054	1008	4	0	1037	1042	5	0	0	0	0	1050	1014	0	4	0	0	
3930.000000	1058	1020	976	1082	1012	2	0	1019	1016	4	0	0	0	0	1066	996	0	4	0	0	
3940.000000	1065	1025	975	1084	1016	2	0	1007	1011	5	0	0	0	0	1059	984	0	4	0	0	
3950.000000	1038	1017	961	1091	1031	2	0	1004	991	4	0	0	0	0	1040	992	0	4	0	0	
3960.000000	1024	1014	959	1075	1007	1	0	1012	1004	6	0	0	0	0	1025	996	0	4	0	0	
3970.000000	1015	1030	967	1084	1002	2	0	1009	993	7	0	0	0	0	1037	1025	0	4	0	0	
3980.000000	1009	1044	984	1073	993	2	0	990	995	6	0	0	0	0	1023	1038	0	4	0	0	
3990.000000	1009	1077	1029	1082	968	2	0	1003	993	6	0	0	0	0	1021	1044	0	4	0	0	
4000.000000	1002	1093	1036	1055	950	2	0	993	1001	7	0	0	0	0	1013	1043	0	6	0	0	
4010.000000	1007	1063	1045	1052	958	2	0	996	992	6	0	0	0	0	1005	1057	0	7	0	0	
4020.000000	997	1042	1042	1050	960	2	0	1029	997	8	0	0	0	0	1015	1040	0	6	0	0	
4030.000000	995	1030	1033	1052	979	2	0	1023	1005	7	0	0	0	0	982	1042	0	5	0	0	
4040.000000	977	1009	1049	1046	974	2	0	1018	1005	7	0	0	0	0	986	1026	0	6	0	0	
4050.000000	985	1004	1052	1053	959	2	0	1028	1011	7	0	0	0	0	987	1044	0	6	0	0	
4060.000000	1003	1003	1043	1043	963	1	0	1000	1025	8	0	0	0	0	1006	1026	0	6	0	0	
4070.000000	1007	1011	1053	1051	952	0	0	1014	1034	8	0	0	0	0	996	1009	0	5	0	0	
4080.000000	1020	1015	1039	1045	957	0	0	1007	1035	8	0	0	0	0	984	989	0	4	0	0	
4090.000000	1038	1030	1025	1041	965	0	0	989	1041	8	0	0	0	0	1003	995	0	4	0	0	
4100.000000	1036	1021	1020	1047	966	0	0	984	1037	7	0	0	0	0	995	1013	0	5	0	0	
4110.000000	1034	1005	1003	1037	974	1	0	992	1043	6	0	0	0	0	981	1027	0	5	0	0	
4120.000000	1036	994	1010	1019	972	1	0	976	1034	6	0	0	0	0	973	1029	0	5	0	0	
4130.000000	1060	996	995	1016	994	1	0	992	1038	4	0	0	0	0	984	1017	0	4	0	0	
4140.000000	1050	986	1005	1025	979	1	0	995	1016	5	0	0	0	0	988	1017	0	4	0	0	
4150.000000	1048	1002	1009	1026	980	1	0	996	1029	4	0	0	0	0	1002	1011	0	3	0	0	
4160.000000	1049	1021	1005	1028	975	1	0	1021	1024	5	0	0	0	0	1017	1013	0	3	0	0	
4170.000000	1033	997	1003	1010	970	1	0	1018	994	4	0	0	0	0	1015	1026	0	3	0	0	
4180.000000	1020	991	1015	1018	986	1	0	1016	985	3	0	0	0	0	999	986	0	3	0	0	
4190.000000	1023	995	1004	1033	997	1	0	1005	972	3	0	0	0	0	1004	1000	0	3	0	0	
4200.000000	1027	990	981	1058	998	1	0	1004	977	4	0	0	0	0	1000	1010	0	4	0	0	
4210.000000	1047	1005	995	1062	991	1	0	1011	969	4	0	0	0	0	1004	990	0	4	0	0	
4220.000000	1040	1009	972	1051	975	3	0	997	970	5	0	0	0	0	1020	992	0	4	0	0	
4230.000000	1040	1035	971	1056	953	4	0	1003	972	5	0	0	0	0	1019	1008	0	3	0	0	
4240.000000	1035	1038	972	1044	976	4	0	1008	971	5	0	0	0	0	1007	1010	0	3	0	0	
4250.000000	1042	1025	964	1021	994	4	0	1005	973	7	0	0	0	0	1018	1023	0	3	0	0	
4260.000000	1035	1005	952	1035	1022	5	0	1000	982	7	0	0	0	0	1021	1005	0	3	0	0	
4270.000000	1039	1023	968	1042	1017	3	0	999	967	6	0	0	0	0	1003	1011	0	3	0	0	
4280.000000	1036	1040	975	1045	1007	3	0	992	970	4	0	0	0	0	1005	1005	0	3	0	0	
4290.000000	1003	1058	961	1032	1008	5	0	1019	996	4	0	0	0	0	1003	996	0	3	0	0	
4300.000000	991	1059	950	1034	1012	5	0	999	1004	5	0	0	0	0	1015	987	0	3	0	0	
4310.000000	988	1068	945	1050	989	5	0	999	1030	5	0	0	0	0	1017	985	0	3	0	0	
4320.000000	998	1055	950	1049	991	4	0	1013	1041	4	0	0	0	0	1006	959	0	3	0	0	
4330.000000	1002	1030	937	1056	1005	3	0	985	1047	4	0	0	0	0	996	968	0	3	0	0	
4340.000000	1009	1022	934	1050	1008	2	0	990	1053	4	0	0	0	0	1017	959	0	2	0	0	
4350.000000	1010	1006	919	1049	1014	2	0	996	1048	4	0	0	0	0	1001	974	0	2	0	0	
4360.000000	1019	1011	937	1026	1017	1	0	989	1053	3	0	0	0	0	1008	966	0	2	0	0	
4370.000000	1053	1009	964	998	996	1	0	990	1038	3	0	0	0	0	1024	952	0	1	0	0	
4380.000000	1074	1014	957	1016	1002	2	0	988	1021	4	0	0	0	0	1008	968	0	1	0	0	
4390.000000	1069	1031	953	1023	997	2	0	987	1002	4	0	0	0	0	1009	973	0	1	0	0	
4400.000000	1041	1022	947	1045	1007	3	0	1009	996	4	0	0	0	0	999	997	0	0	0	0	
4410.000000	1020	1017	941	1052	1030	4	0	1025	1027	4	0	0	0	0	1009	995	0	1	0	0	
4420.000000	1030	988	921	1045	1026	5	0	1052	1022	3	0	0	0	0	1019	1006	0	1	0	0	
4430.000000	1007	974	934	1032	1009	5	0	1018	1016	3	0	0	0	0	1016	1001	0	2	0	0	
4440.000000	990	984	961	1030	1012	5	0	1027	1010	3	0	0	0	0	1009	1003	0	3	0	0	
4450.000000	999	959	965	1031	1025	6	0	1031	1012	3	0	0	0	0	999	984	0	2	0	0	
4460.000000	1017	980	968	1058	1014	5	0	1040	1010	3	0	0	0	0	1014	968	0	2	0	0	
4470.000000	1010	982	971	1082	1013	4	0	1035	1013	3	0	0	0	0	1039	961	0	1	0	0	
4480.000000	1018	996	962	1058	1017	5	0	1040	1000	3	0	0	0	0	1033	966	0	1	0	0	
4490.000000	1020	1001	978	1045	993	5	0	1036	984	2	0	0	0	0	1061	942	0	1	0	0	
4500.000000	1038	986	989	1042	1003	6	0	1032	1002	2	0	0	0	0	1046	963	0	1	0	0	
4510.000000	1021	993	986	1039	989	6	0	1020	1007	2	0	0	0	0	1042	970	0	1	0	0	
4520.000000	1033	1003	1009	1044	952	6	0	1050	995	2	0	0	0	0	1032	940	0	1	0	0	
4530.000000	1031	1007	1001	1036	950	6	0	1053	992	2	0	0	0	0	1040	924	0	1	0	0	
4540.000000	1034	1007	1010	1056	966	6	0	1062	999	2	0	0	0	0	1026	930	0	1	0	0	
4550.000000	1034	997	1000	1060	971	5	0	1067	1006	2	0	0	0	0	1033	942	0	1	0	0	
4560.000000	1035	1013	1021	1048	968	5	0	1052	1015	3	0	0	0	0	1046	958	0	1	0	0	
4570.000000	1019	1021	1006	1044	974	3	0	1040	1034	3	0	0	0	0	1049	990	0	0	0	0	
4580.000000	1020	1027	996	1033	1007	2	0	1043	1013	3	0	0	0	0	1041	1005	0	0	0	0	
4590.000000	1035	1028	1026	1023	1003	3	0	1039	1015	1	0	0	0	0	1051	1003	0	1	0	0	
4600.000000	1005	1022	1037	1003	995	2	0	1043	996	1	0	0	0	0	1026	1018	0	1	0	0	
4610.000000	1013	1034	1030	1006	993	1	0	1063	973	1	0	0	0	0	1012	996	0	1	0	0	
4620.000000	1007	1025	1007	1001	982	2	0	1047	975	1	0	0	0	0	1006	991	0	2	0	0	
4630.000000	975	1039	1012	988	970	2	0	1040	982	1	0	0	0	0	1015	1000	0	2	0	0	
4640.000000	980	999	986	1021	968	1	0	1061	961	2	0	0	0	0	1036	1000	0	2	0	0	
4650.000000	985	984	999	1013	978	1	0	1047	973	2	0	0	0	0	1007	1017	0	2	0	0	
4660.000000	990	962	980	1015	983	1	0	1043	959	2	0	0	0	0	993	1019	0	1	0	0	
4670.000000	1010	954	1001	1021	978	0	0	1047	952	2	0	0	0	0	979	1042	0	1	0	0	
4680.000000	999	936	1011	1037	992	1	0	1018	990	2	0	0	0	0	981	1042	0	1	0	0	
4690.000000	985	929	1027	1033	988	2	0	1016	995	2	0	0	0	0	971	1038	0	2	0	0	
4700.000000	993	939	1032	1039	968	3	0	1023	983	2	0	0	0	0	993	1042	0	2	0	0	
4710.000000	999	938	1038	1038	983	4	0	1000	1011	2	0	0	0	0	997	1041	0	2	0	0	
4720.000000	990	952	1025	1039	964	4	0	992	998	2	0	0	0	0	979	1062	0	2	0	0	
4730.000000	977	966	1039	1041	964	4	0	1010	987	3	0	0	0	0	977	1051	0	2	0	0	
4740.000000	957	979	1025	1045	940	4	0	1003	992	3	0	0	0	0	977	1060	0	2	0	0	
4750.000000	967	990	1020	1032	946	4	0	1005	987	3	0	0	0	0	983	1056	0	4	0	0	
4760.000000	969	989	988	1030	971	3	0	1010	987	3	0	0	0	0	998	1042	0	3	0	0	
4770.000000	976	988	985	1022	979	3	0	1025	981	4	0	0	0	0	988	1054	0	3	0	0	
4780.000000	970	987	1002	1016	982	3	0	1017	990	4	0	0	0	0	999	1070	0	2	0	0	
4790.000000	998	997	1001	1008	977	3	0	996	993	4	0	0	0	0	1003	1077	0	3	0	0	
4800.000000	1001	976	995	1005	992	3	0	1009	990	4	0	0	0	0	984	1064	0	3	0	0	
4810.000000	997	989	998	1023	985	3	0	1027	987	4	0	0	0	0	976	1060	0	2	0	0	
4820.000000	1000	984	996	1007	1001	3	0	1033	975	3	0	0	0	0	991	1048	0	3	0	0	
4830.000000	987	966	989	1008	1014	1	0	1009	1005	2	0	0	0	0	978	1028	0	3	0	0	
4840.000000	984	972	997	1017	1019	1	0	983	987	3	0	0	0	0	996	1036	0	2	0	0	
4850.000000	974	982	986	998	1023	1	0	1011	976	2	0	0	0	0	975	1023	0	2	0	0	
4860.000000	970	986	987	991	1038	2	0	1015	972	2	0	0	0	0	962	1004	0	2	0	0	
4870.000000	951	993	990	1004	1022	2	0	1016	977	1	0	0	0	0	955	998	0	2	0	0	
4880.000000	940	993	1012	1013	1015	2	0	1029	951	1	0	0	0	0	960	1013	0	2	0	0	
4890.000000	932	1001	1008	1015	1000	2	0	1022	955	1	0	0	0	0	949	1000	0	2	0	0	
4900.000000	915	966	995	1017	1019	3	0	1003	962	1	0	0	0	0	952	990	0	2	0	0	
4910.000000	919	972	985	1002	1003	3	0	997	958	2	0	0	0	0	940	989	0	2	0	0	
4920.000000	916	950	979	1023	1013	3	0	1011	986	2	0	0	0	0	957	999	0	2	0	0	
4930.000000	922	966	975	1018	1006	3	0	995	989	1	0	0	0	0	943	998	0	2	0	0	
4940.000000	922	976	983	1002	993	3	0	999	999	1	0	0	0	0	953	1009	0	3	0	0	
4950.000000	944	965	986	985	995	2	0	1019	995	1	0	0	0	0	945	1002	0	3	0	0	
4960.000000	952	952	986	1000	989	3	0	995	984	1	0	0	0	0	962	992	0	3	0	0	
4970.000000	962	937	988	1002	986	3	0	982	984	1	0	0	0	0	973	1003	0	3	0	0	
4980.000000	971	972	999	1014	1008	3	0	1005	963	1	0	0	0	0	941	1010	0	2	0	0	
4990.000000	988	975	978	1004	975	4	0	1003	967	1	0	0	0	0	953	1006	0	2	0	0	
5000.000000	975	989	961	983	971	4	0	1010	967	1	0	0	0	0	950	1022	0	1	0	0	
5010.000000	1002	1020	972	1030	977	5	0	1002	977	1	0	0	0	0	953	1015	0	1	0	0	
5020.000000	1013	1017	980	1014	1010	3	0	1018	1000	1	0	0	0	0	960	1027	0	1	0	0	
5030.000000	1009	1033	965	985	1022	2	0	1028	1009	1	0	0	0	0	961	1020	0	1	0	0	
5040.000000	1020	1018	977	987	1030	2	0	1022	1004	1	0	0	0	0	971	1030	0	1	0	0	
5050.000000	1005	1025	997	971	1020	2	0	1015	999	1	0	0	0	0	974	1012	0	1	0	0	
5060.000000	998	998	993	991	1022	2	0	1018	1003	0	0	0	0	0	985	1015	0	1	0	0	
5070.000000	992	1016	1023	1009	1006	3	0	1035	1000	0	0	0	0	0	968	1043	0	2	0	0	
5080.000000	1004	1031	1042	1006	1020	3	0	1022	1015	0	0	0	0	0	962	1051	0	4	0	0	
5090.000000	1003	1040	1043	993	1020	3	0	1012	1023	0	0	0	0	0	979	1054	0	3	0	0	
5100.000000	1006	1039	1029	1001	990	3	0	1007	1037	2	0	0	0	0	981	1051	0	2	0	0	
5110.000000	1004	1052	999	1013	1021	3	0	1019	1029	2	0	0	0	0	978	1069	0	2	0	0	
5120.000000	1022	1022	1009	1023	1039	3	0	1006	1047	3	0	0	0	0	983	1032	0	2	0	0	
5130.000000	1034	1026	1019	1035	1052	4	0	987	1052	2	0	0	0	0	974	1048	0	2	0	0	
5140.000000	1031	1039	993	1050	1031	4	0	973	1049	2	0	0	0	0	966	1033	0	2	0	0	
5150.000000	1029	1031	989	1049	1017	4	0	970	1058	2	0	0	0	0	958	1040	0	2	0	0	
5160.000000	1019	1028	974	1044	1032	5	0	981	1067	1	0	0	0	0	963	1058	0	4	0	0	
5170.000000	996	1020	987	1041	1022	6	0	975	1060	2	0	0	0	0	977	1072	0	4	0	0	
5180.000000	1001	1007	979	1022	1004	5	0	999	1060	1	0	0	0	0	971	1050	0	2	0	0	
5190.000000	1009	1010	981	1005	994	5	0	989	1064	1	0	0	0	0	978	1048	0	2	0	0	
5200.000000	1007	996	971	994	987	4	0	977	1060	0	0	0	0	0	967	1048	0	2	0	0	
5210.000000	991	994	953	999	1008	4	0	1005	1053	0	0	0	0	0	966	1036	0	2	0	0	
5220.000000	1008	1012	970	1029	1027	5	0	1000	1053	0	0	0	0	0	971	1037	0	1	0	0	
5230.000000	1010	1011	953	1031	1032	4	0	989	1069	0	0	0	0	0	969	1026	0	1	0	0	
5240.000000	1006	1008	976	1025	1022	4	0	976	1058	0	0	0	0	0	963	1000	0	1	0	0	
5250.000000	993	1008	953	1043	1031	4	0	983	1062	0	0	0	0	0	960	998	0	1	0	0	
5260.000000	994	993	948	1065	1045	4	0	979	1062	0	0	0	0	0	955	990	0	1	0	0	
5270.000000	1014	974	963	1055	1051	4	0	991	1046	0	0	0	0	0	970	988	0	1	0	0	
5280.000000	1013	953	958	1065	1042	3	0	981	1046	0	0	0	0	0	990	974	0	1	0	0	
5290.000000	1019	976	981	1082	1040	3	0	994	1012	0	0	0	0	0	1016	977	0	1	0	0	
5300.000000	1021	970	965	1079	1022	3	0	1017	989	0	0	0	0	0	1029	974	0	1	0	0	
5310.000000	1012	974	969	1087	1019	3	0	1022	999	0	0	0	0	0	1024	960	0	1	0	0	
5320.000000	1022	986	969	1085	990	2	0	1002	994	1	0	0	0	0	1019	956	0	1	0	0	
5330.000000	1034	976	976	1072	991	1	0	985	979	1	0	0	0	0	1003	966	0	2	0	0	
5340.000000	1038	970	983	1079	985	1	0	985	982	1	0	0	0	0	1006	965	0	2	0	0	
5350.000000	1035	986	978	1049	984	1	0	992	983	1	0	0	0	0	1004	939	0	2	0	0	
5360.000000	1054	976	994	1062	978	1	0	994	979	1	0	0	0	0	1001	929	0	1	0	0	
5370.000000	1042	969	996	1065	1012	1	0	1001	993	1	0	0	0	0	1008	915	0	1	0	0	
5380.000000	1025	991	980	1041	1010	1	0	1002	985	0	0	0	0	0	994	926	0	1	0	0	
5390.000000	1021	988	991	1066	1004	1	0	992	981	0	0	0	0	0	991	904	0	1	0	0	
5400.000000	1021	996	976	1045	1017	2	0	985	989	0	0	0	0	0	1007	920	0	1	0	0	
5410.000000	1044	968	981	1049	1020	2	0	987	999	0	0	0	0	0	1002	943	0	1	0	0	
5420.000000	1041	953	977	1048	1005	2	0	985	981	0	0	0	0	0	1023	954	0	1	0	0	
5430.000000	1036	979	970	1048	999	2	0	984	1000	0	0	0	0	0	984	950	0	1	0	0	
5440.000000	1044	962	994	1042	1022	2	0	1001	998	0	0	0	0	0	992	968	0	1	0	0	
5450.000000	1031	945	984	1029	1014	2	0	993	1005	0	0	0	0	0	996	943	0	1	0	0	
5460.000000	1020	965	986	1022	1010	3	0	1000	994	0	0	0	0	0	1004	965	0	1	0	0	
5470.000000	1010	962	999	1027	1014	4	0	994	988	0	0	0	0	0	982	949	0	2	0	0	
5480.000000	1008	974	999	1048	1005	5	0	994	1013	0	0	0	0	0	973	962	0	2	0	0	
5490.000000	1010	978	970	1056	1001	4	0	996	998	0	0	0	0	0	975	969	0	2	0	0	
5500.000000	1020	976	965	1043	1019	3	0	990	1006	0	0	0	0	0	963	987	0	2	0	0	
5510.000000	1049	989	988	1056	1023	3	0	995	1027	0	0	0	0	0	959	1001	0	2	0	0	
5520.000000	1055	983	989	1042	1022	3	0	1002	1027	0	0	0	0	0	979	971	0	2	0	0	
5530.000000	1049	992	980	1036	1002	4	0	1002	1026	0	0	0	0	0	992	967	0	2	0	0	
5540.000000	1037	991	992	1043	994	6	0	1003	998	0	0	0	0	0	1011	972	0	2	0	0	
5550.000000	1019	1001	968	1042	1006	6	0	977	985	0	0	0	0	0	1016	960	0	3	0	0	
5560.000000	1012	1006	949	1041	1000	4	0	980	992	1	0	0	0	0	1030	953	0	3	0	0	
5570.000000	1040	1018	973	1034	1000	3	0	981	988	1	0	0	0	0	1029	964	0	2	0	0	
5580.000000	1038	1028	986	1023	1007	4	0	974	982	1	0	0	0	0	1035	951	0	2	0	0	
5590.000000	1029	1020	992	1001	1005	3	0	948	982	1	0	0	0	0	1027	948	0	2	0	0	
5600.000000	1038	1019	974	1007	1020	3	0	958	993	1	0	0	0	0	1006	945	0	2	0	0	
5610.000000	1020	1033	991	1027	1035	3	0	949	1004	1	0	0	0	0	999	956	0	3	0	0	
5620.000000	1019	1029	993	1009	1038	3	0	925	993	1	0	0	0	0	999	967	0	3	0	0	
5630.000000	1025	1026	987	1025	1036	3	0	911	994	3	0	0	0	0	995	958	0	3	0	0	
5640.000000	1009	1012	989	1029	1015	3	0	918	984	4	0	0	0	0	992	958	0	3	0	0	
5650.000000	1019	998	988	1022	1020	3	0	928	998	4	0	0	0	0	1014	936	0	3	0	0	
5660.000000	1019	993	980	1014	1025	3	0	941	977	4	0	0	0	0	1009	940	0	3	0	0	
5670.000000	1024	994	980	1010	1045	2	0	959	998	7	0	0	0	0	1007	939	0	3	0	0	
5680.000000	1018	999	976	994	1050	2	0	949	1004	8	0	0	0	0	1011	953	0	3	0	0	
5690.000000	1000	985	991	963	1047	3	0	955	991	6	0	0	0	0	1005	952	0	3	0	0	
5700.000000	1000	1009	1027	955	1039	3	0	960	982	5	0	0	0	0	1025	976	0	2	0	0	
5710.000000	1004	1016	1011	968	1037	2	0	967	996	5	0	0	0	0	1009	990	0	2	0	0	
5720.000000	1018	1011	1019	980	1058	2	0	980	973	5	0	0	0	0	1011	978	0	3	0	0	
5730.000000	1019	1007	1012	974	1053	1	0	984	976	5	0	0	0	0	1017	977	0	3	0	0	
5740.000000	1005	1001	1006	959	1063	1	0	990	981	5	0	0	0	0	1009	981	0	2	0	0	
5750.000000	1011	1000	989	957	1074	1	0	975	982	4	0	0	0	0	989	976	0	2	0	0	
5760.000000	1010	989	975	972	1058	1	0	992	991	4	0	0	0	0	990	976	0	3	0	0	
5770.000000	997	993	976	968	1066	1	0	1006	1004	4	0	0	0	0	1008	966	0	2	0	0	
5780.000000	1010	1005	949	989	1059	1	0	997	986	4	0	0	0	0	1001	970	0	2	0	0	
5790.000000	988	1025	934	998	1049	1	0	982	996	4	0	0	0	0	1009	963	0	2	0	0	
5800.000000	997	985	936	1014	1036	1	0	987	985	4	0	0	0	0	1029	975	0	3	0	0	
5810.000000	1001	1012	958	997	1029	1	0	980	979	4	0	0	0	0	1016	975	0	3	0	0	
5820.000000	1004	993	971	1021	1019	1	0	977	974	5	0	0	0	0	996	969	0	3	0	0	
5830.000000	1013	998	962	1033	1006	1	0	984	995	5	0	0	0	0	1007	936	0	3	0	0	
5840.000000	1011	1000	956	1033	1002	1	0	986	996	5	0	0	0	0	1016	951	0	2	0	0	
5850.000000	1018	1017	980	1040	1013	1	0	960	980	5	0	0	0	0	1030	972	0	2	0	0	
5860.000000	1038	1017	975	1038	1029	1	0	968	978	4	0	0	0	0	1026	976	0	3	0	0	
5870.000000	1048	1015	995	1028	1040	1	0	962	994	4	0	0	0	0	1052	991	0	3	0	0	
5880.000000	1038	1010	971	1006	1051	1	0	945	999	4	0	0	0	0	1044	984	0	3	0	0	
5890.000000	1029	1003	1000	994	1042	1	0	955	973	4	0	0	0	0	1046	981	0	3	0	0	
5900.000000	1025	1032	996	991	1052	1	0	982	969	4	0	0	0	0	1052	962	0	2	0	0	
5910.000000	1013	1032	987	973	1061	2	0	993	952	4	0	0	0	0	1055	955	0	2	0	0	
5920.000000	1003	1041	994	975	1053	2	0	999	961	5	0	0	0	0	1037	934	0	3	0	0	
5930.000000	998	1029	1020	983	1048	2	0	1017	953	4	0	0	0	0	1045	951	0	2	0	0	
5940.000000	980	1022	1030	996	1049	1	0	1018	986	4	0	0	0	0	1037	953	0	2	0	0	
5950.000000	997	1010	1001	1005	1044	2	0	1010	1007	4	0	0	0	0	1044	967	0	2	0	0	
5960.000000	1016	1013	994	1012	1037	2	0	1030	1017	4	0	0	0	0	1053	937	0	2	0	0	
5970.000000	1028	985	1004	1004	1043	2	0	1011	1000	4	0	0	0	0	1024	932	0	1	0	0	
5980.000000	1038	967	1012	1010	1029	3	0	1009	987	3	0	0	0	0	1032	932	0	1	0	0	
5990.000000	1043	971	1015	999	1031	3	0	998	972	2	0	0	0	0	1020	935	0	1	0	0	
6000.000000	1026	1002	1039	1001	1029	3	0	993	978	2	0	0	0	0	1036	935	0	1	0	0	
6010.000000	1024	1015	1036	1007	1013	3	0	995	980	2	0	0	0	0	1046	946	0	1	0	0	
6020.000000	1053	1023	1062	1008	1012	3	0	979	997	2	0	0	0	0	1015	936	0	1	0	0	
6030.000000	1042	1030	1052	1016	1010	2	0	996	993	2	0	0	0	0	999	944	0	1	0	0	
6040.000000	1053	1023	1042	1011	1010	2	0	1016	1001	1	0	0	0	0	1023	951	0	1	0	0	
6050.000000	1053	1009	1041	999	1045	2	0	1003	979	1	0	0	0	0	1023	944	0	1	0	0	
6060.000000	1035	984	1039	995	1030	2	0	990	988	1	0	0	0	0	1041	928	0	2	0	0	
6070.000000	1024	987	1021	996	1024	2	0	986	982	1	0	0	0	0	1039	936	0	2	0	0	
6080.000000	1018	1011	1007	974	1021	2	0	980	968	1	0	0	0	0	1044	965	0	1	0	0	
6090.000000	1010	1019	1009	987	1017	2	0	1012	970	1	0	0	0	0	1038	974	0	1	0	0	
6100.000000	1003	1020	1020	1004	994	1	0	1035	960	1	0	0	0	0	1055	982	0	1	0	0	
6110.000000	1002	1008	990	997	1012	0	0	1058	951	1	0	0	0	0	1043	1008	0	1	0	0	
6120.000000	999	986	994	1005	1009	0	0	1057	960	1	0	0	0	0	1032	1004	0	1	0	0	
6130.000000	1008	995	980	989	1007	1	0	1052	969	1	0	0	0	0	1052	1005	0	1	0	0	
6140.000000	999	987	958	968	997	4	0	1054	968	1	0	0	0	0	1058	995	0	1	0	0	
6150.000000	1005	1004	967	971	988	3	0	1061	968	1	0	0	0	0	1047	986	0	1	0	0	
6160.000000	981	1019	967	956	970	3	0	1059	969	1	0	0	0	0	1029	1014	0	2	0	0	
6170.000000	973	989	975	962	967	3	0	1010	982	0	0	0	0	0	1053	1015	0	2	0	0	
6180.000000	973	991	979	988	976	1	0	1000	986	0	0	0	0	0	1055	1008	0	2	0	0	
6190.000000	986	993	999	970	984	1	0	1011	976	0	0	0	0	0	1044	984	0	2	0	0	
6200.000000	980	981	976	983	972	1	0	1023	965	0	0	0	0	0	1070	988	0	2	0	0	
6210.000000	944	962	972	986	998	1	0	1019	973	0	0	0	0	0	1062	992	0	2	0	0	
6220.000000	956	981	961	978	994	1	0	1001	990	0	0	0	0	0	1067	1001	0	1	0	0	
6230.000000	942	993	989	963	979	1	0	968	1000	0	0	0	0	0	1070	1014	0	1	0	0	
6240.000000	928	988	992	966	970	1	0	969	978	0	0	0	0	0	1056	1013	0	2	0	0	
6250.000000	925	1003	1003	968	960	1	0	970	977	0	0	0	0	0	1036	986	0	2	0	0	
6260.000000	933	1028	1023	981	963	1	0	969	980	0	0	0	0	0	1033	976	0	2	0	0	
6270.000000	935	1042	1006	993	971	1	0	997	971	0	0	0	0	0	1025	996	0	1	0	0	
6280.000000	945	1013	1002	1014	982	1	0	999	980	0	0	0	0	0	1027	1012	0	2	0	0	
6290.000000	962	1017	1009	1002	984	1	0	1008	966	0	0	0	0	0	1030	1009	0	2	0	0	
6300.000000	992	1018	987	979	960	0	1	1007	985	0	0	0	0	0	1024	1018	0	1	0	0	
6310.000000	989	1032	983	995	881	0	1	1013	989	0	0	0	0	0	1015	1018	0	1	0	0	
6320.000000	998	1015	957	986	810	2	1	1000	983	1	0	0	0	0	1003	1014	0	3	0	0	
6330.000000	1001	1012	937	983	733	2	1	1004	980	1	0	0	0	0	1018	989	0	3	0	0	
6340.000000	1003	1023	940	1002	663	3	1	1008	980	2	0	0	0	0	1033	990	0	4	0	0	
6350.000000	994	1041	935	1005	600	2	1	1018	995	2	0	0	0	0	1010	981	0	4	0	0	
6360.000000	994	1027	936	1004	549	2	1	1023	998	3	0	0	0	0	1033	995	0	4	0	0	
6370.000000	997	1025	947	998	495	2	1	1022	1000	3	0	0	0	0	1039	996	0	5	0	0	
6380.000000	961	1013	935	999	446	2	1	1020	1014	3	0	0	0	0	1044	1031	0	5	0	0	
6390.000000	962	1012	945	978	408	2	1	993	1022	3	0	0	0	0	1050	1015	0	4	0	0	
6400.000000	954	1007	956	987	379	1	1	993	1029	2	0	0	0	0	1028	1019	0	4	0	0	
6410.000000	948	1015	944	1007	354	0	1	990	1037	2	0	0	0	0	1013	1024	0	4	0	0	
6420.000000	954	1023	949	1004	328	0	1	980	1034	2	0	0	0	0	1005	1042	0	3	0	0	
6430.000000	937	1030	972	1006	308	1	1	972	1042	3	0	0	0	0	994	1060	0	3	0	0	
6440.000000	931	1017	987	1011	274	1	1	988	1027	3	0	0	0	0	970	1046	0	2	0	0	
6450.000000	937	1008	1010	1013	245	1	1	981	1021	3	0	0	0	0	986	1053	0	2	0	0	
6460.000000	963	999	1015	995	220	1	1	976	1011	3	0	0	0	0	988	1059	0	2	0	0	
6470.000000	938	1006	1007	999	202	1	1	989	995	4	0	0	0	0	1000	1035	0	2	0	0	
6480.000000	967	1002	1008	991	187	1	1	966	1005	4	0	0	0	0	999	1047	0	1	0	0	
6490.000000	981	976	983	1018	171	1	1	962	990	3	0	0	0	0	1002	1038	0	0	0	0	
6500.000000	976	983	988	1016	154	1	1	980	994	3	0	0	0	0	993	1023	0	0	0	0	
6510.000000	978	1000	988	1013	145	1	1	961	992	3	0	0	0	0	989	1012	0	1	0	0	
6520.000000	969	978	985	996	134	1	1	985	1030	3	0	0	0	0	1000	1025	0	2	0	0	
6530.000000	960	992	966	994	123	2	1	979	1017	3	0	0	0	0	994	1026	0	2	0	0	
6540.000000	959	982	979	993	107	3	1	965	1042	3	0	0	0	0	1008	1032	0	2	0	0	
6550.000000	956	962	969	1002	97	3	1	963	1050	3	0	0	0	0	998	1047	0	0	0	0	
6560.000000	976	962	963	1025	93	3	1	953	1058	1	0	0	0	0	993	1049	0	0	0	0	
6570.000000	963	987	968	1034	85	3	1	933	1053	1	0	0	0	0	990	1056	0	0	0	0	
6580.000000	949	976	984	1034	77	4	1	917	1047	1	0	0	0	0	997	1052	0	0	0	0	
6590.000000	940	986	986	1024	74	4	1	921	1056	1	0	0	0	0	1001	1057	0	2	0	0	
6600.000000	973	985	982	1041	66	4	1	942	1033	1	0	0	0	0	1017	1055	0	2	0	0	
6610.000000	966	995	983	1032	60	5	1	948	1030	1	0	0	0	0	1023	1025	0	2	0	0	
6620.000000	973	1007	1008	1019	52	6	1	982	1023	1	0	0	0	0	1034	1034	0	2	0	0	
6630.000000	975	1019	1018	988	45	5	1	969	1033	1	0	0	0	0	1051	1038	0	2	0	0	
6640.000000	985	1003	1001	986	42	4	1	979	1016	1	0	0	0	0	1048	1052	0	2	0	0	
6650.000000	997	1011	1016	975	40	4	1	970	1011	1	0	0	0	0	1061	1051	0	2	0	0	
6660.000000	1006	1034	1037	987	31	4	1	958	1017	1	0	0	0	0	1041	1031	0	2	0	0	
6670.000000	1007	1026	1034	984	30	5	1	954	1010	1	0	0	0	0	1027	1018	0	4	0	0	
6680.000000	995	1029	1048	984	28	4	1	970	1008	2	0	0	0	0	979	1024	0	4	0	0	
6690.000000	1004	1024	1024	988	25	4	1	964	1018	3	0	0	0	0	958	1019	0	5	0	0	
6700.000000	1005	1021	1022	986	25	3	1	978	1027	3	0	0	0	0	973	1009	0	5	0	0	
6710.000000	1003	1006	995	987	25	3	1	985	1031	3	0	0	0	0	985	1022	0	5	0	0	
6720.000000	998	995	983	984	73	2	0	989	1045	4	0	0	0	0	1014	1003	0	4	0	0	
6730.000000	977	994	981	995	162	2	0	989	1044	3	0	0	0	0	1000	971	0	4	0	0	
6740.000000	982	1022	992	1003	262	2	0	978	1028	3	0	0	0	0	1000	992	0	3	0	0	
6750.000000	1013	1039	993	1026	317	2	0	983	1004	3	0	0	0	0	1021	991	0	3	0	0	
6760.000000	1016	1021	1007	1035	367	2	0	976	1007	4	0	0	0	0	1026	985	0	4	0	0	
6770.000000	1019	1048	1017	1056	433	2	0	985	1028	4	0	0	0	0	1029	984	0	4	0	0	
6780.000000	1013	1046	1011	1038	486	1	0	977	1018	5	0	0	0	0	1031	1000	0	5	0	0	
6790.000000	1016	1022	983	1041	512	1	0	977	1012	3	0	0	0	0	1022	999	0	5	0	0	
6800.000000	1009	1024	982	1022	549	0	0	975	1034	3	0	0	0	0	1036	1007	0	4	0	0	
6810.000000	1001	998	996	1037	524	0	1	994	1051	4	0	0	0	0	1044	1003	0	3	0	0	
6820.000000	1010	1015	1007	1027	499	0	0	990	1042	4	0	0	0	0	1059	1014	0	3	0	0	
6830.000000	1012	1027	1018	1028	531	0	0	994	1029	4	0	0	0	0	1060	1004	0	3	0	0	
6840.000000	1025	1031	998	1037	527	0	1	1013	1049	4	0	0	0	0	1033	998	0	3	0	0	
6850.000000	1000	1028	1008	1026	485	0	1	1015	1038	4	0	0	0	0	1015	991	0	3	0	0	
6860.000000	1018	1041	1001	1032	441	0	2	1013	1030	4	0	0	0	0	1030	1006	0	2	0	0	
6870.000000	1015	1001	1019	1028	415	0	1	1034	1050	4	0	0	0	0	1021	993	0	3	0	0	
6880.000000	1020	1001	1032	1040	381	0	1	1034	1035	5	0	0	0	0	1019	997	0	3	0	0	
6890.000000	1022	1012	1025	1048	346	0	1	1040	1022	7	0	0	0	0	1033	996	0	3	0	0	
6900.000000	1015	1030	1007	1031	308	0	1	1051	1015	7	0	0	0	0	1009	986	0	3	0	0	
6910.000000	1019	1033	1006	1046	311	0	1	1050	1014	7	0	0	0	0	1002	1000	0	4	0	0	
6920.000000	987	1037	1003	1040	278	0	1	1040	1014	6	0	0	0	0	999	1020	0	3	0	0	
6930.000000	994	1042	1012	1047	260	0	1	1025	1023	6	0	0	0	0	1003	1014	0	2	0	0	
6940.000000	976	1044	1014	1043	235	1	2	1010	1031	7	0	0	0	0	996	1007	0	2	0	0	
6950.000000	990	1022	1011	1040	208	1	2	993	1028	6	0	0	0	0	1005	997	0	1	0	0	
6960.000000	993	1007	983	1034	184	1	2	994	1032	6	0	0	0	0	1000	1001	0	1	0	0	
6970.000000	999	1011	1004	1061	162	1	2	1010	1016	6	0	0	0	0	1019	1010	0	1	0	0	
6980.000000	1002	1025	1008	1062	147	1	1	1012	1034	6	0	0	0	0	1017	1003	0	2	0	0	
6990.000000	1004	1027	982	1043	199	1	0	1027	1036	5	0	0	0	0	1017	1000	0	2	0	0	
7000.000000	1041	1023	973	1044	263	1	0	1026	1024	3	0	0	0	0	1009	1015	0	3	0	0	
7010.000000	1017	994	989	1024	339	1	0	1021	1018	2	0	0	0	0	999	1020	0	2	0	0	
7020.000000	1014	980	995	1023	393	1	0	1010	1008	2	0	0	0	0	989	1006	0	1	0	0	
7030.000000	1008	968	976	1028	448	1	0	980	1000	2	0	0	0	0	1019	1009	0	2	0	0	
7040.000000	1014	968	1004	1012	497	2	0	988	970	2	0	0	0	0	1024	1016	0	2	0	0	
7050.000000	1007	928	996	998	560	3	0	1006	956	2	0	0	0	0	1024	1010	0	2	0	0	
7060.000000	1011	930	1016	1006	609	4	0	1006	941	3	0	0	0	0	1035	1018	0	2	0	0	
7070.000000	1011	922	1015	994	645	4	0	1003	946	1	0	0	0	0	1032	1003	0	2	0	0	
7080.000000	1038	934	1014	985	667	4	0	995	962	2	0	0	0	0	1035	984	0	2	0	0	
7090.000000	1030	958	1031	978	720	4	0	1008	962	2	0	0	0	0	1040	984	0	2	0	0	
7100.000000	1038	960	1031	970	757	4	0	1013	984	2	0	0	0	0	1036	990	0	2	0	0	
7110.000000	1045	974	1023	954	803	4	0	1017	974	2	0	0	0	0	1038	1000	0	2	0	0	
7120.000000	1055	984	1007	943	809	5	0	1003	965	2	0	0	0	0	1020	992	0	2	0	0	
7130.000000	1035	1002	1008	954	839	4	0	987	968	2	0	0	0	0	1038	970	0	2	0	0	
7140.000000	1035	1001	1013	955	832	4	0	975	968	3	0	0	0	0	1025	973	0	1	0	0	
7150.000000	1055	981	1019	974	829	4	0	974	978	3	0	0	0	0	1033	980	0	0	0	0	
7160.000000	1056	982	1011	979	835	4	0	963	979	3	0	0	0	0	1025	984	0	1	0	0	
7170.000000	1021	992	1038	959	827	4	0	945	987	3	0	0	0	0	1007	985	0	2	0	0	
7180.000000	1026	997	1026	960	840	4	0	947	977	2	0	0	0	0	1003	983	0	1	0	0	
7190.000000	1026	994	1036	963	834	3	0	973	967	1	0	0	0	0	988	982	0	1	0	0	
7200.000000	1016	984	1020	965	843	3	0	968	961	1	0	0	0	0	959	980	0	1	0	0	
7210.000000	1026	982	1012	952	827	3	0	987	950	1	0	0	0	0	963	993	0	3	0	0	
7220.000000	1036	996	1008	940	845	3	0	996	950	1	0	0	0	0	971	995	0	2	0	0	
7230.000000	1010	990	1005	943	857	3	0	981	959	1	0	0	0	0	973	999	0	2	0	0	
7240.000000	1044	999	996	990	886	3	0	984	945	1	0	0	0	0	957	1000	0	2	0	0	
7250.000000	1031	990	983	992	891	3	0	983	963	1	0	0	0	0	946	1016	0	2	0	0	
7260.000000	1017	1003	973	1001	914	3	0	966	976	1	0	0	0	0	961	1011	0	2	0	0	
7270.000000	1010	993	994	1002	915	3	0	979	974	1	0	0	0	0	982	994	0	2	0	0	
7280.000000	999	1011	978	1016	926	3	0	968	994	1	0	0	0	0	970	996	0	1	0	0	
7290.000000	991	1011	963	1007	938	3	0	969	1009	1	0	0	0	0	991	989	0	2	0	0	
7300.000000	981	987	967	984	956	4	0	972	1011	2	0	0	0	0	999	970	0	2	0	0	
7310.000000	991	1014	972	1006	970	5	0	980	1025	1	0	0	0	0	982	982	0	3	0	0	
7320.000000	992	1015	977	1020	972	4	0	979	1016	2	0	0	0	0	992	982	0	3	0	0	
7330.000000	1005	1008	999	1027	954	3	0	989	1017	2	0	0	0	0	1001	969	0	3	0	0	
7340.000000	1002	1018	1017	1025	974	3	0	985	1001	2	0	0	0	0	1011	970	0	3	0	0	
7350.000000	1020	1002	1009	1006	988	4	0	1002	969	1	0	0	0	0	1008	968	0	3	0	0	
7360.000000	1014	985	1020	1010	991	5	0	997	958	0	0	0	0	0	987	967	0	3	0	0	
7370.000000	1006	976	1005	1016	1000	5	0	1023	978	0	0	0	0	0	1010	998	0	3	0	0	
7380.000000	1002	969	1005	1009	998	6	0	1041	993	0	0	0	0	0	1010	972	0	4	0	0	
7390.000000	998	974	1024	1007	1000	6	0	1063	978	0	0	0	0	0	1001	993	0	4	0	0	
7400.000000	1009	971	1032	1000	995	6	0	1057	997	0	0	0	0	0	1000	987	0	4	0	0	
7410.000000	1003	959	1024	961	990	5	0	1072	969	0	0	0	0	0	1014	984	0	4	0	0	
7420.000000	990	973	1019	982	989	4	0	1054	964	0	0	0	0	0	1002	984	0	4	0	0	
7430.000000	988	997	1017	996	988	4	0	1066	965	1	0	0	0	0	1005	991	0	3	0	0	
7440.000000	997	995	1039	1005	1000	5	0	1079	953	1	0	0	0	0	974	991	0	3	0	0	
7450.000000	1003	1007	1027	1007	1000	4	0	1074	990	1	0	0	0	0	982	971	0	2	0	0	
7460.000000	992	1007	1035	1003	986	4	0	1056	987	1	0	0	0	0	975	973	0	2	0	0	
7470.000000	1005	1018	1029	1006	989	2	0	1029	977	1	0	0	0	0	972	964	0	2	0	0	
7480.000000	1005	1012	1008	1001	980	2	0	1052	989	1	0	0	0	0	983	974	0	3	0	0	
7490.000000	997	1017	1005	1001	985	2	0	1054	985	2	0	0	0	0	1001	982	0	3	0	0	
7500.000000	998	1007	1022	995	991	2	0	1037	983	2	0	0	0	0	1017	1008	0	3	0	0	
7510.000000	992	1023	1021	988	988	2	0	1030	981	3	0	0	0	0	1026	1006	0	3	0	0	
7520.000000	996	1005	1007	978	976	1	0	1013	995	3	0	0	0	0	1034	994	0	3	0	0	
7530.000000	995	1001	1012	975	974	1	0	1010	1000	4	0	0	0	0	1028	981	0	4	0	0	
7540.000000	1007	982	1010	1003	981	1	0	1001	996	3	0	0	0	0	1033	990	0	5	0	0	
7550.000000	1013	972	1010	994	998	2	0	996	958	3	0	0	0	0	1029	986	0	4	0	0	
7560.000000	1016	956	999	992	1020	2	0	991	957	4	0	0	0	0	1020	1002	0	3	0	0	
7570.000000	994	937	994	1002	999	2	0	1000	957	5	0	0	0	0	1022	965	0	3	0	0	
7580.000000	966	950	968	989	995	1	0	1014	947	4	0	0	0	0	1023	971	0	2	0	0	
7590.000000	968	949	982	992	1005	1	0	1020	962	4	0	0	0	0	1034	967	0	2	0	0	
7600.000000	985	966	979	1009	993	1	0	1011	948	4	0	0	0	0	1022	949	0	2	0	0	
7610.000000	989	950	998	1014	993	1	0	1009	964	4	0	0	0	0	1009	939	0	3	0	0	
7620.000000	986	941	1019	1016	993	2	0	1018	960	5	0	0	0	0	1028	956	0	3	0	0	
7630.000000	965	949	1032	1023	1005	1	0	1011	961	5	0	0	0	0	1026	956	0	3	0	0	
7640.000000	971	960	1029	1010	997	1	0	1007	961	5	0	0	0	0	1017	966	0	3	0	0	
7650.000000	977	949	1033	1013	1012	1	0	986	947	5	0	0	0	0	1055	979	0	2	0	0	
7660.000000	985	953	1026	1012	1004	1	0	964	937	5	0	0	0	0	1055	945	0	2	0	0	
7670.000000	981	948	1011	1015	1009	1	0	977	969	5	0	0	0	0	1069	970	0	2	0	0	
7680.000000	998	967	1023	1034	993	1	0	988	962	4	0	0	0	0	1051	957	0	2	0	0	
7690.000000	1024	964	1041	1025	982	1	0	990	970	5	0	0	0	0	1047	965	0	2	0	0	
7700.000000	1036	962	1038	1033	975	2	0	1018	970	3	0	0	0	0	1045	990	0	2	0	0	
7710.000000	1039	972	1036	1040	965	2	0	1003	966	3	0	0	0	0	1029	1003	0	2	0	0	
7720.000000	1035	974	1022	1052	974	2	0	1006	975	2	0	0	0	0	1010	1022	0	2	0	0	
7730.000000	1023	953	1057	1066	969	2	0	1007	957	3	0	0	0	0	1014	1026	0	2	0	0	
7740.000000	1035	952	1064	1054	968	2	0	1012	966	3	0	0	0	0	985	1045	0	2	0	0	
7750.000000	1024	944	1054	1049	962	2	0	1012	961	3	0	0	0	0	984	1040	0	2	0	0	
7760.000000	1010	955	1036	1031	948	2	0	1021	933	2	0	0	0	0	970	1037	0	2	0	0	
7770.000000	1012	967	1023	1022	935	2	0	1022	917	2	0	0	0	0	974	1035	0	2	0	0	
7780.000000	1014	982	1007	1010	952	2	0	1034	926	2	0	0	0	0	976	1008	0	2	0	0	
7790.000000	1002	983	999	1000	975	2	0	1041	952	2	0	0	0	0	978	989	0	2	0	0	
7800.000000	966	988	1005	988	952	1	0	1045	960	2	0	0	0	0	970	1002	0	2	0	0	
7810.000000	985	974	997	976	968	1	0	1042	974	2	0	0	0	0	952	1007	0	3	0	0	
7820.000000	994	967	980	977	987	1	0	1013	980	3	0	0	0	0	937	1004	0	3	0	0	
7830.000000	995	999	985	991	984	1	0	1013	998	4	0	0	0	0	949	1000	0	3	0	0	
7840.000000	1011	995	985	1003	989	2	0	1002	998	4	0	0	0	0	962	999	0	2	0	0	
7850.000000	1012	1008	959	980	1005	2	0	994	1012	4	0	0	0	0	935	1002	0	2	0	0	
7860.000000	1036	1002	965	985	981	2	0	1004	1033	4	0	0	0	0	954	970	0	2	0	0	
7870.000000	1032	976	967	973	992	2	0	1013	1002	3	0	0	0	0	958	963	0	2	0	0	
7880.000000	1010	961	970	972	1006	2	0	1021	1025	2	0	0	0	0	956	945	0	2	0	0	
7890.000000	1002	947	977	973	993	2	0	1009	1015	2	0	0	0	0	984	960	0	2	0	0	
7900.000000	1002	961	997	985	987	3	0	1006	1007	3	0	0	0	0	972	980	0	2	0	0	
7910.000000	989	960	996	1011	977	3	0	1013	995	2	0	0	0	0	971	962	0	2	0	0	
7920.000000	995	981	999	996	982	3	0	990	985	2	0	0	0	0	1005	938	0	1	0	0	
7930.000000	997	979	992	987	994	3	0	984	1004	1	0	0	0	0	993	956	0	1	0	0	
7940.000000	993	962	1011	1001	989	2	0	994	990	1	0	0	0	0	985	952	0	1	0	0	
7950.000000	987	949	1007	1031	971	3	0	1018	1004	1	0	0	0	0	992	984	0	1	0	0	
7960.000000	993	943	991	1035	970	2	0	1014	994	1	0	0	0	0	976	984	0	1	0	0	
7970.000000	997	935	996	1015	966	2	0	1028	1001	0	0	0	0	0	998	991	0	1	0	0	
7980.000000	999	936	1012	1024	950	0	0	1050	1021	0	0	0	0	0	988	999	0	1	0	0	
7990.000000	1009	939	995	1033	966	0	0	1037	1027	0	0	0	0	0	989	993	0	1	0	0	
8000.000000	989	946	985	1028	975	0	0	1030	1031	0	0	0	0	0	972	1002	0	1	0	0	
8010.000000	1004	971	990	1027	961	1	0	1006	1023	0	0	0	0	0	961	990	0	1	0	0	
8020.000000	998	976	982	1023	967	1	0	1025	1031	0	0	0	0	0	958	1006	0	0	0	0	
8030.000000	1003	988	987	1019	959	1	0	1000	1058	0	0	0	0	0	951	987	0	0	0	0	
8040.000000	1006	1000	992	1005	951	1	0	1002	1044	0	0	0	0	0	961	977	0	0	0	0	
8050.000000	999	990	963	1006	968	2	0	1021	1022	0	0	0	0	0	954	975	0	0	0	0	
8060.000000	965	973	959	989	976	2	0	1004	1046	0	0	0	0	0	966	970	0	1	0	0	
8070.000000	963	978	964	1001	991	3	0	985	1053	0	0	0	0	0	967	971	0	2	0	0	
8080.000000	965	998	962	992	1009	3	0	993	1065	0	0	0	0	0	939	983	0	2	0	0	
8090.000000	964	977	982	990	1008	3	0	982	1056	0	0	0	0	0	947	986	0	2	0	0	
8100.000000	960	993	1001	988	1011	2	0	983	1046	0	0	0	0	0	944	1001	0	2	0	0	
8110.000000	947	992	1017	982	1014	2	0	979	1050	0	0	0	0	0	937	998	0	2	0	0	
8120.000000	964	1000	1010	987	1014	3	0	994	1024	0	0	0	0	0	936	981	0	1	0	0	
8130.000000	974	1009	1000	985	1006	3	0	975	983	0	0	0	0	0	945	972	0	2	0	0	
8140.000000	962	1006	1004	992	972	3	0	973	986	0	0	0	0	0	940	960	0	2	0	0	
8150.000000	944	1012	989	982	984	2	0	974	973	0	0	0	0	0	942	946	0	2	0	0	
8160.000000	951	1033	991	980	989	1	0	963	980	0	0	0	0	0	944	947	0	2	0	0	
8170.000000	963	1013	986	962	991	1	0	978	952	0	0	0	0	0	938	932	0	2	0	0	
8180.000000	976	1018	982	955	1024	2	0	970	964	0	0	0	0	0	952	943	0	2	0	0	
8190.000000	975	1008	992	945	1020	1	0	990	987	0	0	0	0	0	962	959	0	2	0	0	
8200.000000	965	1015	980	955	1028	1	0	1000	995	0	0	0	0	0	975	967	0	2	0	0	
8210.000000	950	1009	979	956	1028	0	0	998	1000	0	0	0	0	0	955	991	0	2	0	0	
8220.000000	946	1039	986	929	969	1	0	1031	1001	0	0	0	0	0	958	984	0	2	0	0	
8230.000000	950	1011	996	942	949	1	0	1008	1015	0	0	0	0	0	938	974	0	2	0	0	
8240.000000	955	1032	1019	948	966	2	0	995	1014	0	0	0	0	0	941	965	0	2	0	0	
8250.000000	981	1022	1022	959	991	2	0	1019	1009	0	0	0	0	0	933	976	0	2	0	0	
8260.000000	964	1043	1018	967	999	3	0	995	1036	0	0	0	0	0	944	969	0	1	0	0	
8270.000000	977	1058	1013	957	999	4	0	995	1046	0	0	0	0	0	947	976	0	1	0	0	
8280.000000	981	1052	1036	926	1041	3	0	973	1040	0	0	0	0	0	944	981	0	1	0	0	
8290.000000	997	1017	1019	937	1041	3	0	983	1054	0	0	0	0	0	952	976	0	1	0	0	
8300.000000	984	1028	1026	958	1025	3	0	964	1052	0	0	0	0	0	950	999	0	2	0	0	
8310.000000	981	1024	1056	955	1030	5	0	970	1049	0	0	0	0	0	947	1000	0	1	0	0	
8320.000000	980	1038	1067	964	1042	4	0	980	1017	0	0	0	0	0	954	1010	0	1	0	0	
8330.000000	969	1040	1047	971	1049	3	0	981	1010	0	0	0	0	0	942	1010	0	1	0	0	
8340.000000	973	1025	1031	964	1042	4	0	1004	1000	0	0	0	0	0	938	998	0	1	0	0	
8350.000000	978	1025	1008	951	1025	3	0	1005	1008	0	0	0	0	0	942	976	0	1	0	0	
8360.000000	976	1024	979	962	1020	3	0	1031	1022	0	0	0	0	0	940	976	0	1	0	0	
8370.000000	965	1031	967	978	1020	4	0	1057	1014	0	0	0	0	0	948	994	0	1	0	0	
8380.000000	976	1003	975	972	1005	5	0	1057	988	0	0	0	0	0	945	994	0	1	0	0	
8390.000000	985	996	991	962	989	5	0	1058	977	0	0	0	0	0	948	996	0	2	0	0	
8400.000000	983	982	990	956	979	4	0	1025	991	0	0	0	0	0	938	998	0	3	0	0	
8410.000000	986	983	1002	955	985	4	0	1015	984	0	0	0	0	0	922	1006	0	3	0	0	
8420.000000	987	978	999	966	991	5	0	1004	965	0	0	0	0	0	919	1011	0	2	0	0	
8430.000000	1007	987	981	972	982	5	0	1019	966	0	0	0	0	0	905	1009	0	2	0	0	
8440.000000	992	986	967	986	979	5	0	1014	976	0	0	0	0	0	905	1008	0	3	0	0	
8450.000000	984	1002	961	1010	976	5	0	1001	983	1	0	0	0	0	913	1005	0	1	0	0	
8460.000000	977	1003	975	998	985	5	0	1004	985	1	0	0	0	0	917	992	0	2	0	0	
8470.000000	965	1011	994	1009	999	5	0	996	996	1	0	0	0	0	936	978	0	2	0	0	
8480.000000	967	1000	1001	996	998	5	0	963	994	1	0	0	0	0	947	984	0	2	0	0	
8490.000000	968	1019	1006	1002	977	7	0	974	974	1	0	0	0	0	939	987	0	1	0	0	
8500.000000	971	1007	1024	1026	966	6	0	980	968	1	0	0	0	0	942	998	0	1	0	0	
8510.000000	987	1010	1019	1019	973	6	0	951	961	2	0	0	0	0	946	996	0	1	0	0	
8520.000000	989	983	1013	1052	977	6	0	949	976	2	0	0	0	0	948	1001	0	1	0	0	
8530.000000	1002	957	1020	1069	956	6	0	945	950	2	0	0	0	0	965	982	0	2	0	0	
8540.000000	1015	968	1003	1083	957	6	0	953	964	2	0	0	0	0	967	1005	0	2	0	0	
8550.000000	1021	989	999	1060	960	6	0	958	951	2	0	0	0	0	950	1006	0	4	0	0	
8560.000000	1020	973	981	1043	945	6	0	959	950	2	0	0	0	0	954	1003	0	4	0	0	
8570.000000	1026	984	989	1004	945	4	0	966	934	2	0	0	0	0	947	981	0	4	0	0	
8580.000000	1016	1008	983	1011	954	3	0	970	917	2	0	0	0	0	939	1019	0	4	0	0	
8590.000000	1019	1015	972	983	952	3	0	972	924	2	0	0	0	0	934	998	0	3	0	0	
8600.000000	1029	1006	966	999	961	3	0	992	920	2	0	0	0	0	930	969	0	3	0	0	
8610.000000	1022	986	986	1010	966	3	0	1000	921	2	0	0	0	0	938	991	0	4	0	0	
8620.000000	1033	998	988	1007	971	3	0	1021	938	1	0	0	0	0	955	1002	0	4	0	0	
8630.000000	1047	1015	991	994	972	3	0	986	896	2	0	0	0	0	944	980	0	4	0	0	
8640.000000	1040	1011	1007	992	961	3	0	999	886	2	0	0	0	0	947	1000	0	4	0	0	
8650.000000	1063	988	1012	1023	966	2	0	991	899	1	0	0	0	0	947	1017	0	3	0	0	
8660.000000	1073	995	1019	1026	987	3	0	969	916	1	0	0	0	0	938	1018	0	3	0	0	
8670.000000	1053	989	1008	1025	996	2	0	969	917	1	0	0	0	0	951	1022	0	4	0	0	
8680.000000	1024	1004	1007	1013	988	0	0	959	934	1	0	0	0	0	951	1036	0	4	0	0	
8690.000000	1022	986	997	1043	981	0	0	940	937	1	0	0	0	0	957	1046	0	4	0	0	
8700.000000	1026	989	985	1049	898	0	1	953	937	0	0	0	0	0	938	1042	0	5	0	0	
8710.000000	1023	981	977	1043	812	0	3	967	970	0	0	0	0	0	948	1079	0	5	0	0	
8720.000000	1015	979	944	1039	733	0	3	952	974	1	0	0	0	0	952	1089	0	5	0	0	
8730.000000	1023	986	950	1040	669	0	2	973	975	1	0	0	0	0	948	1105	0	5	0	0	
8740.000000	1004	978	970	1050	606	0	2	989	978	2	0	0	0	0	962	1100	0	5	0	0	
8750.000000	1000	981	951	1034	552	1	2	1001	963	3	0	0	0	0	944	1095	0	5	0	0	
8760.000000	1014	990	951	1006	504	1	2	1013	980	3	0	0	0	0	937	1066	0	3	0	0	
8770.000000	1004	969	956	1023	462	1	2	1037	976	3	0	0	0	0	943	1047	0	3	0	0	
8780.000000	1013	955	933	1030	425	1	2	1041	950	4	0	0	0	0	919	1063	0	3	0	0	
8790.000000	1030	968	931	1019	390	2	2	1063	974	4	0	0	0	0	927	1055	0	3	0	0	
8800.000000	1009	972	923	1019	355	2	1	1060	981	3	0	0	0	0	941	1036	0	3	0	0	
8810.000000	995	989	926	1006	324	2	1	1044	986	4	0	0	0	0	964	1039	0	3	0	0	
8820.000000	985	987	940	1006	293	1	1	1056	994	4	0	0	0	0	968	1046	0	3	0	0	
8830.000000	981	993	944	1004	273	1	1	1051	999	4	0	0	0	0	971	1048	0	1	0	0	
8840.000000	974	984	958	1000	249	1	1	1042	973	3	0	0	0	0	954	1061	0	2	0	0	
8850.000000	994	978	954	995	222	1	1	1038	979	2	0	0	0	0	965	1045	0	2	0	0	
8860.000000	1000	979	931	1015	202	1	1	1027	976	2	0	0	0	0	976	1051	0	3	0	0	
8870.000000	1018	984	941	1007	185	3	1	1020	957	2	0	0	0	0	991	1011	0	3	0	0	
8880.000000	1015	971	951	999	249	3	0	1018	956	3	0	0	0	0	988	996	0	3	0	0	
8890.000000	1015	986	950	1005	335	2	0	1004	978	4	0	0	0	0	1005	995	0	4	0	0	
8900.000000	1011	993	967	1005	398	2	0	991	995	4	0	0	0	0	1016	1001	0	4	0	0	
8910.000000	1022	998	968	1007	449	1	0	1009	1018	5	0	0	0	0	1037	1009	0	4	0	0	
8920.000000	1011	1011	966	1018	500	1	0	1018	1009	5	0	0	0	0	1077	1010	0	4	0	0	
8930.000000	1001	1019	944	1038	536	1	0	1015	1025	5	0	0	0	0	1073	1009	0	4	0	0	
8940.000000	1003	1025	970	1050	582	1	0	1023	1018	4	0	0	0	0	1054	997	0	4	0	0	
8950.000000	1009	1011	1002	1074	627	1	0	1038	1032	3	0	0	0	0	1048	1006	0	4	0	0	
8960.000000	1006	1022	984	1040	680	1	0	1019	1034	4	0	0	0	0	1015	994	0	2	0	0	
8970.000000	1010	1029	974	1035	711	1	0	1010	1019	4	0	0	0	0	1047	973	0	2	0	0	
8980.000000	998	1026	982	1024	730	1	0	1028	1015	4	0	0	0	0	1046	979	0	2	0	0	
8990.000000	985	1040	974	1004	770	1	0	1028	1032	3	0	0	0	0	1043	989	0	2	0	0	
9000.000000	1007	1034	991	986	793	1	0	1020	1049	3	0	0	0	0	1031	1005	0	0	0	0	
9010.000000	1024	1024	986	995	810	1	0	1038	1057	3	0	0	0	0	1015	1008	0	0	0	0	
9020.000000	1015	1025	990	989	837	2	0	1029	1056	3	0	0	0	0	1007	1023	0	0	0	0	
9030.000000	1030	1023	972	984	851	2	0	1029	1076	2	0	0	0	0	997	1020	0	0	0	0	
9040.000000	1020	1022	995	993	886	2	0	1005	1086	0	0	0	0	0	995	1024	0	0	0	0	
9050.000000	1044	1040	997	988	896	1	0	1003	1068	0	0	0	0	0	993	1006	0	0	0	0	
9060.000000	1033	1033	1002	958	913	1	0	1008	1056	0	0	0	0	0	1011	1001	0	0	0	0	
9070.000000	1041	1016	1019	955	893	1	0	1012	1063	0	0	0	0	0	1012	1021	0	0	0	0	
9080.000000	1034	1023	1041	960	902	1	0	994	1045	0	0	0	0	0	1013	1018	0	1	0	0	
9090.000000	1037	1013	1056	943	919	1	0	984	1044	0	0	0	0	0	1032	994	0	3	0	0	
9100.000000	1034	1022	1065	944	911	1	0	972	1062	0	0	0	0	0	1032	970	0	3	0	0	
9110.000000	1040	1010	1063	941	915	1	0	960	1039	0	0	0	0	0	1047	987	0	3	0	0	
9120.000000	1049	1015	1094	932	909	1	0	976	1027	1	0	0	0	0	1017	987	0	3	0	0	
9130.000000	1045	1005	1086	928	921	1	0	980	1025	2	0	0	0	0	1024	1010	0	5	0	0	
9140.000000	1032	998	1077	917	925	1	0	951	1030	2	0	0	0	0	1018	1018	0	5	0	0	
9150.000000	1013	1009	1067	933	930	3	0	952	1034	3	0	0	0	0	1029	1010	0	5	0	0	
9160.000000	1024	1013	1039	918	941	3	0	963	1039	3	0	0	0	0	1022	1011	0	5	0	0	
9170.000000	1015	1031	1008	931	957	2	0	959	1063	4	0	0	0	0	1003	1005	0	3	0	0	
9180.000000	1043	1027	1017	928	962	2	0	959	1045	4	0	0	0	0	981	997	0	2	0	0	
9190.000000	1002	1007	1048	939	967	2	0	952	1039	5	0	0	0	0	989	997	0	2	0	0	
9200.000000	969	1000	1038	959	987	2	0	928	1049	5	0	0	0	0	984	970	0	2	0	0	
9210.000000	967	999	1040	966	989	1	0	941	1072	5	0	0	0	0	977	986	0	2	0	0	
9220.000000	978	997	1023	982	989	1	0	936	1078	6	0	0	0	0	998	1017	0	2	0	0	
9230.000000	982	1018	1039	999	1005	2	0	931	1081	6	0	0	0	0	1007	992	0	3	0	0	
9240.000000	984	1006	1034	982	1016	2	0	956	1035	6	0	0	0	0	1010	988	0	2	0	0	
9250.000000	978	1005	1009	1005	1000	2	0	959	1024	6	0	0	0	0	993	1001	0	2	0	0	
9260.000000	978	1036	989	1006	1015	2	0	962	1026	6	0	0	0	0	996	1007	0	3	0	0	
9270.000000	979	1027	982	1012	1021	2	0	977	1022	6	0	0	0	0	997	1005	0	3	0	0	
9280.000000	977	1013	990	1007	1027	2	0	966	1044	6	0	0	0	0	1001	1005	0	3	0	0	
9290.000000	1003	1017	1014	1013	1026	2	0	981	1030	6	0	0	0	0	1003	997	0	3	0	0	
9300.000000	1025	1032	1025	1015	1024	2	0	989	1017	6	0	0	0	0	977	982	0	4	0	0	
9310.000000	1028	1033	1017	1028	1030	2	0	987	1007	5	0	0	0	0	980	979	0	3	0	0	
9320.000000	1061	1037	991	1018	1038	2	0	984	1012	6	0	0	0	0	957	983	0	2	0	0	
9330.000000	1058	1044	985	1018	1034	2	0	1003	1000	7	0	0	0	0	972	960	0	2	0	0	
9340.000000	1060	1046	1002	1011	1020	2	0	980	1008	6	0	0	0	0	984	979	0	2	0	0	
9350.000000	1054	1048	1007	993	1028	2	0	980	1006	6	0	0	0	0	966	986	0	2	0	0	
9360.000000	1057	1036	1020	996	1019	2	0	971	1016	6	0	0	0	0	945	994	0	1	0	0	
9370.000000	1053	1017	1025	999	1028	3	0	966	994	5	0	0	0	0	921	1009	0	1	0	0	
9380.000000	1068	1028	1027	992	1045	3	0	970	983	4	0	0	0	0	936	1012	0	1	0	0	
9390.000000	1080	1031	1008	1004	1036	5	0	964	978	3	0	0	0	0	951	1038	0	0	0	0	
9400.000000	1063	1038	986	1015	1034	4	0	961	984	3	0	0	0	0	947	1035	0	1	0	0	
9410.000000	1055	1044	979	1011	1024	3	0	974	980	3	0	0	0	0	960	1026	0	1	0	0	
9420.000000	1048	1039	991	1001	1033	3	0	986	993	3	0	0	0	0	942	1043	0	1	0	0	
9430.000000	1051	1044	960	995	1028	4	0	996	994	3	0	0	0	0	954	1057	0	1	0	0	
9440.000000	1050	1038	963	1017	1026	4	0	1004	1003	3	0	0	0	0	968	1048	0	1	0	0	
9450.000000	1041	1052	944	1017	1037	3	0	1015	1005	3	0	0	0	0	961	1067	0	1	0	0	
9460.000000	1018	1043	940	998	1046	3	0	1036	989	3	0	0	0	0	962	1073	0	1	0	0	
9470.000000	1003	1046	951	1003	1045	3	0	1040	975	3	0	0	0	0	947	1065	0	2	0	0	
9480.000000	1012	1026	968	1013	1026	3	0	1039	952	3	0	0	0	0	945	1044	0	1	0	0	
9490.000000	1005	1035	967	1015	1023	3	0	1021	955	3	0	0	0	0	947	1047	0	1	0	0	
9500.000000	1020	1041	956	1021	1005	3	0	1016	977	3	0	0	0	0	943	1065	0	1	0	0	
9510.000000	1012	1036	948	1003	1015	2	0	1020	980	3	0	0	0	0	957	1073	0	1	0	0	
9520.000000	1018	1036	962	999	1024	2	0	1010	970	2	0	0	0	0	954	1065	0	1	0	0	
9530.000000	1030	1029	992	989	1009	2	0	1005	960	2	0	0	0	0	944	1068	0	1	0	0	
9540.000000	1025	1026	989	987	1010	3	0	1005	937	2	0	0	0	0	915	1073	0	2	0	0	
9550.000000	1025	1011	1006	1001	1017	3	0	1017	922	2	0	0	0	0	922	1066	0	2	0	0	
9560.000000	1037	983	1036	1008	1005	3	0	1003	908	2	0	0	0	0	946	1081	0	3	0	0	
9570.000000	1032	986	1027	1012	1009	4	0	1009	900	3	0	0	0	0	948	1064	0	4	0	0	
9580.000000	1010	969	1019	1014	1023	3	0	1026	899	3	0	0	0	0	943	1074	0	4	0	0	
9590.000000	1002	968	1015	995	1025	3	0	1013	926	3	0	0	0	0	949	1051	0	2	0	0	
9600.000000	991	958	1004	991	998	3	0	1012	940	3	0	0	0	0	957	1070	0	2	0	0	
9610.000000	1011	964	1006	1010	990	3	0	1022	924	2	0	0	0	0	964	1040	0	2	0	0	
9620.000000	1020	962	1011	1027	984	1	0	1007	915	2	0	0	0	0	1003	1041	0	2	0	0	
9630.000000	1012	967	1029	1029	976	1	0	1011	903	2	0	0	0	0	998	1044	0	3	0	0	
9640.000000	996	952	1002	1043	978	1	0	1019	930	2	0	0	0	0	984	1011	0	4	0	0	
9650.000000	1005	973	1005	1052	987	1	0	1010	951	1	0	0	0	0	981	1019	0	4	0	0	
9660.000000	1016	991	1006	1045	989	1	0	1018	956	1	0	0	0	0	980	1015	0	4	0	0	
9670.000000	1009	1001	991	1033	994	3	0	1006	977	1	0	0	0	0	987	1019	0	4	0	0	
9680.000000	1025	1005	979	1022	979	3	0	977	977	1	0	0	0	0	972	1026	0	2	0	0	
9690.000000	1018	1008	985	1018	982	3	0	969	961	0	0	0	0	0	965	1036	0	1	0	0	
9700.000000	1022	1010	1002	1002	980	4	0	965	980	0	0	0	0	0	969	1038	0	1	0	0	
9710.000000	1028	997	987	996	964	3	0	955	987	0	0	0	0	0	991	1047	0	1	0	0	
9720.000000	1020	1002	976	997	934	3	0	945	1001	0	0	0	0	0	987	1038	0	1	0	0	
9730.000000	986	1004	994	995	919	3	0	955	988	0	0	0	0	0	955	1052	0	1	0	0	
9740.000000	984	994	1006	980	920	3	0	949	1013	0	0	0	0	0	952	1037	0	1	0	0	
9750.000000	997	975	1033	962	931	3	0	959	1004	0	0	0	0	0	936	1044	0	1	0	0	
9760.000000	1026	964	1024	958	942	3	0	954	985	0	0	0	0	0	949	1045	0	1	0	0	
9770.000000	1020	984	1003	953	947	5	0	943	1002	0	0	0	0	0	965	1057	0	1	0	0	
9780.000000	1017	995	1008	949	937	4	0	927	1011	0	0	0	0	0	980	1037	0	1	0	0	
9790.000000	1023	996	988	947	918	2	0	932	995	0	0	0	0	0	979	1035	0	2	0	0	
9800.000000	1011	987	974	966	922	3	0	927	995	0	0	0	0	0	984	1032	0	2	0	0	
9810.000000	999	1011	964	972	922	3	0	932	1006	0	0	0	0	0	985	1018	0	2	0	0	
9820.000000	1004	989	985	979	933	3	0	952	989	0	0	0	0	0	963	1016	0	2	0	0	
9830.000000	1005	968	983	998	940	3	0	961	999	0	0	0	0	0	968	998	0	2	0	0	
9840.000000	997	962	978	984	957	3	0	951	996	0	0	0	0	0	952	997	0	1	0	0	
9850.000000	997	942	982	987	962	2	0	942	993	0	0	0	0	0	941	1012	0	1	0	0	
9860.000000	1009	958	996	999	961	3	0	939	1009	0	0	0	0	0	954	1015	0	1	0	0	
9870.000000	991	934	995	1009	970	3	0	944	1010	0	0	0	0	0	968	1014	0	1	0	0	
9880.000000	979	921	998	997	977	2	0	949	1020	0	0	0	0	0	973	1009	0	2	0	0	
9890.000000	972	955	1019	985	993	2	0	950	1005	0	0	0	0	0	967	995	0	3	0	0	
9900.000000	967	975	1013	979	985	2	0	970	1003	1	0	0	0	0	967	1006	0	3	0	0	
9910.000000	983	973	1006	972	1002	2	0	960	996	1	0	0	0	0	978	1001	0	5	0	0	
9920.000000	1003	985	1002	982	1000	1	0	959	1005	3	0	0	0	0	980	1011	0	3	0	0	
9930.000000	996	1001	1009	961	984	1	0	980	1019	3	0	0	0	0	991	1024	0	3	0	0	
9940.000000	977	981	1019	960	991	1	0	982	1006	2	0	0	0	0	977	1005	0	3	0	0	
9950.000000	975	960	1028	980	989	1	0	995	1008	2	0	0	0	0	965	983	0	3	0	0	
9960.000000	976	954	993	982	1012	2	0	1012	991	3	0	0	0	0	973	995	0	3	0	0	
9970.000000	988	967	981	974	1030	2	0	998	979	3	0	0	0	0	970	981	0	3	0	0	
9980.000000	989	964	974	985	1032	1	0	979	985	4	0	0	0	0	967	996	0	3	0	0	
9990.000000	1004	982	992	980	1044	1	0	965	979	4	0	0	0	0	955	1011	0	2	0	0	
10000.000000	1002	971	994	1000	1040	1	0	958	973	4	0	0	0	0	951	1022	0	1	0	0	
